1545305719.667046309 -0.09931 0.12898 0.17538 0.93358 0.35657 0.02774 0.02265
1545305719.745819330 -0.18350 0.17980 0.13063 0.93133 0.36285 0.00834 -0.02990
1545305719.825318336 -0.22739 0.02366 0.12439 0.92826 0.36704 -0.01635 -0.05777
1545305719.945519447 -0.28184 -0.06865 0.14100 0.92693 0.36191 -0.06283 -0.07664
1545305720.025938511 -0.18851 -0.26131 0.14437 0.92610 0.35081 -0.10688 -0.08858
1545305720.106328487 -0.18722 -0.23086 0.09697 0.92812 0.33517 -0.12291 -0.10560
1545305720.226361513 -0.20713 -0.19725 0.08835 0.93106 0.29658 -0.13725 -0.16228
1545305720.305682421 -0.19633 -0.16679 0.09334 0.93350 0.26213 -0.13276 -0.20553
1545305720.423117399 -0.17825 -0.14873 0.12099 0.93437 0.21808 -0.11708 -0.25630
1545305720.500169516 -0.14535 -0.14197 0.13642 0.93692 0.19187 -0.10084 -0.27423
1545305720.614053488 -0.07826 -0.14893 0.14665 0.94208 0.17251 -0.06777 -0.27952
1545305720.689138412 -0.02994 -0.14909 0.15441 0.94883 0.16426 -0.05538 -0.26396
1545305720.801047325 0.02149 -0.18452 0.13855 0.96384 0.15210 -0.03852 -0.21541
1545305720.875495434 0.04873 -0.21451 0.12781 0.97227 0.14460 -0.04014 -0.17937
1545305720.987705469 0.06915 -0.26337 0.10389 0.97993 0.13135 -0.05344 -0.14010
1545305721.063270330 0.06769 -0.27436 0.09132 0.98273 0.12050 -0.06577 -0.12407
1545305721.178064346 0.05154 -0.28295 0.06796 0.98307 0.11637 -0.08752 -0.11127
1545305721.255508423 0.03104 -0.26606 0.06376 0.98118 0.11738 -0.10478 -0.11190
1545305721.372719526 -0.01155 -0.22753 0.06971 0.97606 0.11909 -0.13160 -0.12571
1545305721.451259375 -0.03539 -0.17042 0.09437 0.97077 0.11737 -0.15206 -0.14390
1545305721.569060326 -0.05626 -0.10601 0.11479 0.96617 0.11004 -0.15110 -0.17770
1545305721.647218466 -0.05959 -0.06313 0.12756 0.96204 0.10213 -0.14731 -0.20577
1545305721.724876404 -0.05589 -0.02435 0.13879 0.95826 0.09778 -0.13378 -0.23296
1545305721.840282440 -0.04199 0.02324 0.14879 0.94958 0.08994 -0.10828 -0.28016
1545305721.916465521 -0.02733 0.04772 0.14355 0.94350 0.09344 -0.08466 -0.30644
1545305722.029685497 -0.00650 0.07096 0.11204 0.93536 0.10262 -0.05498 -0.33399
1545305722.141875505 0.01098 0.07952 0.05455 0.93087 0.11136 -0.04023 -0.34562
1545305722.216277361 0.02184 0.08036 0.00563 0.92885 0.11777 -0.02792 -0.35011
1545305722.327534437 0.03144 0.07631 -0.07396 0.92459 0.12329 -0.01176 -0.36027
1545305722.401541471 0.03462 0.07354 -0.12664 0.92099 0.12363 -0.00949 -0.36932
1545305722.512307405 0.03810 0.07057 -0.19981 0.91833 0.12050 -0.00862 -0.37693
1545305722.585916519 0.04068 0.06960 -0.24121 0.91677 0.11923 -0.00893 -0.38110
1545305722.695740461 0.04200 0.06535 -0.29531 0.91556 0.11665 -0.01802 -0.38448
1545305722.804467440 0.04090 0.06401 -0.33328 0.91398 0.11971 -0.02076 -0.38713
1545305722.876133442 0.03958 0.06665 -0.35268 0.91350 0.12417 -0.02278 -0.38676
1545305722.982118368 0.03634 0.07064 -0.37453 0.91581 0.12890 -0.03128 -0.37907
1545305723.085915327 0.03469 0.07405 -0.38914 0.91799 0.13184 -0.03427 -0.37246
1545305723.153806448 0.03513 0.07494 -0.39285 0.91645 0.13381 -0.03153 -0.37578
1545305723.253871441 0.03556 0.07604 -0.39607 0.91473 0.13475 -0.03070 -0.37969
1545305723.352145433 0.03580 0.07591 -0.40166 0.91854 0.13071 -0.03662 -0.37130
1545305723.448864460 0.03551 0.07465 -0.40422 0.91878 0.12925 -0.03937 -0.37092
1545305723.544249296 0.03492 0.07280 -0.40454 0.91861 0.12869 -0.04026 -0.37145
1545305723.638582468 0.03505 0.07318 -0.40466 0.91822 0.13001 -0.04010 -0.37196
1545305723.732176304 0.03532 0.07390 -0.40528 0.91821 0.13140 -0.03971 -0.37155
1545305723.825250387 0.03491 0.07408 -0.40559 0.91848 0.13148 -0.03965 -0.37085
1545305723.917930365 0.03470 0.07375 -0.40598 0.91894 0.13059 -0.04000 -0.37001
1545305724.010305405 0.03491 0.07353 -0.40589 0.91819 0.13065 -0.04002 -0.37183
1545305724.133120298 0.03510 0.07326 -0.40594 0.91792 0.12939 -0.04023 -0.37292
1545305724.225064516 0.03554 0.07295 -0.40616 0.91797 0.12847 -0.04050 -0.37308
1545305724.316875458 0.03529 0.07285 -0.40624 0.91791 0.12828 -0.04116 -0.37321
1545305724.408580303 0.03541 0.07272 -0.40633 0.91793 0.12801 -0.04094 -0.37329
1545305724.500194311 0.03557 0.07272 -0.40643 0.91783 0.12826 -0.04083 -0.37346
1545305724.591722488 0.03513 0.07232 -0.40693 0.91828 0.12723 -0.04148 -0.37263
1545305724.683185339 0.03492 0.07230 -0.40696 0.91816 0.12786 -0.04119 -0.37274
1545305724.774558306 0.03471 0.07223 -0.40693 0.91808 0.12768 -0.04159 -0.37295
1545305724.896307468 0.03485 0.07221 -0.40698 0.91815 0.12763 -0.04145 -0.37281
1545305724.987606525 0.03476 0.07221 -0.40696 0.91814 0.12753 -0.04167 -0.37285
1545305725.078917503 0.03484 0.07220 -0.40698 0.91822 0.12746 -0.04168 -0.37268
1545305725.170272350 0.03495 0.07221 -0.40699 0.91816 0.12768 -0.04144 -0.37277
1545305725.261684418 0.03498 0.07221 -0.40702 0.91817 0.12772 -0.04135 -0.37276
1545305725.353121519 0.03494 0.07220 -0.40705 0.91819 0.12765 -0.04140 -0.37272
1545305725.444497347 0.03489 0.07218 -0.40706 0.91817 0.12759 -0.04150 -0.37278
1545305725.535744429 0.03488 0.07217 -0.40707 0.91815 0.12753 -0.04157 -0.37284
1545305725.657150507 0.03486 0.07220 -0.40707 0.91817 0.12754 -0.04151 -0.37280
1545305725.748060465 0.03487 0.07220 -0.40707 0.91817 0.12761 -0.04151 -0.37278
1545305725.838881493 0.03489 0.07221 -0.40707 0.91816 0.12760 -0.04150 -0.37280
1545305725.929640532 0.03490 0.07223 -0.40705 0.91816 0.12765 -0.04146 -0.37278
1545305726.020356417 0.03487 0.07223 -0.40705 0.91817 0.12768 -0.04146 -0.37276
1545305726.111050367 0.03484 0.07225 -0.40705 0.91818 0.12761 -0.04151 -0.37275
1545305726.201729298 0.03482 0.07226 -0.40705 0.91818 0.12756 -0.04153 -0.37275
1545305726.322604418 0.03486 0.07225 -0.40708 0.91817 0.12760 -0.04153 -0.37278
1545305726.413250446 0.03485 0.07224 -0.40706 0.91818 0.12759 -0.04152 -0.37274
1545305726.503890514 0.03487 0.07220 -0.40707 0.91820 0.12748 -0.04154 -0.37274
1545305726.594528437 0.03487 0.07223 -0.40702 0.91812 0.12771 -0.04138 -0.37288
1545305726.685150385 0.03486 0.07226 -0.40701 0.91823 0.12762 -0.04148 -0.37262
1545305726.775763512 0.03486 0.07225 -0.40701 0.91813 0.12777 -0.04145 -0.37283
1545305726.896572351 0.03490 0.07225 -0.40702 0.91817 0.12758 -0.04156 -0.37276
1545305726.987184525 0.03485 0.07225 -0.40705 0.91812 0.12769 -0.04150 -0.37286
1545305727.077791452 0.03485 0.07224 -0.40708 0.91810 0.12766 -0.04139 -0.37295
1545305727.168395519 0.03486 0.07226 -0.40709 0.91816 0.12754 -0.04132 -0.37285
1545305727.258990526 0.03487 0.07228 -0.40708 0.91814 0.12765 -0.04152 -0.37283
1545305727.349576473 0.03494 0.07228 -0.40707 0.91815 0.12769 -0.04139 -0.37279
1545305727.440155506 0.03494 0.07225 -0.40712 0.91812 0.12768 -0.04141 -0.37287
1545305727.560903311 0.03497 0.07224 -0.40711 0.91812 0.12774 -0.04141 -0.37287
1545305727.651455402 0.03494 0.07224 -0.40711 0.91810 0.12775 -0.04135 -0.37291
1545305727.742011309 0.03490 0.07223 -0.40713 0.91803 0.12771 -0.04143 -0.37310
1545305727.832553387 0.03490 0.07226 -0.40718 0.91810 0.12757 -0.04148 -0.37297
1545305727.923095465 0.03488 0.07230 -0.40718 0.91798 0.12776 -0.04133 -0.37320
1545305728.013630390 0.03490 0.07230 -0.40726 0.91818 0.12738 -0.04156 -0.37281
1545305728.134332418 0.03497 0.07228 -0.40721 0.91812 0.12760 -0.04155 -0.37290
1545305728.224845409 0.03494 0.07227 -0.40721 0.91808 0.12758 -0.04142 -0.37300
1545305728.315357447 0.03496 0.07229 -0.40720 0.91805 0.12772 -0.04141 -0.37303
1545305728.405865431 0.03492 0.07228 -0.40720 0.91809 0.12771 -0.04135 -0.37294
1545305728.496377468 0.03499 0.07230 -0.40718 0.91808 0.12786 -0.04134 -0.37291
1545305728.586894512 0.03493 0.07231 -0.40710 0.91788 0.12807 -0.04094 -0.37338
1545305728.677422523 0.03494 0.07235 -0.40709 0.91798 0.12805 -0.04104 -0.37313
1545305728.798154354 0.03500 0.07229 -0.40711 0.91788 0.12815 -0.04097 -0.37335
1545305728.888707399 0.03503 0.07234 -0.40708 0.91788 0.12818 -0.04098 -0.37335
1545305728.979260445 0.03502 0.07238 -0.40700 0.91776 0.12840 -0.04080 -0.37358
1545305729.069833517 0.03498 0.07239 -0.40698 0.91777 0.12846 -0.04074 -0.37355
1545305729.160422325 0.03496 0.07240 -0.40697 0.91777 0.12848 -0.04077 -0.37353
1545305729.251019478 0.03499 0.07247 -0.40693 0.91771 0.12863 -0.04071 -0.37365
1545305729.371833324 0.03494 0.07254 -0.40683 0.91755 0.12901 -0.04056 -0.37390
1545305729.462468386 0.03495 0.07258 -0.40679 0.91738 0.12936 -0.04063 -0.37421
1545305729.553120375 0.03489 0.07273 -0.40681 0.91757 0.12916 -0.04048 -0.37381
1545305729.643783331 0.03496 0.07289 -0.40673 0.91734 0.12920 -0.04028 -0.37440
1545305729.734474421 0.03518 0.07284 -0.40627 0.91713 0.12930 -0.03969 -0.37494
1545305729.825208426 0.03514 0.07330 -0.40531 0.91691 0.12900 -0.03895 -0.37566
1545305729.916021347 0.03474 0.07502 -0.40434 0.91654 0.12668 -0.03989 -0.37724
1545305730.037338495 0.03535 0.07893 -0.40482 0.91739 0.12350 -0.03733 -0.37650
1545305730.128480434 0.03594 0.08309 -0.40303 0.91644 0.11856 -0.03684 -0.38043
1545305730.219704390 0.03725 0.08772 -0.39957 0.91408 0.11322 -0.03660 -0.38768
1545305730.311096430 0.03899 0.09179 -0.39511 0.91352 0.11084 -0.03469 -0.38987
1545305730.402902365 0.04037 0.09615 -0.38502 0.91338 0.10859 -0.03517 -0.39078
1545305730.495567322 0.04258 0.10061 -0.36808 0.91182 0.10731 -0.03396 -0.39485
1545305730.589642525 0.04606 0.10292 -0.35086 0.91642 0.10710 -0.03084 -0.38440
1545305730.685412407 0.04935 0.10452 -0.33326 0.92362 0.10630 -0.02968 -0.36708
1545305730.782976389 0.05220 0.10993 -0.31456 0.92731 0.10598 -0.02858 -0.35784
1545305730.882304430 0.05481 0.11906 -0.30646 0.93480 0.10528 -0.02622 -0.33820
1545305730.983362436 0.05573 0.13703 -0.30769 0.93833 0.10486 -0.02467 -0.32854
1545305731.086046457 0.05405 0.16558 -0.31649 0.94098 0.10350 -0.02426 -0.32133
1545305731.155315399 0.05126 0.19090 -0.32801 0.94505 0.10380 -0.02219 -0.30920
1545305731.260445356 0.04196 0.24334 -0.34509 0.94765 0.11105 -0.02329 -0.29847
1545305731.367540359 0.02571 0.31950 -0.34251 0.94480 0.12054 -0.02722 -0.30346
1545305731.440600395 0.00943 0.38741 -0.30216 0.94232 0.12525 -0.02880 -0.30905
1545305731.552364349 -0.02313 0.51704 -0.14271 0.94235 0.13173 -0.02934 -0.30622
1545305731.665195465 -0.06407 0.67371 0.10042 0.94444 0.13225 -0.03209 -0.29918
1545305731.740224361 -0.09326 0.78541 0.26294 0.95168 0.12699 -0.03900 -0.27687
1545305731.851783514 -0.13849 0.96568 0.47265 0.95912 0.12074 -0.04936 -0.25114
1545305731.925365448 -0.16651 1.09630 0.58632 0.96139 0.11965 -0.04878 -0.24297
1545305732.034488440 -0.20743 1.30791 0.71455 0.96640 0.11956 -0.04419 -0.22321
1545305732.106468439 -0.23541 1.45847 0.77219 0.97164 0.11881 -0.04105 -0.20028
1545305732.213670492 -0.27627 1.70277 0.81814 0.97911 0.12099 -0.03318 -0.16003
1545305732.320464373 -0.32314 1.97831 0.82341 0.98171 0.13751 -0.03031 -0.12813
1545305732.391618490 -0.35902 2.18796 0.81226 0.98006 0.15042 -0.02993 -0.12632
1545305732.498224497 -0.42536 2.53780 0.77711 0.97406 0.17925 -0.01817 -0.13691
1545305732.604311466 -0.51060 2.92719 0.71981 0.96779 0.20758 -0.01576 -0.14159
1545305732.709372520 -0.61416 3.34908 0.64644 0.95564 0.24833 -0.01140 -0.15799
1545305732.778569460 -0.69595 3.64714 0.59006 0.94202 0.28406 0.00119 -0.17861
1545305732.880749464 -0.84161 4.10177 0.49523 0.92058 0.33558 0.00566 -0.19973
1545305732.981297493 -1.01986 4.55445 0.39685 0.89239 0.39504 -0.00509 -0.21809
1545305733.080730438 -1.23914 5.00399 0.30858 0.85088 0.46653 -0.02050 -0.24069
1545305733.178745508 -1.49094 5.43960 0.24354 0.79765 0.54226 -0.04103 -0.26080
1545305733.274082422 -1.77294 5.84357 0.20429 0.73511 0.61534 -0.05254 -0.27965
1545305733.366607428 -2.07131 6.20925 0.18348 0.66333 0.68310 -0.05562 -0.30045
1545305733.456909418 -2.38540 6.52150 0.17713 0.58728 0.74049 -0.05606 -0.32192
1545305733.545376301 -2.70395 6.78355 0.17749 0.51644 0.78546 -0.05751 -0.33621
1545305733.632146358 -3.01963 6.98848 0.17944 0.46454 0.81861 -0.06116 -0.33219
1545305733.745748520 -3.42981 7.17192 0.18128 0.43496 0.84918 -0.07784 -0.28921
1545305733.830177307 -3.74076 7.24809 0.18836 0.41529 0.86766 -0.09864 -0.25488
1545305733.942264318 -4.15749 7.27038 0.20749 0.39331 0.88641 -0.12103 -0.21199
1545305734.025910378 -4.47245 7.24185 0.23196 0.37203 0.89850 -0.14125 -0.18528
1545305734.109002352 -4.78597 7.14307 0.27107 0.34770 0.90898 -0.15552 -0.16936
1545305734.218641520 -5.19630 6.95657 0.33278 0.32387 0.91954 -0.15813 -0.15668
1545305734.300181389 -5.49534 6.79183 0.38571 0.31206 0.92418 -0.15932 -0.15208
1545305734.408447504 -5.87016 6.52020 0.45747 0.30755 0.92541 -0.15844 -0.15471
1545305734.489637375 -6.16413 6.29538 0.51029 0.30899 0.92526 -0.15605 -0.15513
1545305734.598591328 -6.56934 5.97460 0.57906 0.31116 0.92466 -0.15368 -0.15672
1545305734.681209326 -6.88285 5.70932 0.61982 0.31525 0.92518 -0.14398 -0.15470
1545305734.792513371 -7.30367 5.31779 0.66054 0.32292 0.92492 -0.13616 -0.14731
1545305734.876411438 -7.63459 4.99501 0.67663 0.33883 0.92172 -0.13908 -0.12762
1545305734.988256454 -8.08459 4.53407 0.68501 0.35258 0.91673 -0.15240 -0.10989
1545305735.071939468 -8.43141 4.16590 0.67859 0.37001 0.90995 -0.16628 -0.08621
1545305735.155560493 -8.77949 3.78518 0.66017 0.39184 0.90001 -0.18137 -0.05962
1545305735.267426491 -9.28076 3.26642 0.60841 0.42646 0.88149 -0.19963 -0.03556
1545305735.351892471 -9.67772 2.86900 0.55153 0.45829 0.86165 -0.21725 -0.01840
1545305735.465747356 -10.24311 2.33811 0.45560 0.49438 0.83192 -0.25140 -0.01709
1545305735.552355528 -10.70326 1.93852 0.37112 0.49962 0.81950 -0.27750 -0.04241
1545305735.639948368 -11.17297 1.55134 0.28599 0.49418 0.81958 -0.28206 -0.06721
1545305735.728687525 -11.65790 1.17160 0.20801 0.48459 0.82142 -0.28526 -0.09524
1545305735.849095345 -12.33198 0.66662 0.11564 0.47271 0.82087 -0.29462 -0.12612
1545305735.941022396 -12.86145 0.27815 0.05895 0.46070 0.82074 -0.30227 -0.15092
1545305736.032815456 -13.38016 -0.09612 0.02155 0.44184 0.82515 -0.31073 -0.16538
1545305736.123359442 -13.88633 -0.46280 -0.00161 0.41787 0.83520 -0.31626 -0.16674
1545305736.212532520 -14.37801 -0.82206 -0.00803 0.38647 0.84651 -0.32284 -0.17271
1545305736.301115513 -14.85714 -1.17932 0.00891 0.34517 0.85718 -0.33754 -0.17934
1545305736.416875362 -15.46200 -1.65490 0.06929 0.27972 0.86907 -0.36246 -0.18736
1545305736.502211332 -15.87878 -2.00084 0.14220 0.22152 0.87834 -0.37356 -0.19973
1545305736.586873531 -16.26389 -2.34203 0.23446 0.16364 0.88679 -0.38135 -0.20345
1545305736.700052500 -16.73082 -2.78754 0.38644 0.08709 0.89122 -0.38994 -0.21467
1545305736.785939455 -17.05601 -3.11448 0.51325 0.03507 0.89147 -0.38991 -0.22810
1545305736.872853518 -17.35682 -3.41369 0.64828 -0.00342 0.89467 -0.38573 -0.22529
1545305736.990567446 -17.66753 -3.80656 0.84403 -0.03940 0.90247 -0.37974 -0.19949
1545305737.080483437 -17.85579 -4.11479 0.98481 -0.06057 0.91074 -0.37170 -0.16948
1545305737.172065496 -17.99549 -4.40579 1.11773 -0.08300 0.92351 -0.35249 -0.12648
1545305737.265453339 -18.15877 -4.72851 1.23896 -0.12684 0.92021 -0.34757 -0.12776
1545305737.360852480 -18.26382 -5.03598 1.35176 -0.18719 0.90031 -0.34837 -0.18175
1545305737.458443403 -18.33959 -5.36003 1.43504 -0.24456 0.87694 -0.34622 -0.22649
1545305737.558166504 -18.35728 -5.66547 1.48242 -0.30031 0.85614 -0.34179 -0.24500
1545305737.660059452 -18.31818 -5.96163 1.48909 -0.35099 0.84755 -0.32459 -0.23045
1545305737.729246378 -18.24425 -6.14137 1.47241 -0.37196 0.85961 -0.30200 -0.17751
1545305737.835096359 -18.07561 -6.40452 1.45106 -0.39063 0.88138 -0.26063 -0.05155
1545305737.943747520 -17.85619 -6.67467 1.43728 -0.42137 0.87446 -0.23522 0.04929
1545305738.017786503 -17.68179 -6.85208 1.41613 -0.46071 0.85199 -0.23251 0.08825
1545305738.131333351 -17.41233 -7.14818 1.37022 -0.53837 0.79924 -0.24329 0.11040
1545305738.208675385 -17.21503 -7.34390 1.32989 -0.59337 0.75462 -0.25764 0.10990
1545305738.326696396 -16.89148 -7.62461 1.25588 -0.67350 0.68003 -0.27036 0.10419
1545305738.406354427 -16.66074 -7.79538 1.20155 0.71674 -0.63562 0.26785 -0.10257
1545305738.486606359 -16.42085 -7.95300 1.14393 0.75057 -0.59626 0.26713 -0.09882
1545305738.607940435 -16.03937 -8.14732 1.05047 0.78937 -0.54358 0.26926 -0.09439
1545305738.689382315 -15.76826 -8.24116 0.98603 0.80787 -0.51441 0.26880 -0.10236
1545305738.812274456 -15.34806 -8.32279 0.89493 0.83133 -0.46590 0.28201 -0.11094
1545305738.894627333 -15.06647 -8.33563 0.83521 0.84374 -0.43873 0.28776 -0.11320
1545305738.977295399 -14.78171 -8.31455 0.77281 0.85235 -0.42806 0.27543 -0.12003
1545305739.060280323 -14.49439 -8.26681 0.70261 0.85210 -0.43619 0.25596 -0.13474
1545305739.185384512 -14.05838 -8.15099 0.57390 0.84235 -0.46346 0.22031 -0.16467
1545305739.269208431 -13.77020 -8.04331 0.47416 0.82541 -0.49645 0.18675 -0.19328
1545305739.353238344 -13.46024 -7.93668 0.36173 0.80581 -0.52847 0.15474 -0.21781
1545305739.479498386 -12.98022 -7.76433 0.18907 0.78679 -0.55447 0.12635 -0.23992
1545305739.563799381 -12.64064 -7.65182 0.08265 0.78726 -0.55372 0.13017 -0.23806
1545305739.648329496 -12.29653 -7.52666 -0.00371 0.80061 -0.53475 0.16501 -0.21411
1545305739.733296394 -11.92815 -7.39525 -0.06886 0.81307 -0.51141 0.20661 -0.18623
1545305739.861815453 -11.35439 -7.16117 -0.12091 0.81704 -0.50064 0.22796 -0.17273
1545305739.947913408 -10.96524 -6.97082 -0.12329 0.81492 -0.50425 0.22416 -0.17716
1545305740.033998489 -10.57189 -6.75451 -0.09920 0.81255 -0.50871 0.21804 -0.18288
1545305740.119830370 -10.17954 -6.52082 -0.06542 0.80964 -0.51529 0.20229 -0.19504
1545305740.206001520 -9.76765 -6.27227 -0.04130 0.80882 -0.51969 0.16957 -0.21673
1545305740.336717367 -9.13618 -5.88921 -0.01684 0.81163 -0.51293 0.11593 -0.25440
1545305740.424423456 -8.70461 -5.63190 -0.00300 0.82017 -0.49588 0.10439 -0.26557
1545305740.512130499 -8.25524 -5.38085 0.01625 0.83198 -0.47380 0.10943 -0.26711
1545305740.599836349 -7.79820 -5.13520 0.05390 0.84585 -0.44688 0.12080 -0.26502
1545305740.687542439 -7.33120 -4.88519 0.10568 0.86003 -0.41799 0.13806 -0.25803
1545305740.775138378 -6.86702 -4.62117 0.16460 0.87425 -0.38684 0.15503 -0.24901
1545305740.905471325 -6.17646 -4.21216 0.25484 0.89376 -0.34156 0.15205 -0.24783
1545305740.991611481 -5.73395 -3.91745 0.31795 0.90557 -0.30794 0.13149 -0.26042
1545305741.077357531 -5.29380 -3.61514 0.37595 0.91709 -0.26849 0.11588 -0.27099
1545305741.162451506 -4.85136 -3.31679 0.42450 0.92954 -0.22513 0.11382 -0.26892
1545305741.287822485 -4.21804 -2.85713 0.47957 0.94047 -0.17654 0.10878 -0.26930
1545305741.369448423 -3.81283 -2.55283 0.50435 0.94302 -0.16146 0.09765 -0.27407
1545305741.449549437 -3.40708 -2.25496 0.51922 0.94379 -0.14619 0.09501 -0.28083
1545305741.567800522 -2.83701 -1.79152 0.52696 0.94486 -0.11902 0.10040 -0.28809
1545305741.645731449 -2.48351 -1.47682 0.52497 0.94503 -0.10145 0.10035 -0.29420
1545305741.761302471 -1.97740 -0.98804 0.51015 0.94197 -0.05189 0.11052 -0.31271
1545305741.837374449 -1.64424 -0.65834 0.48871 0.93954 -0.01828 0.11293 -0.32278
1545305741.950036526 -1.20240 -0.17493 0.44356 0.93656 0.03638 0.10818 -0.33141
1545305742.024037361 -0.93405 0.13884 0.40909 0.93351 0.07372 0.10603 -0.33450
1545305742.133359432 -0.57213 0.61137 0.35424 0.92915 0.12202 0.10180 -0.33381
1545305742.205362320 -0.36205 0.91821 0.31575 0.92823 0.14695 0.09238 -0.32904
1545305742.312244415 -0.09783 1.37259 0.25898 0.92736 0.18232 0.06444 -0.32032
1545305742.417733431 0.12463 1.82856 0.20259 0.92538 0.21717 0.03313 -0.30889
1545305742.487426519 0.26034 2.13695 0.16848 0.92025 0.24706 0.02275 -0.30264
1545305742.591299295 0.37666 2.55895 0.13340 0.90246 0.30161 0.01560 -0.30718
1545305742.694420338 0.49477 2.99061 0.09850 0.88013 0.35762 0.00404 -0.31221
1545305742.796733379 0.57481 3.40602 0.07201 0.85898 0.40720 -0.01151 -0.31017
1545305742.898120403 0.58141 3.78138 0.05944 0.84203 0.44884 -0.03476 -0.29720
1545305742.965025425 0.57768 4.03115 0.05656 0.82640 0.47860 -0.04801 -0.29274
1545305743.064281464 0.55755 4.39265 0.06313 0.79764 0.52420 -0.05982 -0.29223
1545305743.162419319 0.49924 4.72395 0.07819 0.77432 0.56334 -0.07395 -0.27858
1545305743.259826422 0.35323 4.96919 0.11618 0.75175 0.59717 -0.09308 -0.26379
1545305743.356794357 0.16717 5.17745 0.17177 0.72795 0.62906 -0.10945 -0.24978
1545305743.453429461 0.00037 5.42908 0.23013 0.69995 0.66154 -0.12057 -0.24064
1545305743.549669504 -0.18830 5.64686 0.29429 0.66676 0.69572 -0.12801 -0.23453
1545305743.645094395 -0.39865 5.84090 0.36060 0.62808 0.72890 -0.13157 -0.23857
1545305743.739186525 -0.61898 6.02777 0.42275 0.58830 0.75786 -0.12882 -0.25093
1545305743.831733465 -0.84350 6.18471 0.48076 0.55771 0.78055 -0.12395 -0.25367
1545305743.922909498 -1.08385 6.31107 0.53043 0.53089 0.79948 -0.11932 -0.25446
1545305744.012973309 -1.33068 6.40358 0.57516 0.51343 0.81354 -0.12641 -0.24200
1545305744.131545305 -1.66747 6.47664 0.62959 0.48936 0.83282 -0.13978 -0.21771
1545305744.219586372 -1.92768 6.49746 0.66201 0.47090 0.84561 -0.14654 -0.20428
1545305744.307067394 -2.19792 6.49510 0.68794 0.45869 0.85432 -0.15406 -0.18974
1545305744.394045353 -2.47747 6.47066 0.70734 0.45279 0.85874 -0.16277 -0.17624
1545305744.509349346 -2.85789 6.40171 0.72327 0.44793 0.86117 -0.16681 -0.17296
1545305744.595590353 -3.15536 6.32522 0.72159 0.44816 0.86075 -0.16696 -0.17430
1545305744.681942463 -3.46010 6.23106 0.71138 0.44759 0.86067 -0.16579 -0.17727
1545305744.797525406 -3.88063 6.07464 0.68461 0.44362 0.86148 -0.16284 -0.18582
1545305744.884563446 -4.21029 5.93510 0.65440 0.44441 0.86059 -0.16595 -0.18531
1545305744.971815348 -4.54640 5.77688 0.61817 0.44085 0.86005 -0.17585 -0.18719
1545305745.059427500 -4.89048 5.59852 0.57792 0.43719 0.86001 -0.18735 -0.18477
1545305745.176990509 -5.35957 5.32938 0.52040 0.43800 0.86033 -0.20224 -0.16457
1545305745.265715361 -5.72365 5.10760 0.47413 0.43921 0.86000 -0.21365 -0.14780
1545305745.354897499 -6.09111 4.87169 0.42393 0.44167 0.85854 -0.22403 -0.13285
1545305745.444354296 -6.46902 4.62912 0.37138 0.44007 0.85787 -0.23248 -0.12789
1545305745.562956333 -6.98613 4.29623 0.30019 0.44111 0.85374 -0.24851 -0.12164
1545305745.650704384 -7.37846 4.04174 0.24459 0.44647 0.84768 -0.26466 -0.10985
1545305745.737614393 -7.78549 3.79450 0.18420 0.44476 0.84415 -0.27734 -0.11259
1545305745.823883295 -8.18936 3.54905 0.12095 0.44071 0.84203 -0.28725 -0.11938
1545305745.938322306 -8.73421 3.21796 0.03799 0.43793 0.83841 -0.29928 -0.12539
1545305746.024150372 -9.15414 2.97522 -0.01433 0.43584 0.83525 -0.30861 -0.13102
1545305746.110142469 -9.56666 2.72820 -0.05632 0.43442 0.83316 -0.31426 -0.13550
1545305746.225483418 -10.12396 2.40378 -0.09816 0.43442 0.83007 -0.32149 -0.13752
1545305746.312625408 -10.54343 2.16565 -0.11685 0.43375 0.82777 -0.32712 -0.14016
1545305746.400366306 -10.96599 1.92781 -0.12970 0.43332 0.82754 -0.32754 -0.14183
1545305746.488556385 -11.39121 1.69972 -0.13748 0.43231 0.82798 -0.32816 -0.14094
1545305746.607237339 -11.95251 1.39793 -0.13762 0.43251 0.82640 -0.33527 -0.13263
1545305746.697892427 -12.38754 1.17115 -0.12471 0.43220 0.82360 -0.34476 -0.12659
1545305746.789809465 -12.82645 0.94899 -0.09914 0.42458 0.82507 -0.35070 -0.12652
1545305746.881587505 -13.26355 0.73293 -0.06638 0.40903 0.83269 -0.35073 -0.12770
1545305746.972197294 -13.69694 0.53299 -0.02584 0.38468 0.84259 -0.34983 -0.14026
1545305747.061050415 -14.11095 0.33855 0.02238 0.35668 0.85211 -0.35037 -0.15471
1545305747.177238464 -14.64012 0.08550 0.09346 0.31678 0.86439 -0.35200 -0.16902
1545305747.263149500 -15.01263 -0.10446 0.15102 0.28147 0.87252 -0.35338 -0.18604
1545305747.348084450 -15.36870 -0.29294 0.20835 0.24036 0.88010 -0.35433 -0.20520
1545305747.459520340 -15.80297 -0.54380 0.28393 0.18381 0.88929 -0.35491 -0.22229
1545305747.541983366 -16.10036 -0.71715 0.33670 0.14032 0.89964 -0.35111 -0.21835
1545305747.650979519 -16.45863 -0.95830 0.40334 0.08700 0.91367 -0.34816 -0.19085
1545305747.732461452 -16.70623 -1.15950 0.44889 0.04763 0.92217 -0.34593 -0.16633
1545305747.841255426 -16.98944 -1.43477 0.50532 0.01143 0.92971 -0.34374 -0.13170
1545305747.923287392 -17.17814 -1.63731 0.54852 -0.01310 0.93230 -0.33997 -0.12270
1545305748.033529520 -17.39723 -1.90997 0.60298 -0.03187 0.93860 -0.32407 -0.11401
1545305748.116866350 -17.52840 -2.11645 0.64183 -0.04220 0.94289 -0.31238 -0.10771
1545305748.200908422 -17.63533 -2.32905 0.67807 -0.05211 0.94651 -0.30109 -0.10369
1545305748.314010382 -17.74201 -2.62385 0.73410 -0.06346 0.94880 -0.29413 -0.09615
1545305748.399718523 -17.77842 -2.85706 0.78272 -0.06982 0.94845 -0.29653 -0.08740
1545305748.486341476 -17.81216 -3.10933 0.83429 -0.07383 0.94986 -0.29671 -0.06536
1545305748.603599310 -17.85470 -3.46743 0.91156 -0.07730 0.95129 -0.29689 -0.03040
1545305748.693086386 -17.87677 -3.74669 0.97035 -0.07756 0.95241 -0.29476 -0.00322
1545305748.784093380 -17.89623 -4.04905 1.02978 -0.07433 0.95375 -0.29008 0.02619
1545305748.876729488 -17.91228 -4.36645 1.09245 -0.08398 0.95229 -0.29153 0.03306
1545305748.971134424 -17.92786 -4.70219 1.15340 -0.10912 0.94944 -0.29316 0.02688
1545305749.067536354 -17.93882 -5.05801 1.21162 -0.15007 0.94357 -0.29499 0.01185
1545305749.166213512 -17.94082 -5.43382 1.27245 -0.19822 0.93370 -0.29791 -0.01315
1545305749.267474413 -17.91951 -5.82494 1.33636 -0.25460 0.91835 -0.30057 -0.03835
1545305749.371711493 -17.86086 -6.22733 1.40022 -0.31314 0.90009 -0.29819 -0.05344
1545305749.442987442 -17.79398 -6.49729 1.43982 -0.35365 0.88649 -0.29354 -0.05381
1545305749.552641392 -17.65506 -6.90573 1.49354 -0.42236 0.85605 -0.29504 -0.04187
1545305749.665795326 -17.46410 -7.31432 1.53808 -0.49792 0.81401 -0.29879 -0.01397
1545305749.743269444 -17.30681 -7.57348 1.56158 -0.54963 0.78133 -0.29553 0.00963
1545305749.822324514 -17.12535 -7.80928 1.58103 -0.60512 0.74077 -0.28955 0.03551
1545305749.943549395 -16.81980 -8.14846 1.59654 0.69081 -0.66428 0.27850 -0.06289
1545305750.025797367 -16.59763 -8.34738 1.59207 0.74225 -0.60963 0.26782 -0.07539
1545305750.108848333 -16.36265 -8.52654 1.57281 0.78475 -0.55805 0.25602 -0.08484
1545305750.234412432 -15.99078 -8.76025 1.52095 0.82601 -0.49948 0.24536 -0.08951
1545305750.318562508 -15.72598 -8.87986 1.47407 0.84269 -0.47161 0.24339 -0.09061
1545305750.402961493 -15.45194 -8.96847 1.41841 0.85380 -0.45419 0.23556 -0.09621
1545305750.487572432 -15.17203 -9.01608 1.35403 0.86218 -0.43930 0.23008 -0.10357
1545305750.614730358 -14.74073 -9.03224 1.24834 0.87182 -0.41708 0.22998 -0.11441
1545305750.699669361 -14.44925 -9.00093 1.16771 0.87596 -0.41045 0.22225 -0.12179
1545305750.784838438 -14.15833 -8.93142 1.08135 0.87475 -0.41990 0.19951 -0.13673
1545305750.870362520 -13.85692 -8.84034 0.99201 0.86948 -0.43495 0.17370 -0.15699
1545305750.999501467 -13.38182 -8.66963 0.85550 0.86264 -0.44808 0.14655 -0.18331
1545305751.086223364 -13.05018 -8.53320 0.76566 0.85812 -0.45586 0.12670 -0.19941
1545305751.173424482 -12.70880 -8.37430 0.68302 0.85836 -0.44845 0.13050 -0.21235
1545305751.261032343 -12.35439 -8.20428 0.60676 0.86010 -0.43529 0.14400 -0.22362
1545305751.348738432 -11.98600 -8.02405 0.53328 0.86268 -0.41888 0.16168 -0.23278
1545305751.480298519 -11.42853 -7.73136 0.42929 0.86329 -0.38999 0.19515 -0.25408
1545305751.568004370 -11.06198 -7.51830 0.36328 0.86300 -0.37227 0.21367 -0.26643
1545305751.655674458 -10.70434 -7.29393 0.29575 0.86334 -0.36720 0.21507 -0.27121
1545305751.743199348 -10.35988 -7.05851 0.23231 0.86139 -0.37357 0.19643 -0.28261
1545305751.830725431 -10.02726 -6.81438 0.17514 0.85552 -0.39035 0.15801 -0.30123
1545305751.918417454 -9.68802 -6.56790 0.12392 0.85016 -0.40150 0.12919 -0.31517
1545305752.049976349 -9.17647 -6.20178 0.06077 0.84602 -0.40769 0.11219 -0.32474
1545305752.137683392 -8.83122 -5.96466 0.02736 0.84806 -0.40539 0.11601 -0.32092
1545305752.225389481 -8.48510 -5.73274 -0.00350 0.85334 -0.40042 0.12476 -0.30971
1545305752.313095331 -8.13660 -5.49960 -0.03383 0.86030 -0.39700 0.12956 -0.29240
1545305752.400802374 -7.79125 -5.26102 -0.06304 0.86600 -0.39597 0.12763 -0.27743
1545305752.488508463 -7.43802 -5.01758 -0.08364 0.86693 -0.39158 0.12864 -0.28027
1545305752.620068312 -6.90541 -4.63848 -0.10024 0.87342 -0.37774 0.13181 -0.27761
1545305752.707581520 -6.54904 -4.38013 -0.09851 0.88136 -0.36158 0.13429 -0.27281
1545305752.794664383 -6.19162 -4.11185 -0.08497 0.88923 -0.33559 0.15333 -0.27043
1545305752.880918503 -5.84363 -3.83618 -0.06200 0.89669 -0.31367 0.16188 -0.26710
1545305752.966893435 -5.50582 -3.54789 -0.03064 0.90388 -0.29508 0.15225 -0.26971
1545305753.095740318 -5.00948 -3.09474 0.02972 0.91534 -0.26210 0.13395 -0.27481
1545305753.180787325 -4.69166 -2.78035 0.07470 0.92376 -0.23560 0.12010 -0.27702
1545305753.264117479 -4.38494 -2.46381 0.12173 0.93112 -0.20988 0.10830 -0.27791
1545305753.345359325 -4.07097 -2.15376 0.16830 0.93704 -0.18657 0.10318 -0.27658
1545305753.465030432 -3.62387 -1.67897 0.23619 0.94413 -0.15574 0.10223 -0.27186
1545305753.543805361 -3.34500 -1.35012 0.28143 0.94677 -0.13477 0.11100 -0.27044
1545305753.660262346 -2.95403 -0.84467 0.34624 0.95027 -0.10462 0.12001 -0.26767
1545305753.736766338 -2.71294 -0.50029 0.38777 0.95269 -0.08268 0.12153 -0.26603
1545305753.850469351 -2.36370 0.03231 0.44505 0.95471 -0.04401 0.12018 -0.26859
1545305753.925447464 -2.15110 0.39652 0.48141 0.95432 -0.01249 0.11829 -0.27409
1545305754.035974503 -1.85876 0.95287 0.53040 0.95206 0.04445 0.11396 -0.28037
1545305754.108294487 -1.70239 1.31655 0.56282 0.94876 0.08597 0.11512 -0.28143
1545305754.214884520 -1.48866 1.87050 0.60190 0.93815 0.15254 0.11806 -0.28751
1545305754.319267511 -1.34994 2.40701 0.63571 0.92068 0.22193 0.12239 -0.29685
1545305754.421449423 -1.25159 2.93606 0.65658 0.89904 0.29063 0.12071 -0.30447
1545305754.488423347 -1.20148 3.28837 0.66588 0.88208 0.33522 0.11739 -0.30951
1545305754.587324381 -1.18237 3.77903 0.66862 0.85153 0.40072 0.11248 -0.31886
1545305754.684761524 -1.21857 4.23264 0.65975 0.81757 0.46252 0.10341 -0.32705
1545305754.781147480 -1.30647 4.64524 0.63918 0.77926 0.52180 0.09157 -0.33480
1545305754.876633406 -1.44581 5.00948 0.60658 0.73832 0.57696 0.07965 -0.34008
1545305754.970827341 -1.62941 5.31796 0.55834 0.69563 0.62810 0.06823 -0.34196
1545305755.063227415 -1.85118 5.56010 0.49583 0.65198 0.67450 0.05397 -0.34213
1545305755.153856516 -2.08617 5.75829 0.42556 0.61289 0.71470 0.02880 -0.33579
1545305755.272520304 -2.41449 5.96039 0.32935 0.56090 0.76101 -0.02649 -0.32489
1545305755.360564470 -2.67379 6.04712 0.25613 0.52675 0.79035 -0.07513 -0.30371
1545305755.448148489 -2.93643 6.08196 0.18549 0.50544 0.81232 -0.12718 -0.26170
1545305755.535466433 -3.20184 6.07703 0.12483 0.47714 0.83017 -0.17178 -0.23162
1545305755.652145386 -3.56363 6.04811 0.06254 0.43705 0.85212 -0.20377 -0.20337
1545305755.740419388 -3.84280 6.00592 0.03226 0.41338 0.86412 -0.21737 -0.18751
1545305755.829138517 -4.13068 5.94412 0.01874 0.39101 0.87367 -0.22081 -0.18721
1545305755.917620420 -4.42061 5.86223 0.01592 0.37689 0.87913 -0.22029 -0.19120
1545305756.035605431 -4.80578 5.71500 0.03169 0.37411 0.88073 -0.22210 -0.18717
1545305756.124880314 -5.10245 5.57693 0.05338 0.37679 0.88016 -0.22090 -0.18587
1545305756.215040445 -5.39827 5.40846 0.08085 0.37722 0.87987 -0.21805 -0.18969
1545305756.305934429 -5.69493 5.22769 0.11541 0.38079 0.87845 -0.21793 -0.18929
1545305756.397215366 -5.99602 5.02547 0.14952 0.39394 0.87502 -0.22245 -0.17228
1545305756.488961458 -6.30835 4.80526 0.17867 0.40974 0.86960 -0.23215 -0.14836
1545305756.611356497 -6.73112 4.49654 0.22086 0.42733 0.86137 -0.24751 -0.11903
1545305756.702065468 -7.06104 4.25865 0.24975 0.43567 0.85663 -0.25640 -0.10315
1545305756.791209459 -7.40032 4.02214 0.28436 0.43956 0.85369 -0.26309 -0.09375
1545305756.879297495 -7.74284 3.78695 0.32357 0.44062 0.85266 -0.26584 -0.09028
1545305756.966813326 -8.10264 3.54878 0.35358 0.43874 0.85342 -0.26544 -0.09341
1545305757.082869530 -8.57710 3.23070 0.38358 0.43855 0.85408 -0.26340 -0.09398
1545305757.169668436 -8.95460 2.99394 0.39519 0.44447 0.84992 -0.26996 -0.08487
1545305757.256675482 -9.33954 2.75424 0.39988 0.45090 0.84512 -0.27738 -0.07435
1545305757.344192505 -9.73390 2.51912 0.40236 0.45132 0.84223 -0.28493 -0.07595
1545305757.462126493 -10.28844 2.20009 0.39660 0.45914 0.83145 -0.30607 -0.06481
1545305757.551484346 -10.71321 1.96962 0.38406 0.46520 0.82199 -0.32400 -0.05428
1545305757.641422510 -11.15331 1.74289 0.36183 0.46098 0.81984 -0.33289 -0.06732
1545305757.731818438 -11.60316 1.53276 0.33643 0.45278 0.82200 -0.33459 -0.08575
1545305757.823060513 -12.06319 1.33203 0.31165 0.43629 0.82784 -0.33474 -0.11083
1545305757.915484428 -12.52184 1.14117 0.29471 0.41394 0.83565 -0.33274 -0.14009
1545305758.039133310 -13.13478 0.88589 0.27795 0.37894 0.84835 -0.32808 -0.17051
1545305758.130493402 -13.55640 0.71633 0.27117 0.34769 0.85931 -0.32534 -0.18666
1545305758.219943523 -13.96398 0.53204 0.26339 0.31759 0.87116 -0.32264 -0.19006
1545305758.307535410 -14.35045 0.34980 0.25729 0.28409 0.88359 -0.32069 -0.18901
1545305758.393809319 -14.72425 0.13276 0.25466 0.24698 0.89641 -0.31811 -0.18506
1545305758.507474422 -15.17773 -0.13670 0.26231 0.19827 0.91024 -0.31849 -0.17525
1545305758.591495514 -15.51006 -0.33739 0.27450 0.16566 0.91863 -0.31947 -0.16311
1545305758.702038527 -15.92025 -0.61463 0.30423 0.12624 0.92622 -0.32458 -0.14429
1545305758.784050465 -16.18859 -0.83419 0.33675 0.09575 0.93134 -0.32372 -0.13654
1545305758.892611504 -16.49270 -1.12921 0.39786 0.05096 0.93573 -0.31890 -0.14181
1545305758.973793507 -16.70783 -1.35917 0.45158 0.02085 0.93737 -0.31624 -0.14457
1545305759.082540512 -16.96896 -1.68420 0.53127 -0.00974 0.94002 -0.31309 -0.13505
1545305759.164763451 -17.16201 -1.94522 0.59913 -0.02728 0.94048 -0.31581 -0.12252
1545305759.275420427 -17.38629 -2.30591 0.70186 -0.04526 0.94241 -0.31653 -0.09815
1545305759.359341383 -17.51645 -2.58234 0.79072 -0.05639 0.94433 -0.31539 -0.07479
1545305759.444233418 -17.63434 -2.87429 0.88420 -0.07201 0.94555 -0.31228 -0.05682
1545305759.559274435 -17.76290 -3.27241 1.02507 -0.10645 0.94288 -0.31047 -0.05698
1545305759.647274494 -17.83932 -3.58695 1.13330 -0.13988 0.93810 -0.30888 -0.07075
1545305759.737016439 -17.90451 -3.92264 1.23207 -0.17615 0.93100 -0.30695 -0.08943
1545305759.828686476 -17.94423 -4.26011 1.32378 -0.21512 0.92126 -0.30517 -0.10895
1545305759.922463417 -17.95285 -4.60634 1.40519 -0.24685 0.91422 -0.30118 -0.11209
1545305760.018532515 -17.91833 -4.96265 1.47647 -0.26589 0.91629 -0.28976 -0.07585
1545305760.117098331 -17.84570 -5.32688 1.54365 -0.28686 0.91772 -0.27393 -0.02141
1545305760.218402386 -17.73455 -5.69616 1.60184 -0.33101 0.90647 -0.26211 0.00679
1545305760.322635412 -17.60300 -6.09415 1.64205 -0.38800 0.88635 -0.25125 0.02663
1545305760.393834352 -17.49805 -6.36531 1.65683 -0.43860 0.86354 -0.24712 0.02952
1545305760.503366470 -17.31626 -6.78204 1.65942 -0.52758 0.81220 -0.24779 0.02412
1545305760.616425514 -17.08328 -7.17885 1.63825 -0.61278 0.74702 -0.25672 0.02375
1545305760.693726301 -16.90169 -7.43626 1.61226 -0.66652 0.69407 -0.27142 0.01906
1545305760.772394419 -16.69843 -7.67881 1.57586 0.71348 -0.64084 0.28313 -0.01077
1545305760.892776489 -16.35767 -7.99185 1.50589 0.76872 -0.56629 0.29668 -0.01906
1545305760.974391460 -16.10890 -8.15675 1.44930 0.79757 -0.52070 0.30294 -0.03142
1545305761.098268509 -15.71853 -8.33266 1.34426 0.82575 -0.48887 0.27581 -0.05535
1545305761.181567430 -15.44585 -8.39570 1.27024 0.83655 -0.47771 0.25633 -0.07925
1545305761.265265465 -15.16886 -8.41574 1.19580 0.84247 -0.47440 0.23518 -0.09938
1545305761.349166393 -14.87960 -8.40996 1.12420 0.84773 -0.46882 0.22303 -0.10868
1545305761.475201368 -14.42129 -8.36212 1.02504 0.85582 -0.45732 0.21382 -0.11274
1545305761.559457302 -14.10562 -8.28576 0.96026 0.86127 -0.44970 0.20903 -0.11089
1545305761.644053459 -13.78700 -8.16874 0.89477 0.86535 -0.44545 0.19745 -0.11733
1545305761.729104519 -13.44762 -8.02621 0.83105 0.86747 -0.44704 0.17262 -0.13361
1545305761.857639313 -12.91810 -7.76022 0.75221 0.86922 -0.44743 0.14147 -0.15573
1545305761.943864346 -12.53852 -7.56042 0.70467 0.86330 -0.45819 0.11284 -0.17900
1545305762.030371428 -12.14461 -7.34614 0.65831 0.85337 -0.46726 0.09573 -0.21038
1545305762.116944313 -11.73590 -7.12269 0.61238 0.84764 -0.46317 0.10392 -0.23703
1545305762.203334332 -11.31627 -6.89622 0.56527 0.84455 -0.45602 0.11882 -0.25430
1545305762.332242489 -10.68102 -6.55529 0.49551 0.84052 -0.45243 0.12834 -0.26900
1545305762.417562485 -10.24904 -6.32438 0.45094 0.83943 -0.44978 0.13556 -0.27327
1545305762.502508402 -9.81839 -6.09175 0.41069 0.83557 -0.45587 0.12358 -0.28059
1545305762.587693453 -9.37987 -5.85846 0.37686 0.82903 -0.46538 0.10046 -0.29331
1545305762.716869354 -8.70743 -5.50835 0.34256 0.83495 -0.45296 0.10225 -0.29535
1545305762.804314375 -8.23826 -5.27711 0.33195 0.84695 -0.43131 0.11747 -0.28784
1545305762.892021418 -7.76193 -5.04699 0.33124 0.85767 -0.40997 0.13295 -0.28045
1545305762.979727507 -7.28635 -4.80890 0.34015 0.86683 -0.38980 0.14146 -0.27685
1545305763.067434311 -6.81270 -4.57009 0.35725 0.87534 -0.37022 0.13749 -0.27895
1545305763.154992342 -6.34919 -4.31985 0.38238 0.88531 -0.34577 0.13253 -0.28124
1545305763.285113335 -5.66215 -3.93383 0.42873 0.90544 -0.28914 0.14486 -0.27494
1545305763.370920420 -5.21920 -3.66886 0.46321 0.91658 -0.25368 0.14565 -0.27261
1545305763.456512451 -4.78974 -3.39144 0.50051 0.92644 -0.21943 0.14323 -0.27028
1545305763.542030334 -4.37345 -3.10291 0.54115 0.93502 -0.18595 0.14089 -0.26703
1545305763.669335365 -3.77206 -2.64980 0.60342 0.94461 -0.14507 0.12446 -0.26680
1545305763.752669334 -3.39067 -2.33723 0.64506 0.94954 -0.12231 0.10834 -0.26773
1545305763.834557295 -3.03622 -2.01717 0.68687 0.95426 -0.09626 0.10037 -0.26468
1545305763.915372372 -2.68766 -1.69133 0.72805 0.95711 -0.06333 0.10529 -0.26237
1545305764.035117388 -2.21186 -1.18049 0.78633 0.95916 -0.01444 0.11297 -0.25891
1545305764.114203453 -1.91489 -0.82679 0.82163 0.95931 0.01776 0.11496 -0.25728
1545305764.231502295 -1.51574 -0.28414 0.87489 0.95628 0.07255 0.12496 -0.25426
1545305764.308731318 -1.27357 0.08607 0.90651 0.95316 0.10697 0.12721 -0.25271
1545305764.422734499 -0.98656 0.64500 0.94793 0.94490 0.15884 0.12682 -0.25661
1545305764.497470379 -0.83750 1.01656 0.97364 0.93763 0.19371 0.12372 -0.26080
1545305764.607931376 -0.65196 1.57865 1.00121 0.92942 0.23812 0.10304 -0.26240
1545305764.680418491 -0.56402 1.95107 1.01554 0.92387 0.26565 0.08412 -0.26232
1545305764.787468433 -0.47512 2.50130 1.02907 0.91097 0.31007 0.06042 -0.26522
1545305764.892681360 -0.43835 3.03832 1.03715 0.88721 0.36423 0.04939 -0.27887
1545305764.995860338 -0.45207 3.55103 1.03716 0.85854 0.42172 0.04301 -0.28848
1545305765.063407421 -0.49458 3.87019 1.03263 0.83645 0.45975 0.04273 -0.29523
1545305765.163075447 -0.57410 4.33888 1.02253 0.79926 0.51499 0.04483 -0.30652
1545305765.261240482 -0.66394 4.79744 1.00761 0.75930 0.56682 0.04728 -0.31614
1545305765.358425379 -0.81794 5.19760 0.98309 0.71781 0.61474 0.04501 -0.32376
1545305765.454547405 -1.00885 5.54651 0.94742 0.68118 0.65735 0.02535 -0.32132
1545305765.549255371 -1.24123 5.81555 0.90902 0.64795 0.69596 -0.01265 -0.30926
1545305765.641865492 -1.48624 6.03137 0.87003 0.61640 0.73079 -0.05640 -0.28777
1545305765.732850313 -1.74406 6.20343 0.82911 0.58066 0.76214 -0.10015 -0.26822
1545305765.822642326 -2.01085 6.36941 0.77949 0.54231 0.79187 -0.12666 -0.25060
1545305765.940600395 -2.37207 6.52077 0.72327 0.49739 0.82592 -0.14003 -0.22551
1545305766.028021336 -2.65089 6.61228 0.67678 0.46699 0.84608 -0.14954 -0.20906
1545305766.114639521 -2.93693 6.66778 0.63996 0.43397 0.86246 -0.17153 -0.19599
1545305766.200616360 -3.22652 6.68851 0.60971 0.40101 0.87593 -0.19429 -0.18491
1545305766.315096378 -3.61374 6.67508 0.58213 0.36163 0.89106 -0.21172 -0.17440
1545305766.401358366 -3.91930 6.66558 0.57035 0.34040 0.89933 -0.22067 -0.16320
1545305766.488033295 -4.22122 6.61755 0.56759 0.32421 0.90660 -0.22172 -0.15427
1545305766.603416443 -4.62254 6.51757 0.57568 0.30030 0.91371 -0.21577 -0.16853
1545305766.689628363 -4.92151 6.41450 0.58550 0.29693 0.91473 -0.21299 -0.17247
1545305766.779080391 -5.23040 6.28404 0.59530 0.30317 0.91313 -0.21674 -0.16526
1545305766.893429518 -5.62105 6.08492 0.61550 0.31180 0.91000 -0.22086 -0.16093
1545305766.979074478 -5.91480 5.91144 0.63108 0.32196 0.90661 -0.22431 -0.15518
1545305767.065109491 -6.21261 5.71779 0.64698 0.33606 0.90162 -0.23030 -0.14530
1545305767.180780411 -6.61218 5.43419 0.66973 0.35305 0.89592 -0.22777 -0.14426
1545305767.267796516 -6.91542 5.20420 0.68226 0.36583 0.89246 -0.21995 -0.14595
1545305767.354338408 -7.21321 4.96025 0.68664 0.38990 0.88672 -0.21530 -0.12390
1545305767.439980507 -7.51429 4.70366 0.68522 0.40741 0.88192 -0.21388 -0.10236
1545305767.552984476 -7.93475 4.35007 0.68012 0.41332 0.87975 -0.21563 -0.09328
1545305767.636926413 -8.26520 4.07926 0.67413 0.41252 0.87927 -0.21846 -0.09483
1545305767.748292446 -8.72006 3.70485 0.67025 0.41743 0.87615 -0.22529 -0.08581
1545305767.831960440 -9.07960 3.41596 0.66918 0.41789 0.87364 -0.23435 -0.08490
1545305767.916047335 -9.43916 3.11800 0.66787 0.41409 0.87349 -0.23916 -0.09138
1545305768.029181480 -9.94835 2.70907 0.67067 0.41121 0.87198 -0.24715 -0.09731
1545305768.114804506 -10.35059 2.39045 0.68032 0.41042 0.86681 -0.26445 -0.10130
1545305768.201245308 -10.76345 2.06254 0.69819 0.41292 0.86064 -0.28247 -0.09487
1545305768.317870378 -11.32802 1.62433 0.73893 0.40367 0.85778 -0.30758 -0.08158
1545305768.406660318 -11.76380 1.30050 0.78226 0.38669 0.86084 -0.32015 -0.08327
1545305768.497116327 -12.20840 0.97775 0.83730 0.36514 0.86712 -0.32627 -0.09122
1545305768.588522434 -12.66484 0.65376 0.90290 0.33954 0.87450 -0.32971 -0.10603
1545305768.679478407 -13.12516 0.33324 0.97736 0.31369 0.88201 -0.32998 -0.12148
1545305768.798719406 -13.70898 -0.08078 1.08982 0.27948 0.89147 -0.32704 -0.14222
1545305768.886591434 -14.11775 -0.38163 1.18108 0.25474 0.89786 -0.32523 -0.15225
1545305768.973353386 -14.52736 -0.69061 1.26820 0.23361 0.90421 -0.32479 -0.14950
1545305769.059068441 -14.92500 -1.00367 1.35123 0.21066 0.91063 -0.32400 -0.14629
1545305769.172193527 -15.43523 -1.40643 1.45794 0.17008 0.91990 -0.32092 -0.14785
1545305769.256689310 -15.78672 -1.72024 1.53636 0.13275 0.92663 -0.31704 -0.15238
1545305769.369670391 -16.23883 -2.15307 1.63186 0.07216 0.93369 -0.30908 -0.16578
1545305769.455099344 -16.55324 -2.47647 1.69799 0.02256 0.93602 -0.30371 -0.17637
1545305769.541364431 -16.82269 -2.81204 1.75505 -0.02770 0.93594 -0.29885 -0.18424
1545305769.658321381 -17.14975 -3.28164 1.81457 -0.08666 0.93669 -0.29099 -0.17443
1545305769.747694492 -17.34934 -3.64741 1.84581 -0.12630 0.93685 -0.28690 -0.15505
1545305769.838548422 -17.52076 -4.02340 1.87037 -0.15627 0.93963 -0.28085 -0.11745
1545305769.931061506 -17.66638 -4.42180 1.88782 -0.17728 0.94372 -0.27245 -0.06107
1545305770.025454521 -17.78298 -4.83757 1.90613 -0.21442 0.93938 -0.26560 -0.03216
1545305770.121968508 -17.86860 -5.26442 1.92945 -0.26636 0.92800 -0.25936 -0.02460
1545305770.220889330 -17.92435 -5.71007 1.95474 -0.33350 0.90555 -0.25972 -0.03626
1545305770.322517395 -17.93756 -6.16369 1.97847 -0.39442 0.88113 -0.25709 -0.04411
1545305770.391955376 -17.91708 -6.46851 1.99059 -0.43410 0.86463 -0.25036 -0.03599
1545305770.498831511 -17.84231 -6.92494 2.00276 -0.49996 0.83147 -0.24162 -0.01777
1545305770.609102488 -17.72243 -7.38791 2.00201 -0.56370 0.79405 -0.22744 0.00159
1545305770.684673309 -17.60453 -7.68511 1.99786 -0.60416 0.76607 -0.21848 0.01990
1545305770.801327467 -17.37635 -8.11876 1.98763 -0.66919 0.71125 -0.20957 0.04878
1545305770.881241322 -17.18860 -8.39420 1.97609 0.71390 -0.66459 0.21255 -0.05910
1545305770.962686300 -16.98338 -8.66497 1.95669 0.75354 -0.61809 0.21382 -0.06641
1545305771.087484360 -16.62876 -9.02635 1.91286 0.79954 -0.55500 0.21695 -0.07509
1545305771.172302485 -16.36316 -9.23408 1.87339 0.82298 -0.51839 0.21845 -0.07903
1545305771.258206367 -16.07750 -9.40762 1.82584 0.84299 -0.48440 0.21835 -0.08395
1545305771.344979525 -15.77845 -9.55069 1.76937 0.86002 -0.45240 0.21882 -0.08836
1545305771.476273298 -15.31439 -9.69914 1.67233 0.88156 -0.40695 0.22085 -0.09205
1545305771.563979387 -14.99897 -9.74115 1.60269 0.89237 -0.38371 0.21837 -0.09363
1545305771.651685476 -14.67993 -9.75021 1.52655 0.90010 -0.37096 0.20726 -0.09615
1545305771.739385366 -14.35765 -9.71472 1.44928 0.90500 -0.36157 0.19977 -0.10163
1545305771.827023506 -14.02956 -9.64335 1.36787 0.90686 -0.36217 0.18518 -0.11021
1545305771.958334446 -13.53630 -9.45130 1.25458 0.90641 -0.36654 0.16028 -0.13557
1545305772.045957327 -13.19995 -9.27452 1.18981 0.90523 -0.36841 0.14795 -0.15146
1545305772.133664370 -12.85194 -9.07093 1.13129 0.90293 -0.37605 0.12718 -0.16469
1545305772.221370459 -12.49568 -8.83967 1.07828 0.90156 -0.37992 0.11281 -0.17355
1545305772.309076309 -12.12418 -8.59291 1.02955 0.90304 -0.37529 0.11507 -0.17445
1545305772.396782398 -11.73308 -8.32870 0.98624 0.90286 -0.37135 0.11892 -0.18111
1545305772.528342485 -11.13202 -7.89352 0.93613 0.89661 -0.38019 0.10654 -0.20050
1545305772.616048336 -10.71569 -7.58115 0.91137 0.88673 -0.40068 0.07348 -0.21854
1545305772.703755379 -10.29133 -7.25823 0.90027 0.88114 -0.40791 0.06117 -0.23121
1545305772.791418314 -9.84804 -6.92912 0.89683 0.87884 -0.40717 0.06329 -0.24053
1545305772.878886461 -9.38657 -6.59310 0.90085 0.87533 -0.40756 0.06554 -0.25180
1545305772.966453314 -8.91611 -6.25260 0.91604 0.87105 -0.40942 0.06524 -0.26343
1545305773.098012447 -8.18592 -5.74191 0.95031 0.87735 -0.39514 0.08337 -0.25916
1545305773.185718298 -7.68805 -5.39612 0.96768 0.88183 -0.38458 0.09348 -0.25638
1545305773.273425341 -7.19244 -5.04219 0.98226 0.88207 -0.37943 0.08896 -0.26469
1545305773.361131430 -6.69057 -4.68421 0.99813 0.88867 -0.35642 0.10040 -0.27048
1545305773.448561430 -6.19121 -4.31778 1.01900 0.89814 -0.32015 0.11633 -0.27806
1545305773.535055399 -5.69786 -3.95512 1.04505 0.90615 -0.28753 0.12450 -0.28412
1545305773.663125515 -4.97929 -3.40861 1.08781 0.91943 -0.22822 0.14129 -0.28742
1545305773.747591496 -4.52290 -3.03417 1.11573 0.92693 -0.18115 0.15833 -0.28796
1545305773.830744505 -4.08823 -2.66014 1.13926 0.93424 -0.15247 0.14799 -0.28642
1545305773.952077389 -3.49891 -2.09012 1.17334 0.94385 -0.10834 0.12357 -0.28659
1545305774.031260490 -3.11060 -1.72259 1.19343 0.94747 -0.06648 0.12379 -0.28732
1545305774.109579325 -2.75616 -1.34832 1.21365 0.94891 -0.02602 0.12160 -0.29001
1545305774.225233316 -2.27151 -0.77840 1.23820 0.94895 0.02882 0.11000 -0.29422
1545305774.300972462 -1.97866 -0.40003 1.24998 0.94573 0.06828 0.10797 -0.29880
1545305774.412962437 -1.57501 0.16286 1.26201 0.93439 0.13385 0.11457 -0.30963
1545305774.486324310 -1.33066 0.53024 1.26724 0.92392 0.17562 0.11726 -0.31904
1545305774.594224453 -1.01729 1.06441 1.26607 0.91193 0.22513 0.10458 -0.32673
1545305774.699801445 -0.78256 1.57590 1.26408 0.89888 0.27305 0.09588 -0.32902
1545305774.803282499 -0.62699 2.05763 1.26455 0.88831 0.31368 0.07882 -0.32603
1545305774.871321440 -0.53597 2.37700 1.26044 0.88141 0.33913 0.06364 -0.32257
1545305774.972270489 -0.45597 2.83061 1.26130 0.86947 0.37598 0.04322 -0.31749
1545305775.071890354 -0.41739 3.25961 1.26790 0.85183 0.41709 0.04082 -0.31426
1545305775.170177460 -0.40519 3.67903 1.27451 0.84058 0.45093 0.02322 -0.29924
1545305775.267343521 -0.45380 4.06508 1.28836 0.82283 0.49041 -0.00364 -0.28712
1545305775.363807440 -0.51580 4.45429 1.29683 0.79335 0.53872 -0.02358 -0.28251
1545305775.459922314 -0.62199 4.81098 1.30338 0.75141 0.59531 -0.04430 -0.28112
1545305775.555868387 -0.77891 5.11591 1.31033 0.70226 0.65026 -0.06218 -0.28308
1545305775.651336432 -0.94866 5.40565 1.31522 0.65196 0.69909 -0.07453 -0.28401
1545305775.745692492 -1.13582 5.66151 1.31178 0.60720 0.74023 -0.08519 -0.27588
1545305775.838537455 -1.33939 5.87279 1.30097 0.57082 0.77313 -0.10309 -0.25651
1545305775.929922342 -1.55408 6.06003 1.28649 0.53113 0.80355 -0.12060 -0.24015
1545305776.020034313 -1.78289 6.19239 1.26782 0.48866 0.83187 -0.13553 -0.22545
1545305776.109126329 -2.01554 6.29928 1.24952 0.44624 0.85650 -0.15309 -0.20940
1545305776.226672411 -2.33253 6.38822 1.22196 0.38874 0.88505 -0.17503 -0.18688
1545305776.314153433 -2.56988 6.40520 1.20343 0.34269 0.90347 -0.18905 -0.17484
1545305776.401311398 -2.80634 6.40234 1.18826 0.29315 0.91894 -0.20337 -0.16810
1545305776.488430500 -3.03714 6.37416 1.17691 0.24490 0.93100 -0.21556 -0.16368
1545305776.605022430 -3.33237 6.28710 1.16406 0.18151 0.94221 -0.23467 -0.15562
1545305776.693044424 -3.54827 6.19882 1.15633 0.13278 0.94775 -0.24931 -0.14825
1545305776.781473398 -3.74813 6.08500 1.15257 0.08461 0.95117 -0.26272 -0.13821
1545305776.870320320 -3.92789 5.95069 1.15394 0.03719 0.95350 -0.27220 -0.12397
1545305776.989447355 -4.13639 5.74377 1.16171 -0.02436 0.95442 -0.27996 -0.10053
1545305777.079587460 -4.26273 5.56483 1.17037 -0.07069 0.95329 -0.28122 -0.08459
1545305777.170703411 -4.36885 5.37564 1.18328 -0.11655 0.95173 -0.27574 -0.06774
1545305777.262981415 -4.44667 5.17106 1.19668 -0.15824 0.94865 -0.27039 -0.04382
1545305777.356577396 -4.50742 4.95081 1.21117 -0.19856 0.94269 -0.26723 -0.02255
1545305777.451646328 -4.54671 4.71605 1.23125 -0.23607 0.93592 -0.26140 -0.00187
1545305777.548340321 -4.55916 4.46309 1.25498 -0.27247 0.92596 -0.26084 0.01786
1545305777.646738529 -4.55447 4.19026 1.28301 -0.30587 0.91404 -0.26326 0.04098
1545305777.746639490 -4.52773 3.90393 1.31572 -0.33291 0.90255 -0.26491 0.06629
1545305777.847517490 -4.47555 3.60955 1.34808 -0.35271 0.89358 -0.26043 0.09634
1545305777.914980412 -4.43413 3.40702 1.37063 -0.36243 0.88809 -0.25838 0.11481
1545305778.016019344 -4.36081 3.09742 1.40531 -0.37351 0.88123 -0.25512 0.13726
1545305778.116468430 -4.27946 2.77694 1.43763 -0.38412 0.87528 -0.24816 0.15730
1545305778.216143370 -4.19205 2.44805 1.46601 -0.39909 0.86721 -0.24619 0.16754
1545305778.315127373 -4.09875 2.10977 1.48726 -0.41590 0.85846 -0.24798 0.16906
1545305778.413709402 -3.99662 1.76434 1.50269 -0.43550 0.84785 -0.25026 0.16987
1545305778.512278318 -3.88487 1.41043 1.51213 -0.46354 0.83217 -0.25191 0.17076
1545305778.611214399 -3.76324 1.05565 1.51759 -0.49715 0.81201 -0.25685 0.16583
1545305778.677600384 -3.67360 0.81035 1.51799 -0.52012 0.79731 -0.25917 0.16311
1545305778.778251410 -3.52810 0.45028 1.51557 -0.55624 0.77225 -0.25980 0.16351
1545305778.880598307 -3.36668 0.08847 1.50489 -0.59086 0.74631 -0.25368 0.17192
1545305778.984893322 -3.18622 -0.26395 1.48574 -0.62589 0.71798 -0.24608 0.17946
1545305779.091283321 -2.98763 -0.61267 1.45647 -0.66070 0.68606 -0.23972 0.18798
1545305779.163430452 -2.84627 -0.83785 1.43009 0.68283 -0.66426 0.23462 -0.19353
1545305779.273453474 -2.61909 -1.17317 1.37931 0.71588 -0.62762 0.23023 -0.20149
1545305779.347895384 -2.45668 -1.39151 1.34036 0.73793 -0.59842 0.23400 -0.20637
1545305779.461000443 -2.20172 -1.70104 1.27622 0.77053 -0.55039 0.24440 -0.20886
1545305779.537331343 -2.02407 -1.89320 1.22917 0.79061 -0.51759 0.24871 -0.21254
1545305779.653211355 -1.75806 -2.14827 1.15593 0.81701 -0.46904 0.24748 -0.22638
1545305779.731375456 -1.57901 -2.29812 1.10562 0.83324 -0.43829 0.23927 -0.23739
1545305779.849833488 -1.31684 -2.48313 1.03256 0.85614 -0.38920 0.22725 -0.25278
1545305779.929485321 -1.14847 -2.58511 0.98571 0.87117 -0.35486 0.21860 -0.25953
1545305780.049867392 -0.90983 -2.70287 0.92405 0.88983 -0.29937 0.20861 -0.27398
1545305780.130698442 -0.76257 -2.75450 0.88814 0.89977 -0.26402 0.20097 -0.28341
1545305780.211968422 -0.62252 -2.79102 0.85823 0.90873 -0.22845 0.19286 -0.29124
1545305780.334640503 -0.42759 -2.83007 0.83267 0.91834 -0.17572 0.18190 -0.30445
1545305780.416891336 -0.32677 -2.82284 0.82891 0.92402 -0.14498 0.16987 -0.31034
1545305780.499467373 -0.24049 -2.80343 0.83448 0.92849 -0.11526 0.15347 -0.31792
1545305780.582271338 -0.17389 -2.76681 0.85228 0.92862 -0.08365 0.13925 -0.33357
1545305780.706688404 -0.10493 -2.70047 0.88880 0.93021 -0.04313 0.11401 -0.34620
1545305780.789598465 -0.07336 -2.65246 0.91085 0.93270 -0.02264 0.09243 -0.34787
1545305780.872373343 -0.04793 -2.60318 0.92959 0.93405 -0.00322 0.07367 -0.34945
1545305780.996172428 -0.01861 -2.52740 0.94978 0.93583 0.02189 0.04520 -0.34886
1545305781.078398466 -0.00582 -2.47228 0.95439 0.93590 0.03323 0.02262 -0.34996
1545305781.160345316 0.00294 -2.41202 0.94978 0.93554 0.04598 0.00597 -0.35015
1545305781.282673359 0.01293 -2.31784 0.92446 0.93371 0.06676 -0.00986 -0.35162
1545305781.363809347 0.01714 -2.25155 0.89517 0.93158 0.07620 -0.02360 -0.35468
1545305781.444648504 0.01891 -2.18369 0.85505 0.92863 0.08503 -0.03423 -0.35952
1545305781.565408468 0.02219 -2.07870 0.78463 0.92307 0.09836 -0.04208 -0.36946
1545305781.645630360 0.02359 -2.00894 0.73592 0.92057 0.10659 -0.04878 -0.37258
1545305781.725669384 0.02708 -1.94049 0.68800 0.91778 0.11573 -0.05417 -0.37597
1545305781.845541477 0.03629 -1.83776 0.61586 0.91400 0.12695 -0.06241 -0.38026
1545305781.925460339 0.04612 -1.77274 0.56523 0.91172 0.13083 -0.07041 -0.38302
1545305782.045419455 0.06673 -1.67365 0.49645 0.90707 0.13785 -0.07919 -0.38980
1545305782.125405312 0.08518 -1.61479 0.46020 0.91926 0.14571 -0.06084 -0.36060
1545305782.205445528 0.09603 -1.56157 0.48865 0.90733 0.14079 -0.05862 -0.39177
1545305782.326188326 0.10980 -1.48405 0.51889 0.91009 0.14398 -0.06956 -0.38233
1545305782.406876326 0.12298 -1.43195 0.52321 0.90824 0.14812 -0.06897 -0.38523
1545305782.487699509 0.13544 -1.37770 0.48850 0.90703 0.14793 -0.07266 -0.38747
1545305782.609211445 0.15173 -1.32137 0.47937 0.90531 0.16714 -0.06428 -0.38517
1545305782.690561295 0.16302 -1.29499 0.49415 0.89911 0.16618 -0.07254 -0.39841
1545305782.772152424 0.17721 -1.27487 0.46225 0.91836 0.16335 -0.06894 -0.35380
1545305782.894972324 0.18256 -1.25820 0.47179 0.91117 0.16993 -0.06708 -0.36931
1545305782.977434397 0.18432 -1.25137 0.47373 0.90845 0.17184 -0.06802 -0.37490
1545305783.060309410 0.18608 -1.25104 0.47412 0.90710 0.17412 -0.06791 -0.37716
1545305783.185220480 0.18539 -1.23908 0.46489 0.90749 0.17390 -0.06733 -0.37641
1545305783.268818378 0.18520 -1.23865 0.46447 0.90758 0.17356 -0.06763 -0.37631
1545305783.352621317 0.18531 -1.23862 0.46444 0.90769 0.17333 -0.06760 -0.37613
1545305783.478608370 0.18553 -1.23818 0.46445 0.90751 0.17377 -0.06737 -0.37643
1545305783.562756300 0.18540 -1.23835 0.46439 0.90753 0.17362 -0.06719 -0.37647
1545305783.647009373 0.18553 -1.23825 0.46437 0.90760 0.17377 -0.06676 -0.37631
1545305783.731341362 0.18541 -1.23815 0.46439 0.90761 0.17375 -0.06688 -0.37626
1545305783.857964516 0.18551 -1.23808 0.46444 0.90761 0.17379 -0.06663 -0.37630
1545305783.942442417 0.18538 -1.23807 0.46441 0.90750 0.17385 -0.06680 -0.37650
1545305784.026964426 0.18542 -1.23800 0.46432 0.90754 0.17387 -0.06668 -0.37642
1545305784.111515522 0.18543 -1.23798 0.46434 0.90753 0.17395 -0.06657 -0.37643
1545305784.238394499 0.18540 -1.23803 0.46441 0.90755 0.17394 -0.06656 -0.37640
1545305784.323008299 0.18541 -1.23800 0.46435 0.90754 0.17397 -0.06654 -0.37639
1545305784.407648325 0.18538 -1.23797 0.46433 0.90757 0.17387 -0.06658 -0.37637
1545305784.492305517 0.18537 -1.23797 0.46433 0.90756 0.17388 -0.06657 -0.37640
1545305784.619325399 0.18536 -1.23798 0.46437 0.90755 0.17392 -0.06652 -0.37640
1545305784.704024315 0.18537 -1.23795 0.46434 0.90755 0.17393 -0.06651 -0.37640
1545305784.788737297 0.18537 -1.23795 0.46435 0.90757 0.17394 -0.06650 -0.37636
1545305784.873463392 0.18535 -1.23796 0.46435 0.90758 0.17390 -0.06654 -0.37633
1545305785.000568390 0.18534 -1.23801 0.46441 0.90760 0.17390 -0.06650 -0.37629
1545305785.085309505 0.18535 -1.23798 0.46439 0.90760 0.17389 -0.06654 -0.37628
1545305785.170061350 0.18534 -1.23798 0.46438 0.90762 0.17390 -0.06657 -0.37624
1545305785.254821301 0.18533 -1.23797 0.46435 0.90762 0.17391 -0.06658 -0.37622
1545305785.381962299 0.18532 -1.23801 0.46438 0.90764 0.17388 -0.06661 -0.37619
1545305785.466721296 0.18532 -1.23798 0.46436 0.90764 0.17390 -0.06661 -0.37617
1545305785.551480532 0.18532 -1.23800 0.46438 0.90765 0.17388 -0.06661 -0.37615
1545305785.636231422 0.18531 -1.23801 0.46439 0.90765 0.17389 -0.06659 -0.37616
1545305785.763348341 0.18530 -1.23805 0.46445 0.90768 0.17388 -0.06660 -0.37610
1545305785.848086357 0.18531 -1.23803 0.46443 0.90767 0.17389 -0.06663 -0.37611
1545305785.932822466 0.18532 -1.23804 0.46444 0.90767 0.17389 -0.06663 -0.37612
1545305786.017562389 0.18532 -1.23806 0.46448 0.90768 0.17388 -0.06665 -0.37609
1545305786.144668341 0.18530 -1.23812 0.46450 0.90769 0.17387 -0.06665 -0.37607
1545305786.229390383 0.18531 -1.23807 0.46445 0.90769 0.17387 -0.06671 -0.37606
1545305786.314114332 0.18531 -1.23808 0.46445 0.90769 0.17387 -0.06672 -0.37605
1545305786.398835421 0.18530 -1.23808 0.46444 0.90770 0.17386 -0.06671 -0.37604
1545305786.525912523 0.18528 -1.23813 0.46444 0.90771 0.17385 -0.06672 -0.37602
1545305786.610634327 0.18528 -1.23810 0.46440 0.90770 0.17387 -0.06673 -0.37603
1545305786.695360422 0.18528 -1.23811 0.46441 0.90771 0.17388 -0.06674 -0.37600
1545305786.780100346 0.18528 -1.23812 0.46443 0.90772 0.17387 -0.06673 -0.37597
1545305786.907225370 0.18526 -1.23817 0.46447 0.90774 0.17387 -0.06672 -0.37594
