1473347518.739180565 -0.04647 -0.00877 -0.00492 0.89280 0.02766 -0.00286 -0.44959
1473347518.833311796 -0.06815 -0.01557 -0.00476 0.90077 0.02988 -0.00889 -0.43318
1473347518.927441597 -0.08908 -0.02053 -0.00383 0.90421 0.03330 -0.01517 -0.42552
1473347519.021572590 -0.11031 -0.02549 0.00239 0.89622 0.03251 -0.03162 -0.44130
1473347519.115703583 -0.12468 -0.03345 0.00897 0.88471 0.03774 -0.03780 -0.46308
1473347519.209834576 -0.14697 -0.04811 0.01053 0.88253 0.04371 -0.04150 -0.46638
1473347519.303964615 -0.17269 -0.06223 0.01044 0.88101 0.05015 -0.04516 -0.46825
1473347519.445160627 -0.21001 -0.08320 0.00960 0.87812 0.06475 -0.04780 -0.47162
1473347519.539291620 -0.24008 -0.09640 0.00684 0.87541 0.08056 -0.04511 -0.47448
1473347519.633422613 -0.26655 -0.10460 -0.00033 0.87600 0.09035 -0.04446 -0.47168
1473347519.727553606 -0.29332 -0.11409 -0.00631 0.87724 0.09835 -0.04393 -0.46782
1473347519.821683645 -0.32030 -0.12394 -0.01140 0.87773 0.10904 -0.04612 -0.46430
1473347519.915814638 -0.34699 -0.13456 -0.01386 0.87681 0.11757 -0.05298 -0.46323
1473347520.009945631 -0.37520 -0.14567 -0.01273 0.87474 0.12445 -0.06254 -0.46415
1473347520.151141644 -0.41325 -0.16124 -0.00795 0.87002 0.13412 -0.07465 -0.46852
1473347520.245272636 -0.43320 -0.17287 -0.00195 0.86683 0.14050 -0.08212 -0.47130
1473347520.339402676 -0.44139 -0.18033 0.00602 0.86295 0.14331 -0.08636 -0.47679
1473347520.433533669 -0.43983 -0.18177 0.00953 0.86267 0.14229 -0.08790 -0.47732
1473347520.527664661 -0.42553 -0.17912 0.01192 0.86204 0.14026 -0.08486 -0.47960
1473347520.621794701 -0.40627 -0.16730 0.01205 0.86281 0.13522 -0.07893 -0.48067
1473347520.715925694 -0.37953 -0.14972 0.01353 0.86595 0.12261 -0.07416 -0.47917
1473347520.857121706 -0.33439 -0.11556 0.01033 0.86926 0.10402 -0.06129 -0.47939
1473347520.951252699 -0.30138 -0.09149 0.00462 0.87318 0.09118 -0.05169 -0.47599
1473347521.045383692 -0.26639 -0.06725 -0.00116 0.87625 0.08102 -0.04159 -0.47318
1473347521.139514685 -0.23035 -0.04826 -0.00677 0.87420 0.07496 -0.03327 -0.47858
1473347521.233644724 -0.19493 -0.03060 -0.01377 0.87502 0.07248 -0.02565 -0.47794
1473347521.327775717 -0.15908 -0.01540 -0.02108 0.87563 0.07239 -0.01452 -0.47730
1473347521.421906710 -0.12292 -0.00047 -0.02844 0.87648 0.06737 -0.00152 -0.47669
1473347521.563102722 -0.06741 0.02252 -0.03552 0.87840 0.05056 0.01588 -0.47497
1473347521.657233715 -0.03044 0.03710 -0.03514 0.88003 0.03666 0.02348 -0.47292
1473347521.751363754 0.00125 0.04982 -0.02833 0.87698 0.02502 0.03169 -0.47883
1473347521.845494747 0.02400 0.06190 -0.01601 0.86890 0.02052 0.04568 -0.49244
1473347521.939625740 0.03903 0.07404 -0.00162 0.86447 0.02132 0.05076 -0.49965
1473347522.033755779 0.04725 0.08296 0.01612 -0.85946 -0.02374 -0.04856 0.50834
1473347522.127886772 0.04936 0.09293 0.03521 -0.86099 -0.02697 -0.03851 0.50645
1473347522.269082785 0.04270 0.10798 0.06675 -0.86479 -0.03892 -0.02374 0.50005
1473347522.363213778 0.03525 0.12013 0.09088 0.86363 0.05963 0.02876 -0.49976
1473347522.457344770 0.02803 0.13569 0.11568 0.86678 0.07832 0.03565 -0.49121
1473347522.551475763 0.02043 0.15076 0.13899 0.86857 0.08920 0.04120 -0.48572
1473347522.645605803 0.01089 0.16485 0.15965 0.87022 0.09856 0.04295 -0.48080
1473347522.739736795 -0.00099 0.17516 0.17999 0.86989 0.10576 0.04589 -0.47958
1473347522.833867788 -0.01794 0.18625 0.19667 0.86867 0.11111 0.06096 -0.47891
1473347522.975063801 -0.04467 0.19527 0.22223 0.86571 0.12260 0.06630 -0.48075
1473347523.069194794 -0.06834 0.19778 0.24119 0.86102 0.12620 0.07493 -0.48694
1473347523.163324594 -0.09169 0.20164 0.26072 0.86031 0.12745 0.07336 -0.48810
1473347523.257455587 -0.11474 0.20131 0.28024 0.85561 0.12900 0.07360 -0.49586
1473347523.351586580 -0.13800 0.20016 0.29711 -0.85213 -0.13058 -0.07536 0.50115
1473347523.445716619 -0.16190 0.19627 0.31021 -0.85030 -0.13403 -0.07480 0.50341
1473347523.539847612 -0.18510 0.19280 0.31860 -0.85219 -0.13163 -0.06761 0.50188
1473347523.681043625 -0.21891 0.18286 0.32039 0.85563 0.12481 0.05749 -0.49902
1473347523.775174618 -0.24074 0.17416 0.31181 0.85816 0.12257 0.04826 -0.49619
1473347523.869305611 -0.26110 0.16417 0.29479 0.85985 0.12028 0.04201 -0.49439
1473347523.963436604 -0.27964 0.15108 0.27008 0.85963 0.11839 0.03888 -0.49548
1473347524.057566643 -0.29248 0.13626 0.24109 0.86038 0.10922 0.02834 -0.49700
1473347524.151697636 -0.30288 0.11829 0.21112 -0.85861 -0.10677 -0.01705 0.50110
1473347524.245828629 -0.30933 0.09963 0.18081 -0.85713 -0.11166 -0.00529 0.50282
1473347524.387024641 -0.31051 0.07368 0.13764 0.86070 0.10681 -0.00420 -0.49777
1473347524.481155634 -0.30498 0.05655 0.11075 0.86309 0.10265 -0.00462 -0.49449
1473347524.575285673 -0.29312 0.03925 0.08516 0.86258 0.09832 0.00198 -0.49626
1473347524.669416666 -0.27609 0.02449 0.05932 0.86628 0.09210 0.00455 -0.49098
1473347524.763547659 -0.25504 0.01057 0.03515 0.86739 0.08522 0.00846 -0.49021
1473347524.857677698 -0.23073 -0.00085 0.01600 0.86295 0.08351 0.00664 -0.49830
1473347524.951808691 -0.20555 -0.00470 -0.00090 0.86776 0.08298 0.00485 -0.48999
1473347525.093004704 -0.16091 -0.00346 -0.01608 0.86686 0.07784 0.00545 -0.49241
1473347525.187135696 -0.12465 0.00429 -0.02172 0.86534 0.07116 -0.00069 -0.49611
1473347525.281266689 -0.08677 0.01529 -0.02640 0.86497 0.06411 -0.00815 -0.49764
1473347525.375397682 -0.04991 0.02819 -0.03163 -0.86226 -0.06009 0.01361 0.50271
1473347525.469527721 -0.01593 0.04264 -0.03765 -0.85738 -0.06215 0.01742 0.51063
1473347525.563658714 0.01740 0.05304 -0.04564 -0.85443 -0.06582 0.02773 0.51464
1473347525.657789707 0.05229 0.05664 -0.05328 -0.84288 -0.06921 0.03505 0.53249
1473347525.798985720 0.10410 0.06889 -0.06829 -0.83784 -0.06504 0.04216 0.54038
1473347525.893116713 0.13680 0.07804 -0.07933 -0.83389 -0.06360 0.04237 0.54662
1473347525.987246752 0.16730 0.08749 -0.09230 -0.83108 -0.06071 0.03906 0.55144
1473347526.081377745 0.19654 0.09526 -0.10693 -0.82862 -0.05583 0.03148 0.55614
1473347526.175508738 0.22328 0.10306 -0.12431 -0.82880 -0.05118 0.02249 0.55674
1473347526.269639730 0.24712 0.11074 -0.14348 -0.82967 -0.05117 0.00793 0.55584
1473347526.363769770 0.27137 0.12224 -0.15853 -0.83209 -0.05062 -0.00440 0.55232
1473347526.504965782 0.30533 0.14268 -0.16925 -0.83106 -0.04573 -0.02522 0.55373
1473347526.599096775 0.32409 0.15993 -0.17066 -0.82866 -0.04145 -0.04156 0.55667
1473347526.693227768 0.33892 0.17820 -0.17039 -0.82696 -0.03487 -0.05617 0.55836
1473347526.787358761 0.34887 0.19887 -0.17112 -0.82980 -0.02382 -0.06770 0.55343
1473347526.881488800 0.35392 0.21757 -0.17159 -0.83259 -0.00774 -0.08131 0.54783
1473347526.975619793 0.35167 0.23395 -0.17261 -0.83679 0.00738 -0.08848 0.54027
1473347527.069750786 0.34535 0.24439 -0.16652 -0.84048 0.02424 -0.09208 0.53342
1473347527.210946798 0.32132 0.25928 -0.16448 -0.84284 0.03815 -0.09698 0.52798
1473347527.305077791 0.29750 0.26765 -0.16503 -0.84766 0.04414 -0.10128 0.51891
1473347527.399207592 0.27079 0.27025 -0.16483 -0.84928 0.04996 -0.10801 0.51436
1473347527.493338585 0.23812 0.27089 -0.16428 -0.85241 0.05322 -0.10796 0.50883
1473347527.587469578 0.19980 0.26622 -0.16269 -0.85277 0.05142 -0.10353 0.50934
1473347527.681600571 0.15663 0.25779 -0.15829 -0.85332 0.04342 -0.09218 0.51133
1473347527.775730610 0.11138 0.24773 -0.15166 -0.85169 0.03160 -0.08334 0.51642
1473347527.916926622 0.04665 0.22767 -0.13903 -0.84779 0.01450 -0.07192 0.52523
1473347528.011057615 0.00757 0.21382 -0.12987 -0.84664 0.00675 -0.06520 0.52812
1473347528.105188608 -0.02841 0.20055 -0.11949 -0.84560 -0.00331 -0.06161 0.53025
1473347528.199319601 -0.06245 0.18982 -0.10634 -0.84402 -0.01749 -0.05858 0.53281
1473347528.293449640 -0.09520 0.18092 -0.08968 -0.84121 -0.03006 -0.05650 0.53691
1473347528.387580633 -0.12602 0.17334 -0.06976 -0.83865 -0.04004 -0.04846 0.54103
1473347528.481711626 -0.15407 0.16794 -0.04773 -0.83879 -0.04684 -0.03991 0.54096
1473347528.622907639 -0.19482 0.15757 -0.01017 -0.83146 -0.06312 -0.02977 0.55119
1473347528.717038631 -0.21886 0.15161 0.01488 -0.82923 -0.06985 -0.01938 0.55418
1473347528.811168671 -0.24153 0.13984 0.04087 -0.81906 -0.07972 -0.01200 0.56802
1473347528.905299664 -0.26316 0.12877 0.06217 -0.81676 -0.08607 -0.00119 0.57052
1473347528.999430656 -0.28380 0.11669 0.08002 -0.81333 -0.09140 0.00619 0.57455
1473347529.093560696 -0.30388 0.10386 0.09443 -0.81055 -0.09736 0.01546 0.57731
1473347529.187691689 -0.32244 0.09014 0.10585 -0.81030 -0.10015 0.02710 0.57676
1473347529.328887701 -0.34709 0.07314 0.11045 -0.81510 -0.10229 0.03892 0.56888
1473347529.423018694 -0.36046 0.05930 0.10637 -0.81671 -0.10248 0.04784 0.56586
1473347529.517149687 -0.36977 0.04792 0.09426 -0.81903 -0.09464 0.05067 0.56362
1473347529.611280680 -0.37293 0.03757 0.07738 -0.82285 -0.08064 0.05332 0.55998
1473347529.705410719 -0.37400 0.02559 0.05811 -0.82779 -0.06739 0.05899 0.55384
1473347529.799541712 -0.36919 0.01597 0.03230 -0.83121 -0.05663 0.06246 0.54953
1473347529.893672705 -0.35949 0.00047 0.00444 -0.82234 -0.04072 0.06023 0.56433
1473347530.034868717 -0.34404 -0.01439 -0.04069 -0.82566 -0.03452 0.05409 0.56051
1473347530.128999710 -0.33016 -0.02300 -0.07081 -0.83183 -0.02941 0.04513 0.55241
1473347530.223129749 -0.31341 -0.03111 -0.09737 -0.83651 -0.02899 0.03622 0.54599
1473347530.317260742 -0.29453 -0.03433 -0.11740 -0.83724 -0.03024 0.02679 0.54534
1473347530.411391735 -0.27203 -0.03437 -0.13143 -0.83830 -0.02963 0.01986 0.54404
1473347530.505521774 -0.24513 -0.02929 -0.14035 -0.83993 -0.02335 0.01601 0.54196
1473347530.599652767 -0.21419 -0.01793 -0.14545 -0.84166 -0.01490 0.01401 0.53962
1473347530.740848780 -0.16371 0.00383 -0.15026 -0.84264 -0.01124 0.01105 0.53825
1473347530.834979773 -0.12677 0.02039 -0.15095 -0.84445 -0.01173 0.00966 0.53542
1473347530.929110765 -0.08791 0.03899 -0.14968 -0.84617 -0.01181 0.01052 0.53267
1473347531.023241758 -0.04952 0.05642 -0.14674 -0.84726 -0.01571 0.01001 0.53086
1473347531.117371798 -0.00847 0.07524 -0.14522 -0.85211 -0.01766 0.00961 0.52297
1473347531.211502790 0.03450 0.09497 -0.14755 -0.86548 -0.01497 0.01493 0.50049
1473347531.305633783 0.07302 0.10902 -0.14916 -0.86366 -0.02827 0.00885 0.50321
1473347531.446829796 0.13316 0.13080 -0.15253 0.86480 0.04693 -0.01236 -0.49976
1473347531.540960789 0.17306 0.14286 -0.15481 -0.85789 -0.06078 0.00297 0.51021
1473347531.635090590 0.21186 0.15528 -0.15729 -0.85766 -0.06192 -0.00702 0.51043
1473347531.729221582 0.24865 0.17117 -0.15959 -0.86370 -0.05560 -0.01417 0.50072
1473347531.823352575 0.28138 0.18666 -0.15845 0.86548 0.05093 0.02332 -0.49779
1473347531.917482615 0.31002 0.20114 -0.15293 -0.86263 -0.04904 -0.03184 0.50244
1473347532.011613607 0.33504 0.21435 -0.14386 -0.86069 -0.04950 -0.03894 0.50522
1473347532.152809620 0.36667 0.23341 -0.12511 -0.85941 -0.05366 -0.03697 0.50713
1473347532.246940613 0.38274 0.24723 -0.11141 -0.85802 -0.06353 -0.02602 0.50901
1473347532.341071606 0.39312 0.26116 -0.09597 -0.85699 -0.06926 -0.01702 0.51037
1473347532.435202599 0.39522 0.27415 -0.08045 -0.85367 -0.08141 -0.01500 0.51420
1473347532.529332638 0.38995 0.28559 -0.06485 -0.85226 -0.09342 -0.00593 0.51468
1473347532.623463631 0.37964 0.29287 -0.04948 -0.84787 -0.10420 -0.00039 0.51987
1473347532.717594624 0.36604 0.29584 -0.03418 -0.84111 -0.11413 0.00392 0.52867
1473347532.858790636 0.34110 0.30104 -0.01556 -0.83710 -0.12037 0.01127 0.53353
1473347532.952921629 0.32211 0.30298 -0.00411 -0.83525 -0.12069 0.01341 0.53629
1473347533.047051668 0.30355 0.30359 0.00729 -0.83813 -0.11575 0.01534 0.53283
1473347533.141182661 0.28389 0.30277 0.01914 -0.84230 -0.10676 0.01640 0.52807
1473347533.235313654 0.26114 0.29764 0.03389 -0.84455 -0.09485 0.01709 0.52673
1473347533.329443693 0.23540 0.28619 0.05288 -0.84816 -0.08725 0.01580 0.52226
1473347533.423574686 0.20661 0.27093 0.07483 -0.84628 -0.08144 0.01132 0.52635
1473347533.564770699 0.16172 0.24576 0.10980 -0.84921 -0.06814 0.00709 0.52360
1473347533.658901691 0.13006 0.22708 0.13461 -0.85058 -0.05444 0.00081 0.52302
1473347533.753032684 0.09620 0.20747 0.16188 -0.85220 -0.05000 -0.01414 0.52063
1473347533.847163677 0.06277 0.19225 0.19158 -0.85390 -0.04744 -0.02545 0.51765
1473347533.941293716 0.03266 0.17975 0.22040 -0.85896 -0.03819 -0.03504 0.50941
1473347534.035424709 0.00441 0.17054 0.24788 0.86720 0.03131 0.03197 -0.49595
1473347534.129555702 -0.02165 0.16601 0.27094 0.87506 0.01285 0.02638 -0.48313
1473347534.270751715 -0.06044 0.16546 0.29466 0.88192 -0.01403 0.02428 -0.47056
1473347534.364882708 -0.08153 0.16789 0.30099 0.88637 -0.04172 0.00640 -0.46105
1473347534.459012747 -0.10054 0.17824 0.29334 0.89428 -0.07226 -0.01526 -0.44136
1473347534.553143740 -0.11860 0.19518 0.27345 0.90123 -0.10267 -0.03228 -0.41977
1473347534.647274733 -0.13592 0.21512 0.24570 0.90469 -0.13415 -0.04961 -0.40135
1473347534.741405725 -0.15448 0.23855 0.21786 0.90668 -0.16220 -0.06463 -0.38398
1473347534.835535765 -0.17119 0.26576 0.18893 0.90790 -0.18524 -0.08006 -0.36742
1473347534.976731777 -0.19391 0.30980 0.14189 0.91050 -0.20636 -0.08302 -0.34860
1473347535.070862770 -0.20827 0.33523 0.10657 0.91193 -0.21136 -0.08267 -0.34188
1473347535.164993763 -0.22089 0.35764 0.07459 0.90895 -0.21125 -0.07977 -0.35044
1473347535.259124756 -0.23233 0.37781 0.04460 0.90823 -0.20717 -0.06699 -0.35738
1473347535.353254795 -0.24441 0.39446 0.01767 0.90593 -0.20330 -0.03490 -0.36980
1473347535.447385788 -0.25314 0.41166 -0.00876 0.90133 -0.19566 -0.01083 -0.38627
1473347535.541516781 -0.25541 0.42973 -0.03410 0.89642 -0.18586 0.00929 -0.40226
1473347535.682712793 -0.25539 0.45054 -0.06466 0.88562 -0.16638 0.04484 -0.43126
1473347535.776843786 -0.24876 0.46624 -0.08206 0.87722 -0.15578 0.07177 -0.44841
1473347535.870973587 -0.23230 0.48412 -0.09816 0.87096 -0.15738 0.09164 -0.45636
1473347535.965104580 -0.21159 0.50118 -0.11636 0.86691 -0.17009 0.11469 -0.45429
1473347536.059235573 -0.18796 0.51263 -0.13478 0.85213 -0.18960 0.15263 -0.46329
1473347536.153365612 -0.16266 0.52040 -0.15496 0.83889 -0.20574 0.17694 -0.47184
1473347536.247496605 -0.14158 0.52130 -0.17268 0.82854 -0.21340 0.19248 -0.48055
1473347536.388692617 -0.11013 0.51976 -0.20206 0.81974 -0.20318 0.22165 -0.48746
1473347536.482823610 -0.08902 0.50959 -0.21984 0.81606 -0.17832 0.24545 -0.49194
1473347536.576954603 -0.06639 0.49300 -0.23201 -0.80406 0.13873 -0.27515 0.50847
1473347536.671085596 -0.03899 0.47312 -0.23552 -0.79783 0.11364 -0.28696 0.51788
1473347536.765215635 -0.01396 0.44852 -0.23368 -0.79172 0.08764 -0.29314 0.52874
1473347536.859346628 0.01201 0.41883 -0.22866 -0.78683 0.06535 -0.29391 0.53874
1473347536.953477621 0.04066 0.38664 -0.22539 -0.78579 0.04329 -0.28793 0.54567
1473347537.094673634 0.08967 0.34139 -0.22000 -0.78870 0.02247 -0.27035 0.55169
1473347537.188804626 0.12413 0.31219 -0.21409 -0.79238 0.00399 -0.25701 0.55323
1473347537.282934666 0.16052 0.28759 -0.20730 -0.79966 -0.01046 -0.23922 0.55064
1473347537.377065659 0.19599 0.27093 -0.19870 -0.80851 -0.02709 -0.21998 0.54515
1473347537.471196651 0.22817 0.25754 -0.18674 -0.81759 -0.04705 -0.19823 0.53856
1473347537.565326691 0.25409 0.26142 -0.17139 -0.82648 -0.06317 -0.17906 0.52998
1473347537.659457684 0.28006 0.26324 -0.15716 -0.83241 -0.07824 -0.15857 0.52520
1473347537.800653696 0.31667 0.27753 -0.13891 -0.83932 -0.09341 -0.13798 0.51747
1473347537.894784689 0.34033 0.29583 -0.13111 -0.83905 -0.10491 -0.12892 0.51805
1473347537.988915682 0.36433 0.31601 -0.12337 -0.83746 -0.11698 -0.11675 0.52091
1473347538.083046675 0.38610 0.33578 -0.11342 -0.83762 -0.13253 -0.10227 0.51996
1473347538.177176714 0.40453 0.35319 -0.10107 -0.83352 -0.14819 -0.08630 0.52520
1473347538.271307707 0.41693 0.37000 -0.08582 -0.83374 -0.15585 -0.05782 0.52654
1473347538.365438700 0.42212 0.38166 -0.07043 -0.83436 -0.16257 -0.03260 0.52569
1473347538.506634712 0.41873 0.39636 -0.04968 -0.83054 -0.16689 -0.00389 0.53135
1473347538.600765705 0.40936 0.40451 -0.03531 -0.82810 -0.16679 0.01242 0.53505
1473347538.694895744 0.39510 0.41329 -0.02423 -0.82701 -0.16460 0.02519 0.53695
1473347538.789026737 0.37638 0.42260 -0.01541 -0.82700 -0.16459 0.03508 0.53642
1473347538.883157730 0.35588 0.42888 -0.00231 -0.82623 -0.16101 0.04371 0.53807
1473347538.977287769 0.33404 0.43260 0.01299 -0.82569 -0.15670 0.04935 0.53967
1473347539.071418762 0.30933 0.44174 0.02175 -0.83152 -0.15087 0.04885 0.53238
1473347539.212614775 0.26882 0.45646 0.02489 -0.83503 -0.13972 0.04239 0.53047
1473347539.306745768 0.24076 0.46445 0.02628 -0.83721 -0.13195 0.03157 0.52978
1473347539.400876760 0.20854 0.46808 0.02495 -0.83906 -0.12213 0.01928 0.52980
1473347539.495007753 0.17902 0.46476 0.02808 -0.84354 -0.10583 0.01034 0.52643
1473347539.589137793 0.14594 0.45608 0.03041 -0.84639 -0.09239 0.00563 0.52446
1473347539.683268785 0.11062 0.44307 0.03422 -0.84764 -0.08571 0.00084 0.52361
1473347539.777399778 0.07696 0.42891 0.03835 -0.85015 -0.07509 -0.00324 0.52114
1473347539.918595791 0.03115 0.40927 0.05295 -0.85322 -0.06683 -0.00353 0.51724
1473347540.012726784 -0.00231 0.39923 0.06778 -0.85751 -0.07023 -0.00265 0.50965
1473347540.106856585 -0.03624 0.39490 0.08490 -0.85526 -0.07150 -0.00865 0.51317
1473347540.200987577 -0.06834 0.39623 0.10000 -0.85620 -0.06466 -0.01401 0.51239
1473347540.295118570 -0.09993 0.40163 0.11440 -0.85826 -0.05684 -0.02261 0.50956
1473347540.389248610 -0.13105 0.41406 0.12888 -0.86259 -0.04405 -0.04177 0.50224
1473347540.483379602 -0.16233 0.43156 0.14843 0.86688 0.03406 0.05659 -0.49413
1473347540.624575615 -0.20943 0.46173 0.16882 0.87225 0.02367 0.08507 -0.48102
1473347540.718706608 -0.23857 0.48339 0.16747 0.87485 0.01841 0.10449 -0.47264
1473347540.812837601 -0.26464 0.50171 0.15588 0.87465 0.00367 0.11448 -0.47103
1473347540.906968594 -0.28398 0.51607 0.13539 0.87784 -0.02080 0.11999 -0.46322
1473347541.001098633 -0.29704 0.52415 0.10558 0.88558 -0.04275 0.12309 -0.44583
1473347541.095229626 -0.30286 0.52271 0.06949 0.88511 -0.06444 0.13795 -0.43978
1473347541.189360619 -0.30569 0.51159 0.03331 0.88224 -0.07979 0.14944 -0.43927
1473347541.330556631 -0.31023 0.48019 -0.01694 0.88102 -0.09324 0.16073 -0.43507
1473347541.424687624 -0.30798 0.45122 -0.04648 0.88431 -0.10361 0.15830 -0.42684
1473347541.518817663 -0.29762 0.41508 -0.06861 0.88522 -0.11678 0.14962 -0.42469
1473347541.612948656 -0.28086 0.37697 -0.08790 0.89009 -0.13761 0.13614 -0.41265
1473347541.707079649 -0.26260 0.33433 -0.10179 0.89130 -0.15699 0.12109 -0.40778
1473347541.801210642 -0.24105 0.29041 -0.10895 0.89091 -0.17225 0.10512 -0.40688
1473347541.895340681 -0.21728 0.24982 -0.11454 0.89390 -0.18741 0.09013 -0.39711
1473347542.036536694 -0.18308 0.18807 -0.11808 0.89418 -0.19899 0.08223 -0.39254
1473347542.130667686 -0.15637 0.15023 -0.11628 0.89434 -0.20240 0.08385 -0.39007
1473347542.224798679 -0.13079 0.11751 -0.10873 0.88924 -0.19262 0.09861 -0.40301
1473347542.318929672 -0.10257 0.09077 -0.09443 0.88305 -0.17678 0.10754 -0.42119
1473347542.413059711 -0.06896 0.07480 -0.07489 0.87765 -0.16243 0.11699 -0.43551
1473347542.507190704 -0.03306 0.06897 -0.05240 0.87328 -0.15020 0.12482 -0.44637
1473347542.601321697 0.00395 0.06737 -0.02831 0.86601 -0.13973 0.13275 -0.46139
1473347542.742517710 0.06593 0.07047 0.01973 0.85672 -0.14124 0.12897 -0.47901
1473347542.836648703 0.11027 0.07372 0.05368 0.85239 -0.14482 0.11638 -0.48878
1473347542.930778742 0.15194 0.07895 0.08309 0.85130 -0.13955 0.10030 -0.49574
1473347543.024909735 0.19352 0.08711 0.10887 -0.84351 0.14073 -0.08416 0.51148
1473347543.119040728 0.23458 0.09260 0.13022 -0.83803 0.14538 -0.06210 0.52223
1473347543.213171721 0.27305 0.09606 0.14426 -0.83247 0.15165 -0.04496 0.53101
1473347543.307301760 0.30672 0.09791 0.14690 -0.83285 0.15860 -0.03069 0.52940
1473347543.448497772 0.34552 0.09805 0.12888 -0.84113 0.15716 -0.02598 0.51684
1473347543.542628765 0.36396 0.09945 0.11168 -0.84920 0.14715 -0.03676 0.50581
1473347543.636759758 0.37787 0.09582 0.09839 -0.84908 0.13179 -0.05666 0.50842
1473347543.730890751 0.38412 0.09366 0.08647 -0.84907 0.10892 -0.06104 0.51332
1473347543.825020790 0.38027 0.09673 0.07144 -0.85522 0.07781 -0.07290 0.50719
1473347543.919151783 0.37050 0.09888 0.05440 -0.85737 0.05472 -0.08520 0.50465
1473347544.013282776 0.35220 0.10551 0.03313 0.86320 -0.03332 0.08788 -0.49604
1473347544.154478788 0.31347 0.11866 0.00123 0.87003 0.01743 0.07187 -0.48742
1473347544.248609781 0.28487 0.12886 -0.01527 0.87535 0.04803 0.04954 -0.47855
1473347544.342739582 0.25703 0.13759 -0.02266 0.87484 0.08329 0.02852 -0.47635
1473347544.436870575 0.23467 0.14828 -0.01968 0.87172 0.10787 0.00319 -0.47798
1473347544.531001568 0.21697 0.16185 -0.01184 0.86821 0.12681 -0.01696 -0.47942
1473347544.625131607 0.20258 0.17624 -0.00109 0.86867 0.13930 -0.03153 -0.47435
1473347544.719262600 0.19074 0.18888 0.01212 0.86572 0.15464 -0.04297 -0.47411
1473347544.860458612 0.17611 0.20603 0.03192 0.86213 0.16778 -0.05035 -0.47545
1473347544.954589605 0.16601 0.21584 0.04448 0.85673 0.17501 -0.04872 -0.48271
1473347545.048720598 0.15550 0.23231 0.05507 0.85391 0.16907 -0.04047 -0.49053
1473347545.142851591 0.14268 0.25598 0.05945 0.85628 0.15935 -0.04616 -0.48915
1473347545.236981630 0.12317 0.28556 0.06084 0.85578 0.16469 -0.06856 -0.48561
1473347545.331112623 0.10487 0.31250 0.06842 0.85562 0.16376 -0.10146 -0.48042
1473347545.425243616 0.08864 0.33017 0.08081 0.85289 0.16354 -0.13889 -0.47597
1473347545.566439629 0.07114 0.31606 0.11057 0.82630 0.19272 -0.18145 -0.49716
1473347545.660570621 0.07160 0.29262 0.12679 -0.80956 -0.20334 0.20643 0.51053
1473347545.754700661 0.07544 0.26149 0.13916 -0.79657 -0.21636 0.21912 0.52024
1473347545.848831654 0.08216 0.22944 0.14464 -0.78907 -0.23293 0.22497 0.52202
1473347545.942962646 0.09389 0.19962 0.14586 -0.78692 -0.24636 0.22796 0.51778
1473347546.037092686 0.10798 0.17557 0.13942 -0.78211 -0.26079 0.23097 0.51667
1473347546.131223679 0.12766 0.15632 0.13051 -0.78302 -0.27180 0.23248 0.50888
1473347546.272419691 0.16933 0.12273 0.11500 -0.77991 -0.28034 0.23111 0.50965
1473347546.366550684 0.19943 0.11037 0.09728 -0.78475 -0.27756 0.23078 0.50386
1473347546.460681677 0.22872 0.10593 0.07701 0.79191 0.27252 -0.22995 -0.49572
1473347546.554812670 0.25856 0.10641 0.05725 0.79924 0.26840 -0.22712 -0.48744
1473347546.648942709 0.28562 0.10946 0.03777 0.80935 0.26475 -0.22305 -0.47446
1473347546.743073702 0.30820 0.11527 0.01648 0.82040 0.25920 -0.21337 -0.46285
1473347546.837204695 0.32814 0.12250 -0.00734 0.82536 0.24997 -0.20085 -0.46470
1473347546.978400707 0.34703 0.13845 -0.05145 0.83930 0.23986 -0.17823 -0.45417
1473347547.072531700 0.35116 0.15607 -0.08332 0.85050 0.22797 -0.15560 -0.44773
1473347547.166661739 0.35258 0.17426 -0.11155 0.85974 0.21273 -0.13383 -0.44463
1473347547.260792732 0.35404 0.18886 -0.13547 0.86621 0.19575 -0.11291 -0.44565
1473347547.354923725 0.34742 0.21157 -0.15708 0.87649 0.16649 -0.09996 -0.44052
1473347547.449054718 0.33812 0.23255 -0.17288 0.88106 0.14505 -0.08833 -0.44146
1473347547.543184757 0.32178 0.25249 -0.18064 0.88193 0.12623 -0.07544 -0.44786
1473347547.684380770 0.28703 0.27830 -0.17902 0.88056 0.09746 -0.06123 -0.45975
1473347547.778511763 0.25744 0.29038 -0.17287 0.87629 0.07334 -0.04868 -0.47368
1473347547.872642756 0.22462 0.30065 -0.16479 0.87344 0.05194 -0.04031 -0.48247
1473347547.966773748 0.18972 0.30911 -0.15564 0.87181 0.03404 -0.03275 -0.48756
1473347548.060903788 0.15597 0.31447 -0.14262 0.86887 0.00578 -0.02174 -0.49452
1473347548.155034781 0.11886 0.31817 -0.12744 -0.86264 0.01405 0.00838 0.50556
1473347548.249165773 0.08107 0.32090 -0.11278 -0.85782 0.03224 -0.00604 0.51290
1473347548.390361786 0.02078 0.31797 -0.09040 -0.84437 0.04994 -0.03254 0.53243
1473347548.484492779 -0.02219 0.31888 -0.08084 -0.84308 0.05759 -0.04310 0.53296
1473347548.578622580 -0.06791 0.31826 -0.07513 -0.84072 0.06933 -0.05419 0.53428
1473347548.672753572 -0.11687 0.31543 -0.07316 -0.84011 0.08110 -0.05749 0.53323
1473347548.766884804 -0.16690 0.30741 -0.07141 -0.83566 0.09728 -0.05956 0.53726
1473347548.861015797 -0.22186 0.29990 -0.07076 -0.83508 0.10461 -0.07218 0.53524
1473347548.955145597 -0.27847 0.28970 -0.06924 -0.83178 0.10575 -0.08460 0.53833
1473347549.096341610 -0.35671 0.27278 -0.06705 -0.83494 0.10934 -0.07706 0.53384
1473347549.190472603 -0.41021 0.25552 -0.06358 -0.83540 0.09564 -0.07092 0.53659
1473347549.284603596 -0.45934 0.23341 -0.05695 -0.83579 0.07194 -0.05945 0.54105
1473347549.378734589 -0.49905 0.20655 -0.04237 -0.83028 0.05233 -0.04542 0.55302
1473347549.472864628 -0.52431 0.18022 -0.02086 -0.82568 0.04474 -0.02850 0.56164
1473347549.566995621 -0.53572 0.15387 0.00888 -0.82043 0.04689 -0.01627 0.56959
1473347549.661126614 -0.53344 0.12929 0.04380 -0.81640 0.05122 -0.00479 0.57518
1473347549.802322626 -0.50611 0.09323 0.09451 -0.80911 0.05725 0.01315 0.58472
1473347549.896453619 -0.47690 0.07299 0.11805 -0.80848 0.05750 0.01295 0.58557
1473347549.990583658 -0.43979 0.05389 0.13598 -0.80581 0.05202 0.00342 0.58987
1473347550.084714651 -0.39443 0.03593 0.14677 -0.81082 0.04676 0.00331 0.58341
1473347550.178845644 -0.34591 0.02029 0.15188 -0.81277 0.04350 0.00246 0.58095
1473347550.272976637 -0.30000 0.00449 0.14869 -0.81564 0.03853 -0.00036 0.57728
1473347550.367106676 -0.25649 -0.01081 0.13938 -0.81975 0.03178 -0.00061 0.57183
1473347550.508302689 -0.19702 -0.04381 0.11955 -0.81761 0.01505 0.00600 0.57554
1473347550.602433681 -0.15513 -0.06222 0.10797 -0.82077 0.01414 0.01741 0.57082
1473347550.696564674 -0.11302 -0.07230 0.09686 -0.82853 0.01502 0.02960 0.55896
1473347550.790695667 -0.07058 -0.08034 0.08546 -0.83337 0.00800 0.03411 0.55160
1473347550.884825706 -0.02585 -0.08601 0.07320 -0.83488 0.00193 0.03662 0.54921
1473347550.978956699 0.02058 -0.08780 0.06140 -0.83219 -0.00692 0.03668 0.55324
1473347551.073087692 0.07085 -0.08566 0.04920 -0.83256 -0.01815 0.04009 0.55219
1473347551.214283705 0.15339 -0.07932 0.03078 -0.83931 -0.04180 0.03870 0.54066
1473347551.308414698 0.21001 -0.07222 0.01915 -0.84200 -0.05429 0.03449 0.53563
1473347551.402544737 0.26646 -0.06538 0.00865 -0.84061 -0.06885 0.03141 0.53633
1473347551.496675730 0.31983 -0.05316 0.00398 -0.84085 -0.07746 0.02606 0.53506
1473347551.590806723 0.36271 -0.03450 0.01181 -0.84843 -0.07842 0.02408 0.52292
1473347551.684936762 0.38137 -0.01842 0.04292 -0.84907 -0.09244 0.01327 0.51996
1473347551.779067755 0.37546 0.00052 0.09351 -0.84461 -0.09058 0.00418 0.52765
1473347551.920263767 0.31180 0.03899 0.16028 -0.83125 -0.07732 0.00714 0.55045
1473347552.014394760 0.23978 0.05398 0.16155 -0.82179 -0.08333 0.01964 0.56332
1473347552.108525753 0.17082 0.05508 0.12618 -0.82244 -0.07517 0.04061 0.56240
1473347552.202656746 0.11253 0.05682 0.06122 -0.82555 -0.06244 0.04638 0.55894
1473347552.296786785 0.07722 0.05411 -0.02035 -0.83997 -0.06608 0.03737 0.53730
1473347552.390917778 0.07831 0.05175 -0.08064 -0.85162 -0.07014 0.00842 0.51937
1473347552.485048771 0.11244 0.06129 -0.09429 -0.86354 -0.05832 -0.01984 0.50050
1473347552.626244783 0.16687 0.09316 -0.02515 -0.85685 -0.03696 -0.05064 0.51173
1473347552.720375776 0.16012 0.12531 0.05090 -0.84574 -0.02121 -0.06566 0.52911
1473347552.814505577 0.11617 0.15544 0.11714 -0.83298 -0.01749 -0.05901 0.54987
1473347552.908636570 0.04517 0.18734 0.14210 -0.81982 -0.02040 -0.02612 0.57167
1473347553.002767801 -0.03209 0.21082 0.10712 -0.81156 -0.00921 -0.00675 0.58416
1473347553.096897602 -0.10007 0.21623 0.03005 -0.82605 -0.02202 -0.02159 0.56275
1473347553.191028595 -0.16197 0.20084 -0.04279 -0.82978 -0.06254 -0.04782 0.55251
1473347553.332224607 -0.26697 0.18668 -0.05600 -0.83121 -0.08737 -0.02722 0.54838
1473347553.426355600 -0.33320 0.19818 0.01058 -0.80640 -0.08124 -0.00145 0.58576
1473347553.520486593 -0.36341 0.23100 0.07854 -0.80456 -0.04211 0.02702 0.59176
1473347553.614617586 -0.36406 0.25651 0.08138 -0.82100 -0.04127 0.04306 0.56780
1473347553.708747625 -0.31549 0.23521 0.05607 -0.82034 -0.06649 0.05238 0.56558
1473347553.802878618 -0.23661 0.19366 0.05051 -0.82623 -0.09894 0.04858 0.55244
1473347553.897009611 -0.17112 0.17294 0.06546 -0.82460 -0.11479 0.04374 0.55223
1473347554.038205624 -0.12994 0.23294 0.09865 -0.82920 -0.08703 0.04029 0.55066
1473347554.132336617 -0.13207 0.29834 0.10030 -0.82550 -0.05964 0.02380 0.56074
1473347554.226466656 -0.12944 0.35622 0.07307 -0.83380 -0.03724 0.00358 0.55080
1473347554.320597649 -0.08788 0.35017 0.03629 -0.85297 -0.02004 0.02181 0.52112
1473347554.414728642 -0.02008 0.27566 0.00478 -0.84853 -0.10062 0.00754 0.51944
1473347554.508858681 0.07468 0.21105 -0.00620 -0.81706 -0.19094 -0.08835 0.53680
1473347554.602989674 0.12872 0.18252 0.02502 -0.74700 -0.26878 -0.17437 0.58253
1473347554.744185686 0.09652 0.23021 0.05395 0.83123 0.29185 0.05199 -0.47028
1473347554.838316679 0.06335 0.27756 0.02364 0.87793 0.17607 -0.08157 -0.43770
1473347554.932447672 0.06162 0.28491 -0.01216 0.87709 0.07307 -0.06808 -0.46983
1473347555.026578665 0.10202 0.24921 -0.02163 -0.85503 -0.06371 0.02130 0.51421
1473347555.120708704 0.17775 0.20335 -0.00839 -0.82393 -0.07806 -0.05193 0.55888
1473347555.214839697 0.25199 0.18389 0.01894 -0.75505 -0.11609 -0.16574 0.62365
1473347555.308970690 0.28870 0.21572 0.04229 -0.71465 -0.16333 -0.21700 0.64460
1473347555.450166702 0.28708 0.34663 0.04243 0.88477 0.14824 -0.11114 -0.42761
1473347555.544297695 0.26094 0.40187 0.02484 0.89686 0.09947 -0.09960 -0.41931
1473347555.638427734 0.24657 0.40071 0.03039 -0.83727 -0.15006 -0.12578 0.51053
1473347555.732558727 0.27687 0.35357 0.04662 -0.79920 -0.14285 -0.15619 0.56256
1473347555.826689720 0.30033 0.29649 0.04213 -0.83845 -0.12075 -0.07169 0.52658
1473347555.920819759 0.28399 0.23190 0.04448 -0.81862 -0.07047 -0.08729 0.56327
1473347556.014950752 0.22051 0.17785 0.07583 -0.74791 -0.08013 -0.12999 0.64600
1473347556.156146765 0.12639 0.15013 0.14125 -0.63354 -0.11354 -0.17053 0.74609
1473347556.250277758 0.07598 0.18485 0.16869 -0.62696 -0.13384 -0.19432 0.74246
1473347556.344408751 0.03760 0.27550 0.17110 -0.79972 -0.15959 -0.09680 0.57063
1473347556.438539743 0.02016 0.32577 0.13523 0.88014 0.13613 0.00786 -0.45470
1473347556.532669783 0.04487 0.30609 0.08704 -0.85310 -0.08186 -0.00731 0.51523
1473347556.626800776 0.09697 0.26639 0.02588 0.86348 0.03078 -0.13417 -0.48523
1473347556.720931768 0.12445 0.24895 -0.00902 0.88688 -0.00455 -0.14118 -0.43987
1473347556.862127781 0.06544 0.26661 0.04225 -0.77511 -0.04713 -0.13129 0.61623
1473347556.956258774 -0.01486 0.34127 0.07176 -0.84404 -0.16524 -0.05904 0.50676
1473347557.050388575 -0.09878 0.43442 0.08387 0.90045 0.16693 -0.08055 -0.39348
1473347557.144519567 -0.18840 0.48456 0.08197 -0.76268 -0.10845 -0.16312 0.61640
1473347557.238650799 -0.23426 0.53588 0.03883 0.88930 0.11475 -0.06846 -0.43737
1473347557.332780600 -0.22391 0.51095 0.00145 0.90289 0.05291 -0.10746 -0.41286
1473347557.426911592 -0.17262 0.41313 -0.01344 -0.84016 -0.07458 0.01424 0.53700
1473347557.568107605 -0.03757 0.25950 -0.02692 -0.84881 -0.08223 0.02478 0.52168
1473347557.662238598 0.04439 0.19678 -0.01146 0.88624 0.11973 -0.03920 -0.44576
1473347557.756369591 0.10785 0.16917 0.05237 0.91112 0.18046 -0.06489 -0.36480
1473347557.850500584 0.14924 0.15791 0.14819 0.89802 0.24940 -0.02208 -0.36175
1473347557.944630623 0.16398 0.14800 0.22463 0.81771 0.27576 0.08433 -0.49820
1473347558.038761616 0.13955 0.14594 0.25140 -0.64821 -0.28103 -0.29318 0.64413
1473347558.132892609 0.10940 0.17048 0.26753 -0.74527 -0.35683 -0.20568 0.52434
1473347558.274088621 0.06589 0.19547 0.26403 -0.74780 -0.39853 -0.13565 0.51339
1473347558.368219614 0.05626 0.20084 0.23468 -0.73737 -0.38306 -0.06470 0.55260
1473347558.462349653 0.11123 0.19569 0.18636 -0.78917 -0.28277 0.09688 0.53654
1473347558.556480646 0.20870 0.17308 0.10808 0.86144 0.19330 -0.23065 -0.40910
1473347558.650611639 0.32431 0.14231 0.03199 0.89727 0.09231 -0.26484 -0.34094
1473347558.744741678 0.41679 0.10959 -0.00748 0.90987 -0.01201 -0.19466 -0.36621
1473347558.838872671 0.41772 0.11285 0.00847 0.87335 0.08616 -0.01365 -0.47922
1473347558.980068684 0.34638 0.14999 0.04445 -0.71286 -0.31563 -0.19691 0.59450
1473347559.074199677 0.31169 0.17372 0.06697 -0.71769 -0.37457 -0.09863 0.57869
1473347559.168330669 0.31383 0.19659 0.06373 0.84725 0.25152 -0.15123 -0.44276
1473347559.262461662 0.32103 0.15440 0.02761 0.87637 0.13061 -0.08366 -0.45599
1473347559.356591702 0.26630 0.11020 0.00728 -0.76931 -0.31242 -0.15745 0.53456
1473347559.450722694 0.20423 0.10647 0.00745 -0.62508 -0.47096 -0.31403 0.53745
1473347559.544853687 0.18553 0.10715 0.04288 -0.70502 -0.36106 -0.18335 0.58222
1473347559.686049700 0.22482 0.09726 0.02323 0.88676 0.09882 -0.11908 -0.43556
1473347559.780180693 0.20721 0.09987 0.05374 0.89968 0.09936 -0.10800 -0.41114
1473347559.874310732 0.15368 0.12460 0.14428 0.87288 0.19067 -0.06641 -0.44421
1473347559.968441725 0.07995 0.13451 0.22505 0.82131 0.26597 -0.09025 -0.49655
1473347560.062572718 -0.01600 0.16380 0.22930 -0.80829 -0.27328 0.07950 0.51542
1473347560.156703711 -0.08576 0.20974 0.16254 -0.78412 -0.22894 0.04426 0.57513
1473347560.250833750 -0.10431 0.25730 0.05897 -0.81788 -0.17268 0.07059 0.54431
1473347560.392029762 -0.06906 0.21540 -0.09725 -0.84424 -0.13628 0.04558 0.51634
1473347560.486160755 -0.04194 0.13557 -0.13674 0.85421 0.16777 -0.02982 -0.49122
1473347560.580291748 -0.03507 0.09602 -0.06281 0.85520 0.16041 -0.04650 -0.49064
1473347560.674422741 -0.05860 0.11803 0.06348 -0.82072 -0.14484 0.06718 0.54857
1473347560.768552780 -0.09047 0.15567 0.15875 -0.81056 -0.14388 0.07059 0.56330
1473347560.862683773 -0.10790 0.18134 0.16221 -0.79781 -0.12713 0.08462 0.58324
1473347560.956814766 -0.04942 0.12362 0.06452 -0.82988 -0.12249 0.08221 0.53808
1473347561.098010778 0.10636 -0.05895 -0.03609 0.86103 0.13696 -0.07226 -0.48441
1473347561.192141771 0.14455 -0.07820 0.05092 -0.83721 -0.16429 0.07389 0.51637
1473347561.286271572 0.14574 -0.04698 0.13595 -0.81999 -0.17262 0.08563 0.53898
1473347561.380402803 0.14047 -0.04056 0.12912 -0.83955 -0.14241 0.06242 0.52056
1473347561.474533796 0.12389 -0.13768 0.09284 -0.82553 -0.18499 0.09042 0.52546
1473347561.568664789 0.14678 -0.21123 0.09544 -0.81866 -0.21132 0.13988 0.51533
1473347561.662794590 0.23948 -0.22247 0.11959 -0.81111 -0.17407 0.11943 0.54547
1473347561.803990602 0.42908 -0.19622 0.10100 -0.83328 -0.04782 0.02083 0.55039
1473347561.898121595 0.46762 -0.20919 0.08363 -0.84728 -0.04174 -0.01105 0.52939
1473347561.992252588 0.42893 -0.21775 0.12715 -0.84936 -0.07852 0.03691 0.52063
1473347562.086383581 0.39292 -0.20982 0.21469 -0.83218 -0.09967 0.07889 0.53974
1473347562.180513620 0.34187 -0.17930 0.25716 -0.81484 -0.09757 0.09797 0.56295
1473347562.274644613 0.27266 -0.13761 0.20995 -0.83750 -0.11223 0.11636 0.52198
1473347562.368775606 0.23925 -0.12809 0.10465 0.85204 0.11046 -0.11643 -0.49827
1473347562.509971619 0.30023 -0.16170 -0.03474 0.85639 0.10376 -0.13270 -0.48809
1473347562.604102612 0.40061 -0.14005 -0.05550 0.86805 0.08902 -0.11764 -0.47405
1473347562.698232651 0.45939 -0.08922 -0.02613 0.87841 0.05942 -0.08654 -0.46623
1473347562.792363644 0.39244 -0.04930 0.00732 0.86522 0.12433 -0.09400 -0.47655
1473347562.886494637 0.26491 -0.01826 0.02728 0.83659 0.21296 -0.13644 -0.48595
1473347562.980624676 0.19400 0.04159 0.07337 0.83760 0.23275 -0.15179 -0.47033
1473347563.074755669 0.18436 0.08566 0.18832 -0.80083 -0.24043 0.15782 0.52532
1473347563.215951681 0.15797 0.16520 0.31193 -0.75468 -0.24757 0.15672 0.58703
1473347563.310082674 0.15906 0.23260 0.24391 -0.73799 -0.26579 0.17213 0.59590
1473347563.404213667 0.20813 0.26725 0.07203 -0.74542 -0.27097 0.16662 0.58580
1473347563.498344660 0.28522 0.27891 -0.10512 0.81998 0.24972 -0.12495 -0.49966
1473347563.592474699 0.34031 0.29416 -0.16426 0.87246 0.21014 -0.10246 -0.42913
1473347563.686605692 0.34160 0.34509 -0.07166 0.86920 0.18443 -0.12256 -0.44211
1473347563.780736685 0.30737 0.38512 0.06808 0.85580 0.21578 -0.08724 -0.46199
1473347563.921932697 0.29792 0.37287 0.10400 -0.81587 -0.18575 0.11958 0.53437
1473347564.016063690 0.34387 0.31073 -0.04156 0.85034 0.12638 -0.10832 -0.49921
1473347564.110193729 0.39577 0.20049 -0.16373 0.88049 0.06270 -0.02230 -0.46938
1473347564.204324722 0.34861 0.11033 -0.14486 -0.86154 -0.07442 -0.00155 0.50220
1473347564.298455715 0.24976 0.07443 -0.06935 -0.85048 -0.14492 0.04054 0.50403
1473347564.392585754 0.20700 0.07866 0.02909 -0.83961 -0.13978 0.03733 0.52357
1473347564.486716747 0.20840 0.07736 0.14309 -0.76174 -0.08910 -0.04360 0.64025
1473347564.627912760 0.14016 0.11332 0.23221 -0.79922 -0.17778 -0.14409 0.55577
1473347564.722043753 0.13353 0.14951 0.24343 0.86695 0.17077 0.00025 -0.46823
1473347564.816174746 0.17790 0.15536 0.16583 0.86912 0.16417 -0.16558 -0.43619
1473347564.910305738 0.25315 0.12465 0.00287 0.86079 0.15316 -0.21975 -0.43277
1473347565.004435778 0.29994 0.11605 -0.12255 0.89817 0.17025 -0.20883 -0.34742
1473347565.098566771 0.28951 0.16512 -0.14024 0.88924 0.26014 -0.08007 -0.36765
1473347565.192697763 0.23699 0.22407 -0.11926 -0.73845 -0.39205 -0.17414 0.52025
1473347565.333893776 0.18099 0.30212 -0.07921 -0.74060 -0.34917 -0.04306 0.57248
1473347565.428024769 0.16864 0.31403 -0.10318 -0.80235 -0.21753 0.06611 0.55186
1473347565.522154570 0.20976 0.26175 -0.17759 0.85789 0.10979 -0.11421 -0.48880
1473347565.616285801 0.30991 0.12560 -0.23851 0.87139 0.07036 -0.11156 -0.47253
1473347565.710416794 0.40720 -0.01690 -0.25628 -0.85365 -0.10549 0.08661 0.50264
1473347565.804547787 0.48714 -0.11534 -0.21257 -0.83292 -0.11102 0.07206 0.53733
1473347565.898677588 0.52458 -0.13573 -0.14062 -0.82975 -0.09795 0.08652 0.54262
1473347566.039873600 0.46665 -0.01937 -0.05645 -0.83718 -0.12017 0.10370 0.52339
1473347566.134004593 0.39656 0.09441 -0.02208 -0.83995 -0.13938 0.10853 0.51310
1473347566.228135586 0.36439 0.15954 -0.00341 -0.82053 -0.13360 0.11705 0.54330
1473347566.322266579 0.35328 0.20642 -0.03298 -0.81804 -0.13887 0.08761 0.55123
1473347566.416396618 0.36706 0.21768 -0.11179 -0.82100 -0.12187 0.04826 0.55567
1473347566.510527611 0.39066 0.18251 -0.19040 -0.82735 -0.12788 0.04686 0.54493
1473347566.604658604 0.39215 0.19605 -0.21347 -0.84794 -0.12033 0.06360 0.51232
1473347566.745854616 0.28420 0.37944 -0.16860 0.86059 0.12613 -0.03534 -0.49217
1473347566.839985609 0.17936 0.53442 -0.14987 0.86878 0.13981 -0.02394 -0.47446
1473347566.934115648 0.07870 0.65853 -0.13965 -0.85013 -0.16114 0.02389 0.50075
1473347567.028246641 0.00638 0.73950 -0.14156 -0.84116 -0.15094 0.00195 0.51928
1473347567.122377634 -0.00969 0.75456 -0.14810 -0.85685 -0.09483 0.01965 0.50639
1473347567.216507673 0.02017 0.69048 -0.16207 -0.85155 -0.11159 0.04182 0.51055
1473347567.310638666 0.08236 0.58316 -0.18039 -0.84800 -0.13860 0.03852 0.51010
1473347567.451834679 0.14589 0.45174 -0.16978 0.86045 0.21178 -0.05366 -0.46033
1473347567.545965672 0.12151 0.40904 -0.12673 0.84273 0.25170 -0.09145 -0.46701
1473347567.640096664 0.06683 0.40398 -0.07045 0.82811 0.27003 -0.09504 -0.48196
1473347567.734227657 0.01788 0.41346 -0.02188 0.82587 0.25625 -0.12795 -0.48570
1473347567.828357697 0.00069 0.43171 -0.01657 -0.80955 -0.26966 0.11741 0.50807
1473347567.922488689 0.03957 0.43592 -0.04141 -0.79582 -0.28848 0.03873 0.53098
1473347568.016619682 0.12001 0.43114 -0.07410 -0.74338 -0.32851 -0.04061 0.58122
1473347568.157815695 0.26832 0.44580 -0.11917 -0.65395 -0.39861 -0.12388 0.63097
1473347568.251946688 0.35801 0.47983 -0.12779 -0.65488 -0.40819 -0.14118 0.62015
1473347568.346076727 0.42563 0.52298 -0.12817 -0.66374 -0.39600 -0.14949 0.61667
1473347568.440207720 0.45394 0.56267 -0.13764 -0.66206 -0.38779 -0.15698 0.62181
1473347568.534338713 0.42228 0.58688 -0.16506 -0.69167 -0.36833 -0.10150 0.61288
1473347568.628468752 0.34776 0.57944 -0.20599 -0.77238 -0.31399 0.03208 0.55119
1473347568.722599745 0.26368 0.54295 -0.21675 0.85351 0.22156 -0.16236 -0.44281
1473347568.863795757 0.17465 0.51660 -0.09640 0.89980 0.12684 -0.28893 -0.30131
1473347568.957926750 0.14414 0.50889 0.04319 0.88015 0.17744 -0.29166 -0.32983
1473347569.052057743 0.13230 0.50443 0.16613 0.85312 0.23059 -0.27693 -0.37726
1473347569.146188736 0.12972 0.50305 0.22562 0.83900 0.23936 -0.26536 -0.41032
1473347569.240318775 0.12681 0.50459 0.18393 0.84193 0.22560 -0.23983 -0.42749
1473347569.334449768 0.13146 0.51858 0.03210 0.84704 0.21824 -0.20448 -0.43942
1473347569.428580761 0.16722 0.51081 -0.16976 0.86074 0.25282 -0.14174 -0.41848
1473347569.569776773 0.23958 0.50456 -0.26803 0.89713 0.25217 -0.07159 -0.35560
1473347569.663907766 0.24359 0.53014 -0.14824 0.87930 0.26402 -0.11543 -0.37920
1473347569.758037567 0.23200 0.56850 0.01138 0.81986 0.29634 -0.11477 -0.47628
1473347569.852168798 0.21216 0.62893 0.09702 -0.80601 -0.28085 0.12770 0.50514
1473347569.946299791 0.16767 0.68154 0.08253 -0.80251 -0.30104 0.12292 0.50025
1473347570.040429592 0.12408 0.72577 -0.00860 0.82605 0.32290 -0.12821 -0.44377
1473347570.134560585 0.11406 0.72868 -0.12652 0.84737 0.30678 -0.16581 -0.40044
1473347570.275756598 0.16274 0.65250 -0.28116 0.86675 0.29539 -0.15787 -0.36954
1473347570.369887590 0.24049 0.58546 -0.31901 0.89747 0.24355 -0.14326 -0.33867
1473347570.464018583 0.30474 0.52327 -0.28994 0.90191 0.21139 -0.10906 -0.36053
1473347570.558149576 0.29355 0.48490 -0.24566 0.88795 0.21454 -0.11252 -0.39097
1473347570.652279615 0.23908 0.47163 -0.19693 0.85915 0.24061 -0.18009 -0.41416
1473347570.746410608 0.24041 0.51467 -0.15443 0.82446 0.26711 -0.15592 -0.47393
1473347570.840541601 0.27900 0.55860 -0.12793 0.85615 0.20642 -0.11952 -0.45838
1473347570.981737614 0.24714 0.44576 -0.13507 0.84688 0.28682 -0.12406 -0.43028
1473347571.075868607 0.23437 0.41198 -0.08973 0.86260 0.31069 -0.14619 -0.37153
1473347571.169998646 0.24606 0.41681 0.04586 0.81909 0.37114 -0.13033 -0.41757
1473347571.264129639 0.26441 0.44190 0.19013 0.78723 0.37599 -0.13105 -0.47087
1473347571.358260632 0.26879 0.47488 0.27793 0.77377 0.36477 -0.14409 -0.49746
1473347571.452391624 0.27861 0.51557 0.27107 -0.77590 -0.34920 0.14994 0.50355
1473347571.546521664 0.32806 0.54617 0.16611 -0.78949 -0.30759 0.15922 0.50669
1473347571.687717676 0.45773 0.56734 -0.08830 0.86253 0.24721 -0.15453 -0.41358
1473347571.781848669 0.48984 0.54100 -0.20300 0.90438 0.18765 -0.11565 -0.36538
1473347571.875979662 0.40520 0.48713 -0.22673 0.87023 0.29638 -0.10525 -0.37918
1473347571.970110655 0.35897 0.53239 -0.18750 0.85243 0.30282 -0.11374 -0.41076
1473347572.064240694 0.37750 0.61508 -0.14645 0.87522 0.18980 -0.05138 -0.44196
1473347572.158371687 0.33022 0.56108 -0.13945 0.88492 0.16328 -0.06844 -0.43078
1473347572.252502680 0.24176 0.41908 -0.11176 0.82500 0.31038 -0.10939 -0.45943
1473347572.393698692 0.23505 0.47665 0.08252 0.83027 0.24183 -0.13036 -0.48495
1473347572.487829685 0.22487 0.49972 0.22402 -0.81922 -0.20098 0.12624 0.52207
1473347572.581959724 0.18769 0.47985 0.24488 -0.80022 -0.20251 0.13553 0.54796
1473347572.676090717 0.18463 0.45604 0.07961 -0.80730 -0.23876 0.10741 0.52889
1473347572.770221710 0.25888 0.41024 -0.16989 0.86483 0.26930 -0.05367 -0.42032
1473347572.864351749 0.33138 0.36257 -0.27865 0.90548 0.27511 0.00655 -0.32307
1473347572.958482742 0.28276 0.40245 -0.14969 0.88435 0.26290 -0.05549 -0.38173
1473347573.099678755 0.21213 0.45578 0.13810 -0.78354 -0.27098 0.14038 0.54122
1473347573.193809748 0.24167 0.47140 0.14104 -0.77102 -0.24349 0.18254 0.55940
1473347573.287940741 0.30425 0.46954 -0.02642 0.82834 0.22823 -0.13195 -0.49432
1473347573.382071733 0.38681 0.42353 -0.18857 0.87886 0.23520 -0.03378 -0.41370
1473347573.476201773 0.38802 0.40761 -0.18082 0.88953 0.22548 -0.03636 -0.39568
1473347573.570332766 0.30873 0.39639 -0.08223 0.86768 0.19937 -0.00028 -0.45540
1473347573.664463758 0.20208 0.28922 -0.01653 0.85416 0.18892 -0.01988 -0.48407
1473347573.805659771 0.09457 0.23409 0.07274 0.85613 0.27100 -0.06198 -0.43562
1473347573.899790764 0.06990 0.27368 0.19305 0.83081 0.28086 -0.01458 -0.48028
1473347573.993920803 0.04155 0.30694 0.28332 -0.78577 -0.30792 -0.08430 0.52976
1473347574.088051796 0.02215 0.34311 0.29803 -0.77377 -0.31644 -0.11967 0.53556
1473347574.182182789 0.05515 0.36431 0.23388 -0.81739 -0.27670 0.01773 0.50497
1473347574.276312590 0.13734 0.35069 0.08640 0.84312 0.21548 -0.13586 -0.47356
1473347574.370443583 0.23086 0.33445 -0.07619 0.88186 0.15085 -0.13077 -0.42716
1473347574.511639595 0.34357 0.36480 -0.11695 0.91381 0.06613 -0.07702 -0.39324
1473347574.605770588 0.38555 0.46560 -0.04879 0.88993 0.03008 0.05704 -0.45151
1473347574.699901581 0.37187 0.55060 0.02444 -0.84382 0.05845 -0.17296 0.50461
1473347574.794032574 0.27260 0.57201 0.04586 -0.84609 0.06137 -0.13938 0.51082
1473347574.888162613 0.16033 0.56061 0.04568 0.86753 -0.02912 0.08401 -0.48938
1473347574.982293606 0.11298 0.50681 0.07070 0.87239 0.00442 0.02532 -0.48814
1473347575.076424599 0.14030 0.40282 0.07725 0.87515 0.03792 -0.03504 -0.48108
1473347575.217620611 0.19847 0.22208 0.05322 0.89504 0.10517 -0.10373 -0.42082
1473347575.311751604 0.17780 0.19164 0.10566 0.88572 0.11470 -0.12351 -0.43254
1473347575.405881643 0.11366 0.22249 0.18222 0.86162 0.07816 -0.12523 -0.48562
1473347575.500012636 0.01825 0.28064 0.21163 0.86513 0.05945 -0.10457 -0.48691
1473347575.594143629 -0.02064 0.30569 0.15689 0.88791 0.03665 -0.06535 -0.45388
1473347575.688274622 0.01069 0.24586 0.05380 0.89532 0.01836 0.01326 -0.44485
1473347575.782404661 0.02298 0.11379 -0.04224 0.89188 0.06915 0.05259 -0.44384
1473347575.923600674 -0.02998 0.03387 -0.01439 -0.82088 -0.20076 -0.10139 0.52495
1473347576.017731667 -0.01644 0.10502 0.03139 -0.76784 -0.26375 -0.23189 0.53580
1473347576.111862659 0.05310 0.16392 0.04584 -0.79555 -0.20912 -0.25667 0.50743
1473347576.205993652 0.11646 0.14470 0.02543 -0.84966 -0.07963 -0.14596 0.50043
1473347576.300123692 0.14783 0.09868 -0.03271 0.91952 -0.05965 -0.06505 -0.38300
1473347576.394254684 0.13104 0.09480 -0.04571 0.94384 -0.11195 -0.16649 -0.26251
1473347576.488385677 0.10444 0.16982 0.05646 0.94392 0.02733 -0.08515 -0.31783
1473347576.629581690 0.10242 0.27570 0.30913 0.88454 0.17809 0.00149 -0.43113
1473347576.723712683 0.12015 0.32840 0.45512 0.86712 0.17011 -0.05764 -0.46459
