1545308256.274616718 -0.05338 -0.02272 -0.07834 0.96941 -0.05459 -0.19353 -0.14077
1545308256.388796806 -0.06390 0.07695 -0.05232 0.96076 -0.04651 -0.18926 -0.19737
1545308256.501440763 -0.03535 0.15342 0.00118 0.95133 -0.06474 -0.17485 -0.24536
1545308256.575542688 -0.00529 0.18629 0.04960 0.94612 -0.07905 -0.16664 -0.26616
1545308256.685245752 0.05246 0.20694 0.09965 0.94668 -0.10704 -0.15469 -0.26155
1545308256.793687820 0.09770 0.18662 0.12717 0.95273 -0.12507 -0.15110 -0.23201
1545308256.865651608 0.10720 0.13082 0.14124 0.95908 -0.12548 -0.14734 -0.20665
1545308256.973605633 0.13376 0.06489 0.12373 0.97030 -0.11373 -0.14367 -0.15795
1545308257.082184792 0.15992 -0.00678 0.10840 0.97965 -0.10779 -0.11880 -0.12066
1545308257.192015648 0.17355 -0.11135 0.11115 0.98952 -0.09407 -0.06593 -0.08753
1545308258.982680798 -0.10470 0.22495 -0.33102 0.89064 0.08143 -0.00322 -0.44734
1545308259.085498810 -0.09892 0.21181 -0.40734 0.89850 0.08166 -0.01413 -0.43108
1545308259.153196812 -0.09972 0.19218 -0.40879 0.90882 0.08051 -0.02407 -0.40863
1545308259.253689766 -0.10321 0.18886 -0.41382 0.91280 0.07298 -0.03698 -0.40012
1545308259.353123665 -0.10130 0.18526 -0.42008 0.91429 0.06910 -0.04089 -0.39702
1545308259.451598644 -0.10079 0.18447 -0.42009 0.91299 0.06527 -0.04370 -0.40036
1545308259.549239635 -0.10182 0.18369 -0.41928 0.91214 0.06450 -0.04996 -0.40167
1545308259.646231651 -0.10304 0.18515 -0.41961 0.91216 0.06588 -0.05250 -0.40108
1545308259.742728710 -0.10375 0.18626 -0.42057 0.91322 0.06777 -0.05137 -0.39850
1545308259.838851690 -0.10413 0.18659 -0.42125 0.91325 0.06978 -0.04874 -0.39840
1545308259.934698820 -0.10488 0.18605 -0.42240 0.91414 0.07049 -0.04663 -0.39649
1545308260.030282736 -0.10457 0.18591 -0.42319 0.91476 0.07084 -0.04387 -0.39532
1545308260.125608683 -0.10495 0.18589 -0.42320 0.91480 0.07060 -0.04462 -0.39518
1545308260.220755816 -0.10525 0.18606 -0.42322 0.91472 0.07057 -0.04565 -0.39525
1545308260.315772772 -0.10407 0.18574 -0.42383 0.91585 0.06833 -0.04386 -0.39322
1545308260.410708666 -0.10372 0.18583 -0.42427 0.91568 0.06882 -0.04646 -0.39323
1545308260.505540609 -0.10371 0.18588 -0.42420 0.91541 0.06945 -0.04599 -0.39380
1545308260.600301743 -0.10366 0.18592 -0.42422 0.91553 0.06948 -0.04576 -0.39355
1545308260.695032597 -0.10366 0.18593 -0.42423 0.91549 0.06957 -0.04578 -0.39362
1545308260.789765596 -0.10366 0.18590 -0.42425 0.91549 0.06946 -0.04588 -0.39363
1545308260.884518623 -0.10367 0.18588 -0.42424 0.91549 0.06944 -0.04590 -0.39363
1545308260.979343653 -0.10364 0.18586 -0.42425 0.91552 0.06940 -0.04595 -0.39358
1545308261.074192762 -0.10361 0.18584 -0.42427 0.91552 0.06940 -0.04586 -0.39357
1545308261.168951750 -0.10358 0.18582 -0.42430 0.91554 0.06946 -0.04574 -0.39353
1545308261.263522625 -0.10357 0.18582 -0.42431 0.91554 0.06951 -0.04563 -0.39355
1545308261.357839823 -0.10356 0.18582 -0.42431 0.91554 0.06957 -0.04557 -0.39354
1545308261.451966763 -0.10356 0.18582 -0.42430 0.91556 0.06958 -0.04560 -0.39348
1545308261.545954704 -0.10356 0.18583 -0.42430 0.91556 0.06955 -0.04564 -0.39348
1545308261.639822721 -0.10356 0.18582 -0.42431 0.91558 0.06955 -0.04566 -0.39343
1545308261.733605623 -0.10355 0.18582 -0.42431 0.91559 0.06957 -0.04567 -0.39341
1545308261.827328682 -0.10356 0.18582 -0.42431 0.91559 0.06959 -0.04565 -0.39340
1545308261.921012640 -0.10354 0.18582 -0.42431 0.91560 0.06956 -0.04567 -0.39338
1545308262.014667749 -0.10354 0.18582 -0.42430 0.91560 0.06956 -0.04566 -0.39338
1545308262.108317614 -0.10354 0.18583 -0.42430 0.91560 0.06956 -0.04570 -0.39339
1545308262.201949596 -0.10354 0.18583 -0.42431 0.91560 0.06954 -0.04577 -0.39338
1545308262.295571804 -0.10354 0.18581 -0.42431 0.91560 0.06955 -0.04576 -0.39338
1545308262.420374632 -0.10353 0.18581 -0.42432 0.91560 0.06957 -0.04571 -0.39339
1545308262.513975620 -0.10353 0.18581 -0.42432 0.91561 0.06958 -0.04564 -0.39336
1545308262.607580662 -0.10354 0.18581 -0.42432 0.91562 0.06958 -0.04565 -0.39333
1545308262.701185703 -0.10355 0.18581 -0.42428 0.91558 0.06973 -0.04558 -0.39341
1545308262.794788599 -0.10352 0.18581 -0.42431 0.91567 0.06955 -0.04562 -0.39323
1545308262.888391733 -0.10354 0.18579 -0.42430 0.91564 0.06964 -0.04558 -0.39330
1545308262.982001781 -0.10352 0.18579 -0.42431 0.91566 0.06962 -0.04560 -0.39325
1545308263.075609684 -0.10354 0.18581 -0.42427 0.91556 0.06968 -0.04557 -0.39347
1545308263.169208765 -0.10355 0.18580 -0.42428 0.91552 0.06983 -0.04540 -0.39356
1545308263.262797832 -0.10352 0.18578 -0.42430 0.91556 0.06976 -0.04541 -0.39346
1545308263.356386662 -0.10351 0.18579 -0.42429 0.91550 0.06983 -0.04546 -0.39358
1545308263.449982643 -0.10351 0.18576 -0.42430 0.91557 0.06976 -0.04542 -0.39345
1545308263.543569803 -0.10351 0.18576 -0.42429 0.91546 0.06990 -0.04537 -0.39368
1545308263.637154818 -0.10348 0.18574 -0.42430 0.91551 0.06981 -0.04506 -0.39363
1545308263.730719805 -0.10346 0.18576 -0.42429 0.91551 0.06995 -0.04525 -0.39358
1545308263.824285746 -0.10349 0.18576 -0.42429 0.91548 0.06994 -0.04549 -0.39362
1545308263.917863607 -0.10346 0.18573 -0.42430 0.91541 0.06990 -0.04538 -0.39381
1545308264.011434793 -0.10343 0.18573 -0.42431 0.91548 0.06982 -0.04514 -0.39367
1545308264.136189699 -0.10347 0.18573 -0.42430 0.91541 0.06991 -0.04535 -0.39380
1545308264.229761600 -0.10342 0.18572 -0.42431 0.91544 0.06992 -0.04521 -0.39375
1545308264.323346615 -0.10341 0.18574 -0.42430 0.91544 0.06997 -0.04517 -0.39375
1545308264.416924715 -0.10341 0.18573 -0.42431 0.91546 0.06995 -0.04507 -0.39371
1545308264.510498762 -0.10342 0.18575 -0.42427 0.91539 0.07013 -0.04512 -0.39384
1545308264.604065657 -0.10345 0.18576 -0.42425 0.91538 0.07019 -0.04502 -0.39387
1545308264.697637796 -0.10345 0.18577 -0.42419 0.91532 0.07033 -0.04476 -0.39401
1545308264.791224718 -0.10342 0.18581 -0.42414 0.91527 0.07060 -0.04461 -0.39409
1545308264.884841681 -0.10346 0.18579 -0.42415 0.91531 0.07048 -0.04461 -0.39402
1545308264.978464603 -0.10346 0.18578 -0.42416 0.91523 0.07051 -0.04465 -0.39419
1545308265.072097778 -0.10342 0.18580 -0.42415 0.91529 0.07057 -0.04453 -0.39406
1545308265.165739775 -0.10345 0.18581 -0.42415 0.91521 0.07070 -0.04453 -0.39423
1545308265.259400606 -0.10345 0.18579 -0.42417 0.91530 0.07058 -0.04442 -0.39405
1545308265.353069782 -0.10344 0.18581 -0.42411 0.91522 0.07086 -0.04412 -0.39423
1545308265.446744680 -0.10343 0.18585 -0.42405 0.91515 0.07092 -0.04392 -0.39440
1545308265.540426731 -0.10346 0.18591 -0.42396 0.91514 0.07121 -0.04395 -0.39435
1545308265.634134769 -0.10366 0.18594 -0.42390 0.91521 0.07108 -0.04400 -0.39422
1545308265.727852821 -0.10390 0.18597 -0.42309 0.91491 0.07146 -0.04275 -0.39497
1545308265.821610689 -0.10456 0.18620 -0.42218 0.91503 0.07134 -0.04149 -0.39486
1545308265.915435791 -0.10455 0.18685 -0.42143 0.91508 0.06930 -0.03968 -0.39529
1545308266.040741682 -0.10395 0.19077 -0.41602 0.91638 0.06384 -0.03199 -0.39390
1545308266.135056734 -0.10515 0.19641 -0.39995 0.92040 0.05622 -0.02889 -0.38583
1545308266.230018616 -0.10801 0.20582 -0.36777 0.92620 0.04986 -0.02965 -0.37256
1545308266.326059818 -0.11085 0.22197 -0.31391 0.93458 0.04491 -0.03045 -0.35158
1545308266.390985727 -0.11464 0.23873 -0.26299 0.93930 0.04664 -0.03393 -0.33821
1545308266.490102768 -0.12285 0.27655 -0.16341 0.94730 0.05845 -0.04242 -0.31210
1545308266.591435671 -0.13113 0.33481 -0.04292 0.95637 0.07387 -0.04885 -0.27841
1545308266.694780827 -0.14221 0.41959 0.08747 0.96665 0.08923 -0.06538 -0.23098
1545308266.799835682 -0.15261 0.54754 0.22836 0.97167 0.09790 -0.08144 -0.19912
1545308266.870706797 -0.15674 0.65926 0.32176 0.97500 0.09987 -0.08926 -0.17729
1545308266.978000641 -0.15649 0.87065 0.45474 0.98000 0.09943 -0.09730 -0.14228
1545308267.086104631 -0.15533 1.13995 0.58124 0.98208 0.10432 -0.09351 -0.12609
1545308267.158353806 -0.15552 1.35401 0.66165 0.98191 0.11661 -0.08540 -0.12232
1545308267.266540766 -0.16674 1.72415 0.77057 0.97771 0.14961 -0.07007 -0.12958
1545308267.374078751 -0.19599 2.13064 0.85315 0.97024 0.19271 -0.04897 -0.13821
1545308267.445231676 -0.22791 2.42341 0.88839 0.96373 0.22284 -0.03923 -0.14152
1545308267.551002741 -0.30031 2.87495 0.91448 0.95115 0.26977 -0.03468 -0.14608
1545308267.655345678 -0.40292 3.34266 0.91318 0.93090 0.32937 -0.03128 -0.15480
1545308267.757895708 -0.54432 3.82470 0.89296 0.89608 0.40865 -0.02693 -0.17122
1545308267.825133801 -0.66077 4.14610 0.87469 0.86160 0.46949 -0.02008 -0.19188
1545308267.924422741 -0.86426 4.61031 0.83613 0.79328 0.56474 -0.01405 -0.22712
1545308268.021971703 -1.10106 5.04476 0.78066 0.71081 0.65543 -0.01385 -0.25488
1545308268.117195606 -1.36927 5.43582 0.71420 0.61461 0.73592 -0.00920 -0.28388
1545308268.209409714 -1.65896 5.76528 0.64134 0.52579 0.79795 -0.00736 -0.29456
1545308268.299059629 -1.95615 6.01618 0.57171 0.46173 0.84105 -0.01391 -0.28151
1545308268.415802717 -2.34796 6.23215 0.49203 0.41499 0.87541 -0.04510 -0.24374
1545308268.501644611 -2.65958 6.31464 0.44539 0.38650 0.89010 -0.08026 -0.22781
1545308268.586507797 -2.97159 6.34832 0.41338 0.37048 0.89518 -0.11553 -0.21920
1545308268.698772669 -3.38847 6.31667 0.39524 0.37070 0.89248 -0.14107 -0.21483
1545308268.782995701 -3.70690 6.24937 0.39180 0.37702 0.88796 -0.14828 -0.21772
1545308268.867196798 -4.01925 6.14736 0.39451 0.39783 0.87943 -0.16027 -0.20651
1545308268.979314804 -4.45777 5.98754 0.38397 0.43043 0.86657 -0.17285 -0.18415
1545308269.063697815 -4.79167 5.83655 0.38345 0.44402 0.86033 -0.17947 -0.17454
1545308269.176968813 -5.24353 5.58611 0.39272 0.46664 0.84959 -0.19745 -0.14644
1545308269.262620687 -5.60207 5.37993 0.40335 0.47860 0.84302 -0.20876 -0.12914
1545308269.348846674 -5.98369 5.16887 0.41738 0.47999 0.84206 -0.21115 -0.12630
1545308269.464270830 -6.48856 4.86017 0.45084 0.47968 0.84186 -0.21283 -0.12606
1545308269.550130606 -6.87822 4.61839 0.47452 0.48708 0.83708 -0.22016 -0.11657
1545308269.634849787 -7.27748 4.37613 0.49271 0.50249 0.82734 -0.23028 -0.09995
1545308269.746643782 -7.82006 4.05291 0.50815 0.52188 0.81416 -0.23965 -0.08571
1545308269.829995632 -8.24355 3.81287 0.50764 0.53062 0.80777 -0.24503 -0.07689
1545308269.940975666 -8.81964 3.49476 0.49630 0.52969 0.80801 -0.24502 -0.08072
1545308270.024448633 -9.26470 3.25688 0.48269 0.52725 0.80916 -0.24458 -0.08628
1545308270.108352661 -9.73872 3.03224 0.45949 0.52572 0.81000 -0.24413 -0.08895
1545308270.221885681 -10.38630 2.71710 0.41258 0.52195 0.80981 -0.25170 -0.09176
1545308270.314590693 -10.92908 2.46125 0.37147 0.51063 0.81255 -0.25995 -0.10700
1545308270.406066656 -11.46737 2.20359 0.34497 0.49612 0.81602 -0.26942 -0.12406
1545308270.492895603 -11.98638 1.96030 0.34151 0.48484 0.81730 -0.28436 -0.12684
1545308270.583109617 -12.53393 1.70707 0.36763 0.46367 0.82260 -0.30336 -0.12771
1545308270.704956770 -13.27162 1.36977 0.45416 0.40473 0.84399 -0.32444 -0.13646
1545308270.793139696 -13.79622 1.14019 0.55010 0.34613 0.86392 -0.33140 -0.15493
1545308270.877999783 -14.28764 0.91103 0.65991 0.28627 0.88157 -0.33330 -0.17263
1545308270.989186764 -14.90898 0.59503 0.82243 0.20554 0.90112 -0.33373 -0.18535
1545308271.071370602 -15.34356 0.37003 0.95655 0.14314 0.91167 -0.33351 -0.19272
1545308271.152928829 -15.75551 0.12789 1.09300 0.08451 0.91750 -0.33109 -0.20354
1545308271.261374712 -16.27193 -0.21684 1.27285 0.02528 0.92106 -0.32293 -0.21617
1545308271.370522738 -16.74232 -0.57260 1.44791 -0.01226 0.91981 -0.31608 -0.23213
1545308271.453435659 -17.07853 -0.86090 1.56958 -0.02761 0.91722 -0.31094 -0.24753
1545308271.537461758 -17.38122 -1.15876 1.68508 -0.04196 0.91368 -0.30658 -0.26352
1545308271.651168823 -17.67839 -1.55718 1.81328 -0.06917 0.90724 -0.29949 -0.28711
1545308271.737779617 -17.87991 -1.87098 1.86766 -0.09693 0.90332 -0.28945 -0.30140
1545308271.825694799 -18.04854 -2.18312 1.87758 -0.12230 0.90108 -0.28242 -0.30552
1545308271.914806604 -18.20670 -2.51133 1.84341 -0.14002 0.90642 -0.27787 -0.28562
1545308272.036190748 -18.34958 -2.96678 1.74486 -0.16790 0.91123 -0.27288 -0.25887
1545308272.129130602 -18.40517 -3.32465 1.64770 -0.19559 0.91080 -0.27211 -0.24114
1545308272.223853827 -18.38544 -3.67791 1.53293 -0.22585 0.90945 -0.26951 -0.22193
1545308272.320595741 -18.30713 -4.05615 1.42320 -0.26299 0.90612 -0.27155 -0.18986
1545308272.419684649 -18.14419 -4.44524 1.32848 -0.30378 0.90373 -0.27037 -0.13376
1545308272.487267733 -17.98760 -4.70475 1.27984 -0.34379 0.89636 -0.26565 -0.08822
1545308272.591120720 -17.69804 -5.10190 1.22295 -0.42061 0.86891 -0.25917 -0.03006
1545308272.698001623 -17.36315 -5.49588 1.15165 -0.50472 0.82549 -0.25257 0.00577
1545308272.808492661 -17.00007 -5.90356 1.03038 -0.60003 0.75552 -0.26232 0.01872
1545308272.884014606 -16.73335 -6.16898 0.92577 -0.66021 0.69628 -0.28086 0.02112
1545308272.999619722 -16.29310 -6.52227 0.76288 0.72972 -0.61367 0.30095 -0.01844
1545308273.077839613 -15.97500 -6.71809 0.65760 0.76411 -0.56676 0.30731 -0.02200
1545308273.156772614 -15.64267 -6.87758 0.56196 0.78776 -0.53764 0.29851 -0.03557
1545308273.276375771 -15.11071 -7.01755 0.45313 0.81097 -0.51129 0.27742 -0.06287
1545308273.356740713 -14.73578 -7.06038 0.40680 0.82577 -0.49016 0.27034 -0.06902
1545308273.478139639 -14.15136 -7.01267 0.38241 0.84719 -0.45403 0.26699 -0.06965
1545308273.559849739 -13.75010 -6.91740 0.39058 0.85387 -0.45072 0.24908 -0.07563
1545308273.642253637 -13.33944 -6.78097 0.40518 0.85067 -0.46810 0.22098 -0.09170
1545308273.725361824 -12.91854 -6.61356 0.41360 0.83810 -0.50101 0.18575 -0.10988
1545308273.851558685 -12.25624 -6.32505 0.41532 0.81401 -0.54958 0.13447 -0.13140
1545308273.936875820 -11.78402 -6.11959 0.40585 0.81054 -0.55445 0.12777 -0.13882
1545308274.022864819 -11.29267 -5.90928 0.37269 0.81560 -0.54685 0.12736 -0.13976
1545308274.109065771 -10.79723 -5.67859 0.31086 0.81753 -0.54440 0.11321 -0.14990
1545308274.237952709 -10.00870 -5.32522 0.21222 0.81302 -0.54392 0.08510 -0.18951
1545308274.323805809 -9.45221 -5.08016 0.18181 0.81916 -0.52473 0.09376 -0.21178
1545308274.410175800 -8.87492 -4.82368 0.18228 0.83128 -0.50320 0.09131 -0.21777
1545308274.497624636 -8.27327 -4.55781 0.20194 0.84833 -0.47495 0.08487 -0.21809
1545308274.585330725 -7.65928 -4.28436 0.22415 0.87024 -0.43747 0.08064 -0.21167
1545308274.716889620 -6.71908 -3.85401 0.26529 0.89925 -0.37871 0.07512 -0.20566
1545308274.804344654 -6.08470 -3.54724 0.30129 0.91631 -0.33452 0.08196 -0.20435
1545308274.890851736 -5.45565 -3.22768 0.33804 0.93165 -0.28656 0.09550 -0.20199
1545308274.977272749 -4.83036 -2.88969 0.37293 0.94508 -0.23107 0.11359 -0.20132
1545308275.062616825 -4.22364 -2.53172 0.40744 0.95426 -0.16303 0.14123 -0.20703
1545308275.188634634 -3.36867 -1.95975 0.46001 0.95985 -0.06832 0.17345 -0.20962
1545308275.270470619 -2.84962 -1.55984 0.49861 0.95919 -0.01333 0.18967 -0.20928
1545308275.350924730 -2.36476 -1.15428 0.53790 0.96023 0.02153 0.18738 -0.20590
1545308275.469413757 -1.72076 -0.51746 0.59659 0.96538 0.05734 0.16019 -0.19770
1545308275.547101736 -1.34594 -0.07058 0.63523 0.96372 0.09641 0.15633 -0.19366
1545308275.661713600 -0.87427 0.62457 0.68787 0.95055 0.17182 0.16728 -0.19735
1545308275.736593723 -0.63002 1.10250 0.71092 0.93529 0.23101 0.17648 -0.20180
1545308275.846741676 -0.32738 1.80411 0.73654 0.90419 0.31914 0.18193 -0.21795
1545308275.918790817 -0.17558 2.26030 0.74713 0.87741 0.37705 0.18419 -0.23253
1545308276.024722815 -0.01734 2.91837 0.75210 0.82772 0.45928 0.18895 -0.26124
1545308276.127727747 0.07102 3.51749 0.74025 0.80428 0.50434 0.16868 -0.26519
1545308276.227623701 0.01963 4.04881 0.71744 0.78801 0.53980 0.12301 -0.26929
1545308276.325239658 -0.09802 4.52940 0.66930 0.76480 0.57760 0.08410 -0.27275
1545308276.421472788 -0.24399 4.97014 0.60997 0.73672 0.61953 0.05801 -0.26468
1545308276.516862631 -0.47692 5.33058 0.54613 0.68442 0.67415 0.05153 -0.27282
1545308276.610912800 -0.72020 5.68052 0.48413 0.62419 0.72509 0.04613 -0.28723
1545308276.702635765 -1.00925 5.93372 0.40686 0.57592 0.76502 0.03476 -0.28612
1545308276.792172670 -1.31847 6.09643 0.34272 0.53991 0.79424 0.01254 -0.27842
1545308276.880286694 -1.64364 6.21135 0.27703 0.50493 0.82029 -0.01187 -0.26839
1545308276.966965675 -1.97432 6.27503 0.22615 0.47066 0.84502 -0.03476 -0.25143
1545308277.081357718 -2.42800 6.27641 0.18151 0.43841 0.86945 -0.07185 -0.21607
1545308277.166932821 -2.78421 6.22817 0.15869 0.43571 0.87597 -0.09340 -0.18469
1545308277.252820730 -3.16115 6.14669 0.14488 0.44139 0.87660 -0.10681 -0.15920
1545308277.367036819 -3.68722 5.98072 0.13840 0.46485 0.86756 -0.12592 -0.12409
1545308277.452901602 -4.11053 5.82873 0.14674 0.48550 0.85732 -0.14117 -0.09679
1545308277.539782763 -4.56133 5.64571 0.17330 0.49034 0.85456 -0.14656 -0.08836
1545308277.657070637 -5.20725 5.36286 0.23366 0.48154 0.85907 -0.14947 -0.08818
1545308277.746027708 -5.72601 5.12897 0.28257 0.47961 0.86021 -0.15023 -0.08624
1545308277.834883690 -6.25911 4.87911 0.32918 0.48083 0.85933 -0.15211 -0.08497
1545308277.921940804 -6.80171 4.62263 0.36746 0.48698 0.85582 -0.15684 -0.07627
1545308278.035461664 -7.53498 4.26665 0.41408 0.47937 0.85980 -0.16146 -0.06988
1545308278.119595766 -8.09700 3.98989 0.44153 0.47094 0.86402 -0.16586 -0.06460
1545308278.203074694 -8.67132 3.70603 0.45954 0.46047 0.86779 -0.17652 -0.06119
1545308278.314442635 -9.45948 3.31363 0.47226 0.44391 0.86920 -0.20930 -0.06025
1545308278.399785757 -10.07112 3.00237 0.47206 0.43034 0.86972 -0.23537 -0.05466
1545308278.513647795 -10.89715 2.58407 0.45225 0.40199 0.87692 -0.25744 -0.05608
1545308278.601235628 -11.52896 2.25041 0.42915 0.37399 0.88623 -0.26625 -0.06191
1545308278.689185619 -12.18389 1.92354 0.41884 0.34515 0.89215 -0.28621 -0.05498
1545308278.777513742 -12.84970 1.59334 0.43899 0.30103 0.90010 -0.30958 -0.05793
1545308278.893486738 -13.70564 1.14341 0.51050 0.21557 0.91426 -0.33181 -0.08695
1545308278.979099751 -14.32289 0.80955 0.58108 0.14682 0.92079 -0.34090 -0.11990
1545308279.063598633 -14.91847 0.48638 0.65814 0.07535 0.92065 -0.34362 -0.16925
1545308279.174305677 -15.64627 0.05290 0.76294 -0.00632 0.90906 -0.34218 -0.23764
1545308279.256661654 -16.13069 -0.28192 0.83866 -0.04391 0.90183 -0.33689 -0.26697
1545308279.366905689 -16.69235 -0.73949 0.93895 -0.08574 0.89322 -0.33148 -0.29143
1545308279.450383663 -17.05338 -1.07568 1.01360 -0.11774 0.88718 -0.32424 -0.30647
1545308279.534624815 -17.36770 -1.42731 1.07179 -0.14337 0.88950 -0.31574 -0.29756
1545308279.648211718 -17.69535 -1.89156 1.13929 -0.16041 0.90714 -0.30437 -0.24233
1545308279.734861612 -17.85539 -2.24951 1.18994 -0.16671 0.92181 -0.29686 -0.18535
1545308279.822980642 -17.95991 -2.61002 1.24859 -0.17732 0.93217 -0.29071 -0.12290
1545308279.942956686 -18.05064 -3.11666 1.35335 -0.19712 0.93832 -0.28009 -0.04734
1545308280.035585642 -18.01643 -3.47343 1.47039 -0.24185 0.92943 -0.27602 -0.03850
1545308280.130760670 -17.99776 -3.87284 1.58413 -0.30271 0.91178 -0.27091 -0.06027
1545308280.228652716 -17.96101 -4.28765 1.65206 -0.38076 0.87941 -0.26763 -0.10015
1545308280.295552731 -17.92491 -4.56492 1.65941 -0.43301 0.85208 -0.26436 -0.12876
1545308280.398480654 -17.86448 -4.99329 1.60359 -0.49916 0.81376 -0.25554 -0.15277
1545308280.504748821 -17.75007 -5.41690 1.48714 -0.54298 0.79739 -0.23934 -0.10981
1545308280.614504814 -17.53258 -5.80955 1.38445 -0.59510 0.76171 -0.25316 -0.03960
1545308280.689664602 -17.32885 -6.04455 1.34869 -0.63199 0.73377 -0.24919 -0.00853
1545308280.805181742 -16.96000 -6.36573 1.32295 0.70145 -0.66530 0.25343 0.03349
1545308280.883834600 -16.68025 -6.56024 1.29148 0.74449 -0.61183 0.25954 0.06360
1545308280.963721752 -16.37929 -6.72186 1.23469 0.77193 -0.57782 0.25401 0.07564
1545308281.085669756 -15.87442 -6.89957 1.11632 0.79578 -0.55874 0.22826 0.04935
1545308281.168097734 -15.49829 -6.92980 1.03681 0.80856 -0.54796 0.21274 0.02682
1545308281.251090765 -15.08989 -6.93338 0.95900 0.82395 -0.53139 0.19664 0.00739
1545308281.376126766 -14.42427 -6.85645 0.85402 0.84699 -0.50348 0.16969 -0.01804
1545308281.459621668 -13.95592 -6.76118 0.78545 0.85152 -0.50720 0.12676 -0.03987
1545308281.543298721 -13.46213 -6.63138 0.71421 0.85336 -0.51020 0.08656 -0.06305
1545308281.669366598 -12.65180 -6.39119 0.62374 0.83930 -0.53164 0.02830 -0.11019
1545308281.753524780 -12.06422 -6.20825 0.58335 0.83572 -0.53255 0.01046 -0.13359
1545308281.837628603 -11.44135 -6.01528 0.55658 0.84357 -0.51918 0.01488 -0.13642
1545308281.921726704 -10.78823 -5.81046 0.53685 0.85502 -0.50173 0.02422 -0.12892
1545308282.047709703 -9.77102 -5.48123 0.49671 0.87742 -0.46336 0.05183 -0.11292
1545308282.131898642 -9.07646 -5.23629 0.45720 0.88137 -0.45554 0.04609 -0.11641
1545308282.217112780 -8.34874 -4.96864 0.42391 0.88716 -0.44169 0.04187 -0.12688
1545308282.304082632 -7.58062 -4.66802 0.41524 0.90340 -0.40527 0.05927 -0.12694
1545308282.391789675 -6.78675 -4.32968 0.43583 0.92702 -0.34286 0.08459 -0.12616
1545308282.523308754 -5.59367 -3.75083 0.50042 0.95914 -0.21442 0.13422 -0.12673
1545308282.610603809 -4.82232 -3.31603 0.55584 0.96907 -0.13238 0.16903 -0.12170
1545308282.697465658 -4.09321 -2.83223 0.62355 0.97311 -0.07578 0.18317 -0.11728
1545308282.783900738 -3.40811 -2.30753 0.70152 0.97655 -0.03795 0.17903 -0.11338
1545308282.869001627 -2.77610 -1.74690 0.78327 0.97633 0.00983 0.18639 -0.10924
1545308282.993354797 -1.93872 -0.85968 0.89822 0.97330 0.08484 0.18398 -0.10785
1545308283.074481726 -1.43728 -0.25210 0.96759 0.96643 0.14834 0.17616 -0.11394
1545308283.154388666 -1.00586 0.38033 1.03492 0.94840 0.22505 0.18625 -0.12327
1545308283.271473646 -0.47474 1.33410 1.11785 0.91313 0.33073 0.19917 -0.13091
1545308283.347430706 -0.20581 1.96168 1.16206 0.88381 0.39748 0.20377 -0.13916
1545308283.458404779 0.07094 2.87248 1.21521 0.82244 0.50116 0.21616 -0.16030
1545308283.565760612 0.21677 3.71403 1.24842 0.74306 0.60233 0.22727 -0.18277
1545308283.635210752 0.20975 4.21813 1.26319 0.68498 0.66393 0.22106 -0.20280
1545308283.736377716 0.13264 4.88349 1.26108 0.59577 0.74127 0.20921 -0.22759
1545308283.834682703 -0.04610 5.41710 1.23608 0.52426 0.79522 0.19513 -0.23388
1545308283.930547714 -0.29993 5.82434 1.18124 0.49499 0.82554 0.15931 -0.21930
1545308284.024002790 -0.58365 6.12799 1.11529 0.47363 0.84800 0.11732 -0.20691
1545308284.115100622 -0.90719 6.30693 1.03668 0.46954 0.85611 0.08165 -0.19985
1545308284.204217672 -1.26380 6.43883 0.95995 0.47232 0.85862 0.04208 -0.19471
1545308284.320841789 -1.77980 6.47737 0.88213 0.45251 0.86704 -0.00064 -0.20851
1545308284.406806707 -2.20234 6.45048 0.83679 0.43980 0.87125 -0.02409 -0.21659
1545308284.491798639 -2.62996 6.35087 0.80307 0.42218 0.87597 -0.03683 -0.23039
1545308284.604912758 -3.22738 6.14181 0.77248 0.42681 0.87603 -0.04628 -0.21971
1545308284.689780712 -3.67367 5.91562 0.76875 0.44211 0.87355 -0.06090 -0.19427
1545308284.774942636 -4.14201 5.64839 0.78374 0.45597 0.87018 -0.07810 -0.16966
1545308284.889616728 -4.78817 5.23215 0.79946 0.48010 0.86151 -0.09992 -0.13161
1545308284.985017776 -5.35944 4.86960 0.79120 0.50384 0.84959 -0.12090 -0.09861
1545308285.073054790 -5.89575 4.51601 0.77170 0.53337 0.83132 -0.14562 -0.05670
1545308285.160540819 -6.44762 4.16085 0.74106 0.55203 0.81722 -0.16329 -0.02741
1545308285.276132822 -7.22288 3.69475 0.69614 0.56514 0.80483 -0.18119 -0.00592
1545308285.362685680 -7.84125 3.35263 0.66965 0.56497 0.80348 -0.18765 -0.00461
1545308285.449248791 -8.48843 3.01366 0.65557 0.56671 0.80093 -0.19325 -0.00179
1545308285.536204815 -9.17747 2.68446 0.65300 0.57816 0.79001 -0.20342 0.01523
1545308285.653706789 -10.15575 2.25833 0.65340 0.57352 0.79200 -0.20871 0.01550
1545308285.743660688 -10.93259 1.94021 0.64742 0.52882 0.82108 -0.21458 -0.01120
1545308285.834194660 -11.74182 1.62180 0.66187 0.45671 0.85979 -0.22060 -0.05925
1545308285.926020622 -12.57908 1.28542 0.72287 0.36692 0.89453 -0.22496 -0.12074
1545308286.016296625 -13.39558 0.92816 0.83750 0.27458 0.91810 -0.22883 -0.17129
1545308286.132562637 -14.39567 0.41009 1.06877 0.16150 0.93296 -0.23040 -0.22456
1545308286.217432737 -15.06803 -0.01138 1.28574 0.08314 0.93423 -0.23157 -0.25821
1545308286.300699711 -15.66535 -0.45876 1.52670 0.00967 0.92750 -0.23699 -0.28895
1545308286.411702633 -16.35129 -1.09015 1.87116 -0.09824 0.90494 -0.22892 -0.34501
1545308286.495848656 -16.80351 -1.57634 2.11707 -0.18548 0.87038 -0.21922 -0.39998
1545308286.609850645 -17.34310 -2.23122 2.37845 -0.31154 0.80292 -0.19787 -0.46810
1545308286.697355747 -17.72246 -2.73256 2.49697 -0.40490 0.75072 -0.18434 -0.48837
1545308286.787123680 -18.02962 -3.24376 2.54934 -0.49002 0.71587 -0.16870 -0.46792
1545308286.879428625 -18.30276 -3.75592 2.52413 -0.53541 0.72137 -0.15404 -0.41137
1545308286.974476814 -18.45665 -4.25472 2.43934 -0.55593 0.74600 -0.13157 -0.34222
1545308287.072418690 -18.41360 -4.70668 2.33600 -0.60615 0.73410 -0.13996 -0.27220
1545308287.173289776 -18.20200 -5.10111 2.22949 -0.64284 0.71765 -0.14480 -0.22532
1545308287.277387619 -17.84535 -5.43917 2.14135 -0.57676 0.78111 -0.21708 -0.10044
1545308287.348897696 -17.55311 -5.64164 2.09201 -0.51629 0.80323 -0.28568 0.08154
1545308287.459274769 -17.12149 -5.96135 2.02622 -0.43641 0.80085 -0.33246 0.24011
1545308287.534617662 -16.84422 -6.18045 1.96564 -0.43891 0.79455 -0.34761 0.23497
1545308287.649691820 -16.43587 -6.51129 1.86069 -0.45563 0.77020 -0.37786 0.23751
1545308287.727544785 -16.17981 -6.73737 1.77266 -0.48112 0.75311 -0.38465 0.23108
1545308287.845668793 -15.79516 -7.03617 1.66568 -0.58292 0.67165 -0.41929 0.18246
1545308287.925036669 -15.53992 -7.20324 1.59887 0.67031 -0.53812 0.49705 -0.11852
1545308288.043990612 -15.18225 -7.41035 1.42335 0.74998 -0.27575 0.60056 0.02870
1545308288.122422695 -14.96910 -7.50817 1.24042 0.78969 -0.20453 0.57434 0.06848
1545308288.200374603 -14.78467 -7.54702 1.03135 0.81501 -0.16324 0.54900 0.08778
1545308288.317440748 -14.56796 -7.46169 0.67189 0.85640 -0.21914 0.46497 0.04862
