1545306109.330310345 -0.12583 -0.05168 0.15533 0.94858 0.00304 0.05799 -0.31117
1545306109.429051399 -0.21796 -0.18776 0.18533 0.96568 -0.03214 0.05069 -0.25271
1545306109.530444384 -0.24412 -0.32969 0.18174 0.97213 -0.05576 0.03745 -0.22460
1545306109.634110451 -0.25228 -0.48314 0.13201 0.97768 -0.07288 0.01605 -0.19642
1545306109.704862356 -0.27041 -0.61410 0.16215 0.97882 -0.07540 0.00324 -0.19031
1545306109.813125372 -0.32820 -0.64051 0.16372 0.98159 -0.07075 -0.01466 -0.17682
1545306109.886635303 -0.43936 -0.63335 0.22626 0.98011 -0.06288 -0.02690 -0.18627
1545306109.998658419 -0.49604 -0.66747 0.21321 0.97113 -0.04447 -0.06395 -0.22550
1545306110.112153530 -0.51282 -0.66470 0.21492 0.95692 -0.03187 -0.10410 -0.26918
1545306110.188125372 -0.49482 -0.63850 0.24504 0.94310 -0.03080 -0.13083 -0.30412
1545306110.301758528 -0.46667 -0.65501 0.27871 0.91894 -0.03341 -0.14853 -0.36383
1545306110.376966476 -0.44369 -0.68829 0.31105 0.90048 -0.03608 -0.15188 -0.40590
1545306111.813706398 -0.10175 -0.02053 0.08723 0.94188 0.06135 -0.06645 -0.32354
1545306111.886425495 -0.08063 -0.00503 0.14704 0.94155 0.05138 -0.04897 -0.32930
1545306111.994414330 -0.03641 -0.02775 0.15243 0.95228 0.04119 -0.02298 -0.30156
1545306112.101631403 -0.00422 -0.06829 0.14493 0.96539 0.04983 0.00256 -0.25601
1545306112.173024416 0.00593 -0.09501 0.13401 0.97329 0.06909 0.00997 -0.21871
1545306112.280657530 -0.00109 -0.12296 0.11377 0.97913 0.11375 -0.00480 -0.16835
1545306112.389580488 -0.03248 -0.13470 0.09560 0.97636 0.17048 -0.03485 -0.12820
1545306112.463051319 -0.06479 -0.13265 0.08128 0.97326 0.19424 -0.05837 -0.10788
1545306112.574604511 -0.11986 -0.11381 0.06163 0.97121 0.20052 -0.08944 -0.09247
1545306112.649865389 -0.15880 -0.08972 0.05079 0.97136 0.18670 -0.10808 -0.09966
1545306112.763783455 -0.20553 -0.03774 0.03908 0.97238 0.13691 -0.13522 -0.13206
1545306112.839976311 -0.22126 -0.00075 0.03399 0.97271 0.08838 -0.14912 -0.15423
1545306112.953865528 -0.22119 0.05069 0.03042 0.96858 0.00208 -0.16140 -0.18919
1545306113.029201508 -0.20813 0.07751 0.03093 0.96082 -0.05851 -0.16240 -0.21686
1545306113.141047478 -0.17268 0.09655 0.03508 0.94250 -0.14505 -0.14590 -0.26338
1545306113.251447439 -0.13257 0.08176 0.03503 0.92997 -0.19717 -0.11946 -0.28639
1545306113.324350357 -0.10961 0.05538 0.02941 0.92836 -0.21461 -0.11080 -0.28251
1545306113.432991505 -0.07877 -0.00179 0.01822 0.93363 -0.22824 -0.10198 -0.25662
1545306113.541174412 -0.05116 -0.07111 0.01397 0.94238 -0.22794 -0.08398 -0.23001
1545306113.613319397 -0.03077 -0.11543 0.01691 0.94771 -0.22507 -0.06997 -0.21517
1545306113.722030401 0.00260 -0.16693 0.02876 0.95268 -0.22003 -0.05236 -0.20307
1545306113.795063496 0.02422 -0.18550 0.04540 0.95816 -0.20261 -0.03270 -0.19951
1545306113.905565500 0.04817 -0.18308 0.08453 0.96321 -0.15784 -0.00354 -0.21749
1545306114.016977310 0.05584 -0.15661 0.12822 0.96383 -0.10229 0.01514 -0.24564
1545306114.091416359 0.05024 -0.12884 0.15267 0.96288 -0.06922 0.02249 -0.25992
1545306114.202786446 0.02677 -0.07747 0.17402 0.95912 -0.02669 0.01651 -0.28126
1545306114.276596308 0.00341 -0.03903 0.17344 0.95601 0.00025 0.00445 -0.29331
1545306114.386407375 -0.03570 0.01499 0.14511 0.95226 0.02564 -0.01767 -0.30371
1545306114.458970308 -0.06055 0.04582 0.11047 0.94974 0.03562 -0.02738 -0.30981
1545306114.566994429 -0.08769 0.08134 0.03910 0.94380 0.04322 -0.03176 -0.32615
1545306114.674236298 -0.09944 0.10647 -0.04677 0.93590 0.03954 -0.02737 -0.34896
1545306114.745373487 -0.10169 0.11593 -0.10770 0.93235 0.03469 -0.02556 -0.35898
1545306114.851667404 -0.09986 0.12438 -0.20022 0.92986 0.03380 -0.02222 -0.36568
1545306114.957602501 -0.09413 0.12773 -0.28274 0.92485 0.04432 -0.00980 -0.37762
1545306115.063117504 -0.08693 0.12659 -0.35453 0.92387 0.04448 -0.01001 -0.37998
1545306115.133079529 -0.08344 0.12458 -0.39633 0.92640 0.03957 -0.01775 -0.37403
1545306115.237126350 -0.07951 0.12392 -0.44021 0.92577 0.03906 -0.01301 -0.37584
1545306115.339832306 -0.07821 0.12648 -0.46325 0.92179 0.05024 -0.00884 -0.38432
1545306115.441038370 -0.07740 0.13258 -0.47509 0.92122 0.05506 -0.01174 -0.38494
1545306115.507667303 -0.07677 0.13616 -0.47947 0.92084 0.05609 -0.01438 -0.38563
1545306115.606386423 -0.07681 0.13963 -0.48526 0.91831 0.06149 -0.01561 -0.39074
1545306115.703681469 -0.07797 0.14058 -0.49213 0.91662 0.06561 -0.01171 -0.39417
1545306115.799609423 -0.07854 0.14009 -0.50011 0.91859 0.06211 -0.01344 -0.39008
1545306115.894182444 -0.07843 0.13789 -0.50716 0.92198 0.05760 -0.02508 -0.38210
1545306115.987465382 -0.07711 0.13676 -0.50668 0.91969 0.05747 -0.02498 -0.38762
1545306116.079711437 -0.07651 0.13723 -0.50740 0.92000 0.05814 -0.02329 -0.38687
1545306116.201637506 -0.07755 0.13776 -0.50806 0.92052 0.05970 -0.02247 -0.38545
1545306116.292473316 -0.07803 0.13769 -0.50860 0.92088 0.06057 -0.02092 -0.38454
1545306116.382994413 -0.07866 0.13786 -0.50944 0.92126 0.06199 -0.02016 -0.38346
1545306116.473176479 -0.07927 0.13802 -0.51019 0.92193 0.06330 -0.01830 -0.38170
1545306116.563096523 -0.07999 0.13810 -0.51088 0.92220 0.06405 -0.01802 -0.38096
1545306116.652769327 -0.08026 0.13805 -0.51097 0.92217 0.06469 -0.01786 -0.38091
1545306116.772038460 -0.07999 0.13799 -0.51128 0.92239 0.06421 -0.01767 -0.38046
1545306116.861331463 -0.07959 0.13783 -0.51152 0.92274 0.06394 -0.01720 -0.37969
1545306116.950529337 -0.07972 0.13788 -0.51145 0.92239 0.06417 -0.01741 -0.38050
1545306117.039650440 -0.07961 0.13781 -0.51148 0.92246 0.06401 -0.01733 -0.38035
1545306117.128718376 -0.07943 0.13775 -0.51150 0.92256 0.06402 -0.01685 -0.38013
1545306117.247433424 -0.07948 0.13779 -0.51148 0.92253 0.06405 -0.01705 -0.38020
1545306117.336476326 -0.07945 0.13776 -0.51150 0.92260 0.06398 -0.01699 -0.38003
1545306117.425541401 -0.07950 0.13777 -0.51150 0.92260 0.06388 -0.01713 -0.38004
1545306117.514651299 -0.07954 0.13779 -0.51150 0.92254 0.06390 -0.01719 -0.38019
1545306117.603797436 -0.07954 0.13780 -0.51152 0.92256 0.06388 -0.01725 -0.38015
1545306117.722589493 -0.07951 0.13778 -0.51153 0.92253 0.06388 -0.01722 -0.38020
1545306117.811540365 -0.07950 0.13778 -0.51153 0.92256 0.06384 -0.01724 -0.38015
1545306117.900306463 -0.07948 0.13779 -0.51153 0.92256 0.06390 -0.01718 -0.38013
1545306117.988904476 -0.07946 0.13779 -0.51154 0.92255 0.06395 -0.01712 -0.38016
1545306118.077373505 -0.07947 0.13779 -0.51154 0.92255 0.06393 -0.01714 -0.38016
1545306118.195195436 -0.07946 0.13779 -0.51155 0.92253 0.06392 -0.01714 -0.38021
1545306118.283487320 -0.07947 0.13779 -0.51154 0.92254 0.06392 -0.01715 -0.38018
1545306118.371746302 -0.07948 0.13779 -0.51154 0.92254 0.06391 -0.01713 -0.38018
1545306118.459989309 -0.07948 0.13778 -0.51155 0.92253 0.06391 -0.01713 -0.38021
1545306118.577619314 -0.07948 0.13779 -0.51155 0.92254 0.06392 -0.01711 -0.38020
1545306118.665830374 -0.07948 0.13779 -0.51153 0.92255 0.06391 -0.01713 -0.38016
1545306118.754037380 -0.07948 0.13779 -0.51153 0.92256 0.06391 -0.01713 -0.38015
1545306118.842236519 -0.07947 0.13779 -0.51154 0.92255 0.06393 -0.01712 -0.38017
1545306118.959835529 -0.07946 0.13780 -0.51153 0.92256 0.06392 -0.01708 -0.38014
1545306119.048029423 -0.07946 0.13780 -0.51151 0.92255 0.06397 -0.01709 -0.38016
1545306119.136202335 -0.07947 0.13781 -0.51151 0.92255 0.06399 -0.01709 -0.38016
1545306119.224373341 -0.07948 0.13781 -0.51151 0.92258 0.06395 -0.01709 -0.38009
1545306119.341947317 -0.07947 0.13782 -0.51148 0.92259 0.06398 -0.01708 -0.38006
1545306119.430134296 -0.07947 0.13781 -0.51147 0.92260 0.06393 -0.01708 -0.38004
1545306119.518326521 -0.07947 0.13782 -0.51148 0.92260 0.06394 -0.01706 -0.38004
1545306119.606510401 -0.07947 0.13782 -0.51148 0.92257 0.06397 -0.01705 -0.38010
1545306119.724085331 -0.07948 0.13782 -0.51147 0.92260 0.06393 -0.01707 -0.38005
1545306119.812264442 -0.07948 0.13782 -0.51148 0.92259 0.06395 -0.01703 -0.38007
1545306119.900450468 -0.07950 0.13780 -0.51148 0.92249 0.06402 -0.01704 -0.38029
1545306119.988625526 -0.07952 0.13779 -0.51148 0.92254 0.06400 -0.01706 -0.38018
1545306120.106192350 -0.07951 0.13777 -0.51148 0.92246 0.06398 -0.01699 -0.38038
1545306120.194368362 -0.07950 0.13776 -0.51149 0.92245 0.06401 -0.01702 -0.38040
1545306120.282542467 -0.07950 0.13778 -0.51144 0.92242 0.06416 -0.01683 -0.38044
1545306120.370710373 -0.07949 0.13779 -0.51141 0.92243 0.06414 -0.01678 -0.38044
1545306120.458875418 -0.07949 0.13782 -0.51136 0.92243 0.06431 -0.01673 -0.38041
1545306120.576435328 -0.07949 0.13780 -0.51135 0.92230 0.06446 -0.01663 -0.38071
1545306120.664602518 -0.07952 0.13784 -0.51131 0.92233 0.06452 -0.01649 -0.38061
1545306120.752771378 -0.07950 0.13785 -0.51131 0.92234 0.06460 -0.01650 -0.38059
1545306120.840947390 -0.07953 0.13788 -0.51124 0.92219 0.06486 -0.01621 -0.38092
1545306120.958532333 -0.07952 0.13790 -0.51117 0.92232 0.06489 -0.01606 -0.38060
1545306121.046695471 -0.07956 0.13795 -0.51110 0.92209 0.06530 -0.01613 -0.38110
1545306121.134859324 -0.07951 0.13796 -0.51107 0.92202 0.06540 -0.01578 -0.38124
1545306121.223033428 -0.07948 0.13797 -0.51101 0.92197 0.06551 -0.01569 -0.38136
1545306121.340627432 -0.07938 0.13803 -0.51084 0.92201 0.06519 -0.01563 -0.38131
1545306121.428822517 -0.07864 0.13871 -0.50975 0.92188 0.06347 -0.01375 -0.38200
1545306121.517061472 -0.07770 0.14021 -0.50892 0.92164 0.06063 -0.01331 -0.38304
1545306121.605359316 -0.07680 0.14278 -0.50645 0.92029 0.05703 -0.01155 -0.38688
1545306121.723258495 -0.07455 0.14820 -0.49694 0.91707 0.04886 -0.00647 -0.39567
1545306121.812063456 -0.07216 0.15215 -0.48380 0.91500 0.04210 -0.00574 -0.40122
1545306121.901715517 -0.06993 0.15454 -0.46400 0.91460 0.03908 -0.00258 -0.40245
1545306121.992676497 -0.06836 0.15412 -0.43925 0.91820 0.03634 -0.00058 -0.39445
1545306122.085159302 -0.06667 0.15212 -0.41043 0.92408 0.03413 0.00062 -0.38066
1545306122.179208517 -0.06568 0.15124 -0.37597 0.92804 0.03173 0.00226 -0.37112
1545306122.274775505 -0.06598 0.15281 -0.33507 0.93337 0.03073 0.00356 -0.35757
1545306122.371821404 -0.06868 0.16049 -0.28612 0.93957 0.03283 -0.00216 -0.34078
1545306122.470310450 -0.07145 0.17862 -0.22781 0.94452 0.03555 -0.00992 -0.32637
1545306122.570159435 -0.07329 0.20988 -0.16167 0.94983 0.03714 -0.02098 -0.30985
1545306122.671236515 -0.07124 0.25788 -0.08837 0.95618 0.03585 -0.03012 -0.28900
1545306122.773376465 -0.06341 0.32994 -0.00424 0.95789 0.03678 -0.03226 -0.28295
1545306122.841964483 -0.05491 0.39181 0.05673 0.95732 0.03788 -0.03120 -0.28483
1545306122.945406437 -0.03826 0.50298 0.14826 0.95701 0.03789 -0.03027 -0.28599
1545306123.049260378 -0.01774 0.63408 0.23236 0.95909 0.03927 -0.02933 -0.27882
1545306123.153174400 0.00525 0.78633 0.30872 0.95851 0.04574 -0.03084 -0.27966
1545306123.222311497 0.01974 0.89979 0.35381 0.95710 0.05398 -0.03377 -0.28267
1545306123.325492382 0.04328 1.08458 0.41198 0.95497 0.07458 -0.03134 -0.28546
1545306123.427725315 0.06529 1.28331 0.45702 0.95296 0.09726 -0.03366 -0.28507
1545306123.528872490 0.08159 1.49522 0.48707 0.95257 0.11992 -0.04541 -0.27598
1545306123.629086494 0.09647 1.72098 0.50238 0.94894 0.14707 -0.05092 -0.27440
1545306123.728602409 0.10697 1.95894 0.49827 0.94657 0.17341 -0.05792 -0.26568
1545306123.794614315 0.11139 2.12660 0.48645 0.94708 0.18756 -0.06566 -0.25208
1545306123.893287420 0.11587 2.39367 0.46279 0.94634 0.20787 -0.07525 -0.23574
1545306123.991611481 0.11197 2.68230 0.43744 0.93834 0.23465 -0.07638 -0.24212
1545306124.089392424 0.09778 2.99159 0.41358 0.92476 0.27601 -0.06677 -0.25335
1545306124.186325312 0.06577 3.31179 0.39438 0.90496 0.32132 -0.05667 -0.27310
1545306124.281863451 0.01422 3.63098 0.37744 0.88190 0.36626 -0.05356 -0.29195
1545306124.375829458 -0.05511 3.94670 0.36063 0.85535 0.41339 -0.05398 -0.30753
1545306124.468719482 -0.13882 4.25721 0.34136 0.82980 0.45638 -0.05558 -0.31632
1545306124.560911417 -0.23971 4.55273 0.31809 0.81231 0.49123 -0.06512 -0.30759
1545306124.652673483 -0.36168 4.82910 0.29358 0.79458 0.52460 -0.08197 -0.29448
1545306124.744166374 -0.50166 5.09160 0.26921 0.77375 0.55655 -0.09921 -0.28586
1545306124.865282297 -0.71254 5.42213 0.23839 0.74105 0.60113 -0.11042 -0.27803
1545306124.954580307 -0.88717 5.64898 0.21829 0.70879 0.63815 -0.10796 -0.28058
1545306125.042241335 -1.07310 5.85416 0.19714 0.67816 0.67332 -0.10771 -0.27411
1545306125.128553391 -1.27639 6.02597 0.17844 0.64786 0.70569 -0.11431 -0.26310
1545306125.242244482 -1.56279 6.23354 0.15623 0.61049 0.74332 -0.13511 -0.23777
1545306125.326887369 -1.79612 6.36898 0.14515 0.57420 0.77244 -0.15302 -0.22408
1545306125.411239386 -2.04156 6.49129 0.14256 0.53814 0.79839 -0.16613 -0.21302
1545306125.523736477 -2.38119 6.61716 0.14774 0.50194 0.82275 -0.17672 -0.19980
1545306125.608502388 -2.65296 6.69118 0.15474 0.48776 0.83161 -0.17974 -0.19549
1545306125.722018480 -3.03588 6.76575 0.16263 0.47878 0.83564 -0.17635 -0.20341
1545306125.811584473 -3.34835 6.80341 0.16571 0.47487 0.83647 -0.17268 -0.21213
1545306125.895989418 -3.64927 6.81875 0.16638 0.47379 0.83600 -0.16993 -0.21852
1545306126.008299351 -4.05371 6.80206 0.16205 0.47532 0.83400 -0.17046 -0.22239
1545306126.092279434 -4.36603 6.76843 0.15438 0.47676 0.83308 -0.17300 -0.22080
1545306126.175932407 -4.67808 6.71228 0.14341 0.47624 0.83352 -0.17771 -0.21647
1545306126.287282467 -5.10783 6.61392 0.12498 0.47481 0.83521 -0.18730 -0.20467
1545306126.371060371 -5.43925 6.51952 0.11121 0.46794 0.83962 -0.19283 -0.19720
1545306126.483084440 -5.88172 6.36453 0.09736 0.45459 0.84707 -0.19698 -0.19239
1545306126.566785336 -6.21613 6.22966 0.09053 0.44694 0.85112 -0.20011 -0.18917
1545306126.649721384 -6.55921 6.08341 0.08553 0.44121 0.85421 -0.20282 -0.18580
1545306126.758900404 -7.01590 5.86901 0.08125 0.44393 0.85271 -0.21198 -0.17570
1545306126.839853525 -7.36002 5.69762 0.07859 0.44858 0.85036 -0.21918 -0.16618
1545306126.946949482 -7.82700 5.45754 0.07610 0.44924 0.84961 -0.22281 -0.16344
1545306127.053887367 -8.29854 5.20128 0.07418 0.44874 0.84928 -0.22498 -0.16351
1545306127.134414434 -8.66227 4.99989 0.07163 0.45556 0.84558 -0.23277 -0.15256
1545306127.242552519 -9.15377 4.71697 0.06729 0.46830 0.83817 -0.24763 -0.12979
1545306127.324397326 -9.53459 4.49900 0.06339 0.47758 0.83173 -0.26000 -0.11198
1545306127.434460402 -10.06204 4.20768 0.05741 0.48820 0.82328 -0.27523 -0.09013
1545306127.518077374 -10.47692 3.99151 0.05405 0.49252 0.81800 -0.28589 -0.08103
1545306127.602540493 -10.90833 3.77384 0.05316 0.48991 0.81611 -0.29471 -0.08429
1545306127.716629505 -11.50696 3.49755 0.06371 0.47693 0.81933 -0.30578 -0.08789
1545306127.803808451 -11.97570 3.29500 0.08369 0.46071 0.82581 -0.31212 -0.09153
1545306127.892282486 -12.45975 3.10150 0.11569 0.44023 0.83425 -0.31599 -0.10187
1545306128.010175467 -13.10925 2.85103 0.17543 0.40844 0.84711 -0.31820 -0.11973
1545306128.097376347 -13.58473 2.67590 0.23293 0.38099 0.85772 -0.31762 -0.13520
1545306128.183305502 -14.05299 2.50062 0.29795 0.35520 0.86750 -0.31586 -0.14666
1545306128.268246412 -14.51309 2.31936 0.37057 0.32843 0.87771 -0.31390 -0.15239
1545306128.380052328 -15.10074 2.07490 0.48030 0.29039 0.89139 -0.31153 -0.15510
1545306128.462721348 -15.52554 1.88589 0.56758 0.25864 0.90177 -0.30905 -0.15622
1545306128.571811438 -16.05925 1.62884 0.68964 0.21320 0.91435 -0.30442 -0.16077
1545306128.653292418 -16.44168 1.42492 0.78216 0.17815 0.92262 -0.30040 -0.16369
1545306128.762255430 -16.93403 1.13685 0.90137 0.12606 0.93187 -0.29255 -0.17361
1545306128.844603300 -17.29776 0.90744 0.98380 0.08362 0.93795 -0.28529 -0.17850
1545306128.955618382 -17.73402 0.58099 1.08091 0.03021 0.94703 -0.27390 -0.16494
1545306129.040228367 -18.02610 0.32520 1.14650 -0.01416 0.95080 -0.26977 -0.15170
1545306129.126040459 -18.30792 0.05334 1.20288 -0.06106 0.95189 -0.26390 -0.14329
1545306129.242531300 -18.63575 -0.32857 1.26196 -0.11047 0.95296 -0.25653 -0.11767
1545306129.331601381 -18.84387 -0.63542 1.29623 -0.14954 0.95058 -0.25208 -0.10238
1545306129.422284365 -19.04984 -0.97106 1.33024 -0.20684 0.93651 -0.25855 -0.11537
1545306129.514738321 -19.22243 -1.32356 1.35842 -0.25988 0.92033 -0.26261 -0.12843
1545306129.609152317 -19.35427 -1.68537 1.37696 -0.30421 0.90692 -0.26109 -0.12954
1545306129.705674410 -19.43010 -2.04430 1.38114 -0.35430 0.88564 -0.26792 -0.13542
1545306129.804475307 -19.48288 -2.41984 1.35674 -0.39940 0.86962 -0.26086 -0.12723
1545306129.905796528 -19.46861 -2.78704 1.31416 -0.44051 0.85861 -0.24481 -0.09384
1545306130.009818316 -19.40768 -3.16319 1.26312 -0.48469 0.84009 -0.23397 -0.06774
1545306130.080673456 -19.33182 -3.40981 1.22173 -0.51636 0.82253 -0.23113 -0.05828
1545306130.189308405 -19.16209 -3.76619 1.14410 -0.55967 0.79775 -0.22082 -0.03987
1545306130.300987482 -18.92263 -4.10566 1.05489 -0.60587 0.76717 -0.21014 -0.01446
1545306130.377038479 -18.72689 -4.32783 0.99252 -0.63958 0.73899 -0.21151 0.00947
1545306130.492980480 -18.38144 -4.64248 0.90077 -0.68317 0.69781 -0.20825 0.05444
1545306130.571282387 -18.11206 -4.81797 0.84837 0.71121 -0.66566 0.21020 -0.08306
1545306130.650140524 -17.82228 -4.99307 0.80580 0.73905 -0.62720 0.22229 -0.10498
1545306130.768932343 -17.36071 -5.21947 0.75453 0.77435 -0.56889 0.24777 -0.12393
1545306130.848153353 -17.04221 -5.34288 0.72160 0.79247 -0.53557 0.26124 -0.13004
1545306130.966761351 -16.55604 -5.49367 0.66772 0.81452 -0.48601 0.28894 -0.12989
1545306131.045751333 -16.23181 -5.56707 0.62704 0.82421 -0.46196 0.30072 -0.12976
1545306131.124859333 -15.90918 -5.61242 0.58200 0.82983 -0.45223 0.29891 -0.13242
1545306131.244125366 -15.42784 -5.62883 0.50452 0.83674 -0.44553 0.28719 -0.13744
1545306131.324216366 -15.10676 -5.60663 0.44718 0.84166 -0.43891 0.28130 -0.14083
1545306131.445375443 -14.61544 -5.53272 0.35000 0.84366 -0.44334 0.25897 -0.15693
1545306131.526772499 -14.29371 -5.44580 0.27885 0.83734 -0.46222 0.22892 -0.18113
1545306131.608621359 -13.95548 -5.35458 0.20634 0.82939 -0.47933 0.20010 -0.20572
1545306131.732508421 -13.44293 -5.18802 0.10307 0.82293 -0.48784 0.18410 -0.22561
1545306131.815693378 -13.09617 -5.06435 0.03967 0.82307 -0.48548 0.18796 -0.22701
1545306131.899040461 -12.74458 -4.93045 -0.01382 0.81994 -0.48849 0.18358 -0.23532
1545306131.982412338 -12.38909 -4.78388 -0.05089 0.81069 -0.49932 0.16452 -0.25766
1545306132.106692314 -11.84581 -4.56268 -0.07245 0.80351 -0.50704 0.14917 -0.27390
1545306132.188677311 -11.48265 -4.41652 -0.06917 0.80328 -0.50660 0.15034 -0.27478
1545306132.270452499 -11.11080 -4.27304 -0.05653 0.80158 -0.50849 0.14735 -0.27786
1545306132.393577337 -10.54118 -4.06183 -0.01863 0.80104 -0.50873 0.14807 -0.27858
1545306132.476556301 -10.15225 -3.92378 0.01148 0.80347 -0.50504 0.15610 -0.27388
1545306132.560686350 -9.75719 -3.78172 0.04231 0.80880 -0.49715 0.16491 -0.26739
1545306132.689145327 -9.14521 -3.55847 0.09379 0.82048 -0.47812 0.17589 -0.25939
1545306132.775834322 -8.72902 -3.40096 0.13513 0.83262 -0.45638 0.18757 -0.25157
1545306132.862094402 -8.31919 -3.22557 0.18041 0.84773 -0.42751 0.19718 -0.24436
1545306132.947235346 -7.91381 -3.04558 0.22559 0.86293 -0.39996 0.19489 -0.23957
1545306133.031107426 -7.51944 -2.85719 0.26859 0.87774 -0.37457 0.18238 -0.23667
1545306133.154849529 -6.94421 -2.55496 0.33352 0.89408 -0.33964 0.16399 -0.24161
1545306133.236344337 -6.56701 -2.34446 0.37371 0.90120 -0.32197 0.15383 -0.24599
1545306133.316957474 -6.19073 -2.12751 0.40748 0.90667 -0.30801 0.14035 -0.25174
1545306133.435122490 -5.65097 -1.78478 0.44791 0.91391 -0.28758 0.12649 -0.25703
1545306133.511632442 -5.29698 -1.55664 0.46935 0.91931 -0.26986 0.12423 -0.25810
1545306133.623413324 -4.78835 -1.20708 0.49773 0.92859 -0.23830 0.11236 -0.26136
1545306133.696804523 -4.46023 -0.96474 0.51254 0.93409 -0.21748 0.10114 -0.26447
1545306133.805632353 -3.98446 -0.59493 0.52946 0.94150 -0.18458 0.09074 -0.26698
1545306133.912833452 -3.52302 -0.21095 0.53954 0.94638 -0.15815 0.08012 -0.27006
1545306133.983464479 -3.22018 0.05124 0.54338 0.94909 -0.14215 0.07221 -0.27167
1545306134.088455439 -2.78007 0.45282 0.54682 0.95309 -0.10603 0.07518 -0.27336
1545306134.192027330 -2.37715 0.86398 0.54748 0.95421 -0.05642 0.09467 -0.27808
1545306134.293921471 -1.97905 1.29078 0.54386 0.95293 -0.00520 0.11037 -0.28233
1545306134.394358397 -1.61357 1.72612 0.54035 0.94810 0.04810 0.12634 -0.28782
1545306134.460695505 -1.36141 2.03150 0.53449 0.94402 0.08274 0.13122 -0.29114
1545306134.558870316 -1.03426 2.48996 0.52167 0.93757 0.13471 0.13315 -0.29169
1545306134.655922413 -0.75417 2.94667 0.50572 0.92558 0.19551 0.13586 -0.29433
1545306134.751743317 -0.51716 3.40736 0.48784 0.90604 0.26365 0.14067 -0.29965
1545306134.846363306 -0.36295 3.84104 0.46771 0.88170 0.32855 0.14301 -0.30694
1545306134.939664364 -0.25112 4.25775 0.44178 0.85611 0.38519 0.13805 -0.31566
1545306135.032325506 -0.21187 4.63980 0.41221 0.82651 0.43998 0.12842 -0.32683
1545306135.124635458 -0.24707 4.97422 0.37341 0.79355 0.49340 0.11596 -0.33673
1545306135.246574402 -0.32645 5.39302 0.30604 0.75340 0.55756 0.07952 -0.33940
1545306135.336812496 -0.42557 5.66257 0.25151 0.72212 0.60156 0.04274 -0.33889
1545306135.425764322 -0.55882 5.88664 0.19761 0.68768 0.64378 0.00480 -0.33560
1545306135.513509512 -0.71810 6.06152 0.14634 0.65523 0.68144 -0.03142 -0.32454
1545306135.628947496 -0.94941 6.26018 0.08005 0.60490 0.72750 -0.07594 -0.31476
1545306135.714588404 -1.14361 6.34165 0.04349 0.56241 0.75842 -0.10753 -0.31134
1545306135.799549341 -1.34072 6.39423 0.01264 0.52787 0.78355 -0.13916 -0.29670
1545306135.911867380 -1.60447 6.44314 -0.02313 0.50421 0.80471 -0.18263 -0.25468
1545306135.995454311 -1.80263 6.47742 -0.03886 0.49161 0.81589 -0.20734 -0.22283
1545306136.078744411 -2.00608 6.47741 -0.04039 0.48075 0.82434 -0.21922 -0.20320
1545306136.189693451 -2.29362 6.45743 -0.02280 0.47903 0.82637 -0.23061 -0.18564
1545306136.273153305 -2.52453 6.43040 0.00119 0.48123 0.82472 -0.23574 -0.18078
1545306136.385269403 -2.84380 6.37950 0.04978 0.48264 0.82461 -0.23212 -0.18218
1545306136.470384359 -3.10329 6.33885 0.09214 0.48712 0.82386 -0.22796 -0.17888
1545306136.555925369 -3.36194 6.27868 0.14306 0.49126 0.82316 -0.22317 -0.17685
1545306136.669974327 -3.72420 6.18190 0.21058 0.49636 0.82258 -0.21612 -0.17403
1545306136.755753517 -4.00920 6.09997 0.25985 0.50036 0.82262 -0.21002 -0.16978
1545306136.842124462 -4.30600 6.00617 0.30967 0.50501 0.82054 -0.21085 -0.16500
1545306136.958312511 -4.73724 5.87375 0.37393 0.50580 0.81924 -0.21327 -0.16592
1545306137.045939445 -5.08892 5.76265 0.41859 0.50555 0.81907 -0.21351 -0.16722
1545306137.133815527 -5.43239 5.63689 0.46835 0.50631 0.81816 -0.21840 -0.16300
1545306137.221830368 -5.78077 5.50341 0.51826 0.51154 0.81458 -0.22877 -0.14982
1545306137.338805437 -6.25739 5.32029 0.57922 0.51113 0.81083 -0.24380 -0.14785
1545306137.425561428 -6.62459 5.18038 0.61729 0.50572 0.80767 -0.25780 -0.15957
1545306137.511224508 -6.99516 5.04498 0.64781 0.50283 0.80540 -0.26653 -0.16572
1545306137.624307394 -7.48328 4.86625 0.68087 0.50091 0.80338 -0.27379 -0.16946
1545306137.708624363 -7.85344 4.73454 0.70197 0.50296 0.80004 -0.28229 -0.16513
1545306137.792739391 -8.22290 4.60531 0.72214 0.50691 0.79681 -0.28990 -0.15523
1545306137.904920340 -8.72177 4.43283 0.75179 0.50984 0.79304 -0.29935 -0.14677
1545306137.989338398 -9.10714 4.30289 0.77420 0.51274 0.78868 -0.30895 -0.14011
1545306138.102585316 -9.62630 4.14132 0.80129 0.51422 0.78223 -0.32392 -0.13697
1545306138.188178301 -10.02015 4.02501 0.80528 0.51022 0.77956 -0.33146 -0.14866
1545306138.274257421 -10.41862 3.91572 0.77859 0.50557 0.78277 -0.32571 -0.15995
1545306138.389590502 -10.95391 3.77163 0.70732 0.49043 0.78910 -0.31440 -0.19482
1545306138.476503372 -11.34376 3.67242 0.63406 0.47439 0.79618 -0.29884 -0.22747
1545306138.563651323 -11.70519 3.57577 0.55457 0.46659 0.79911 -0.29782 -0.23457
1545306138.651113510 -12.07908 3.46995 0.48253 0.46189 0.80175 -0.30076 -0.23108
1545306138.768614531 -12.56746 3.31203 0.41117 0.45463 0.80788 -0.29990 -0.22518
1545306138.857087374 -12.89865 3.19417 0.38269 0.44994 0.81101 -0.30436 -0.21722
1545306138.945038319 -13.23756 3.06978 0.36941 0.44588 0.81346 -0.31659 -0.19810
1545306139.031850338 -13.56179 2.94795 0.36869 0.43375 0.82026 -0.32277 -0.18671
1545306139.145715475 -13.97429 2.78265 0.38323 0.41065 0.83206 -0.32730 -0.17866
1545306139.229923487 -14.27445 2.66457 0.40300 0.39069 0.84142 -0.33284 -0.16912
1545306139.340882301 -14.66770 2.50515 0.44171 0.35959 0.85371 -0.33975 -0.16262
1545306139.423582315 -14.96411 2.38944 0.47475 0.33531 0.86139 -0.34531 -0.16225
1545306139.505909443 -15.23737 2.27253 0.50941 0.31269 0.86983 -0.34842 -0.15566
1545306139.614869356 -15.57382 2.12084 0.55242 0.28245 0.87999 -0.35386 -0.14364
1545306139.695962429 -15.81765 2.00433 0.57807 0.25693 0.88783 -0.35687 -0.13561
1545306139.803271532 -16.13647 1.84742 0.60455 0.21826 0.89838 -0.35619 -0.13564
1545306139.910149336 -16.45543 1.68610 0.62642 0.18100 0.90716 -0.35415 -0.13741
1545306139.990256310 -16.66838 1.56620 0.64745 0.15575 0.91222 -0.35270 -0.13856
1545306140.097326517 -16.94918 1.39624 0.67840 0.12487 0.91744 -0.35033 -0.14135
1545306140.178025484 -17.13510 1.25928 0.70379 0.10419 0.92106 -0.34801 -0.14028
1545306140.286347389 -17.37364 1.06729 0.74190 0.08275 0.92599 -0.34646 -0.12514
1545306140.368252516 -17.54065 0.91902 0.78057 0.06721 0.92840 -0.34668 -0.11560
1545306140.478482485 -17.74140 0.71628 0.84203 0.05283 0.93214 -0.34488 -0.09684
1545306140.562060356 -17.88721 0.55499 0.89288 0.04584 0.93721 -0.33823 -0.07167
1545306140.674772501 -18.06256 0.33388 0.96746 0.03152 0.93979 -0.33609 -0.05325
1545306140.760289431 -18.19466 0.15679 1.02411 0.02153 0.93985 -0.33708 -0.05094
1545306140.846731424 -18.31926 -0.02409 1.07509 0.01265 0.94073 -0.33564 -0.04702
1545306140.934191465 -18.43901 -0.21072 1.12125 0.00159 0.94288 -0.33054 -0.04139
1545306141.052480459 -18.59733 -0.47711 1.18340 -0.02657 0.94264 -0.32926 -0.04805
1545306141.142517328 -18.70503 -0.68747 1.22870 -0.05785 0.94060 -0.32834 -0.06420
1545306141.233739376 -18.80394 -0.90734 1.26804 -0.09440 0.93740 -0.32463 -0.08360
1545306141.326228380 -18.88922 -1.13560 1.29566 -0.12227 0.93896 -0.30995 -0.08567
1545306141.420058489 -18.95230 -1.37008 1.31312 -0.14113 0.94540 -0.28530 -0.07009
1545306141.515313387 -18.99474 -1.62145 1.32985 -0.15820 0.94468 -0.28296 -0.04991
1545306141.612068415 -19.01413 -1.88852 1.34462 -0.16346 0.94538 -0.28169 -0.01371
1545306141.710388422 -19.01549 -2.17007 1.35889 -0.17479 0.94352 -0.28080 0.01949
1545306141.810307503 -19.00583 -2.46636 1.36888 -0.20543 0.93632 -0.28309 0.03117
1545306141.911980391 -18.98499 -2.78168 1.37130 -0.24512 0.92648 -0.28414 0.02850
1545306142.015654325 -18.94493 -3.11127 1.37390 -0.29048 0.91212 -0.28811 0.02566
1545306142.085989475 -18.90558 -3.34044 1.37942 -0.32692 0.89757 -0.29501 0.02145
1545306142.193494320 -18.82495 -3.69955 1.39291 -0.39303 0.86427 -0.31380 0.00960
1545306142.303684473 -18.70272 -4.04567 1.40739 -0.46172 0.82164 -0.33414 -0.00847
1545306142.378574371 -18.59797 -4.26700 1.41561 -0.50223 0.79412 -0.34187 -0.01638
1545306142.492738485 -18.40295 -4.57740 1.42342 -0.55926 0.75096 -0.35069 -0.01744
1545306142.569932461 -18.24365 -4.75149 1.42233 -0.59585 0.72617 -0.34296 -0.00340
1545306142.687068462 -17.97054 -4.97407 1.41254 -0.64971 0.69590 -0.30357 0.03787
1545306142.765777349 -17.76490 -5.09483 1.40368 0.68185 -0.67608 0.27091 -0.06785
1545306142.844731331 -17.54432 -5.18941 1.39410 0.70992 -0.65445 0.24316 -0.09267
1545306142.963291407 -17.18796 -5.32115 1.37446 0.74104 -0.62541 0.21503 -0.11612
1545306143.042283297 -16.93181 -5.39602 1.35326 0.75273 -0.61406 0.20119 -0.12586
1545306143.160688400 -16.52639 -5.49119 1.30563 0.76882 -0.59446 0.19504 -0.13224
1545306143.239650488 -16.23905 -5.54224 1.26118 0.78233 -0.57502 0.20081 -0.13035
1545306143.318712473 -15.94133 -5.57849 1.20642 0.79420 -0.55743 0.20458 -0.12910
1545306143.437688351 -15.47703 -5.60512 1.10735 0.80932 -0.53524 0.20302 -0.13155
1545306143.517350435 -15.15270 -5.60275 1.02997 0.82028 -0.51624 0.20813 -0.13163
1545306143.637453318 -14.64961 -5.57294 0.89335 0.83317 -0.49631 0.20432 -0.13326
1545306143.718008518 -14.30274 -5.52820 0.79298 0.83883 -0.48848 0.19521 -0.14014
1545306143.799011469 -13.94434 -5.46627 0.68876 0.84373 -0.48045 0.18890 -0.14697
1545306143.921439409 -13.39015 -5.33714 0.53100 0.84405 -0.47642 0.18142 -0.16639
1545306144.003620386 -13.00550 -5.22834 0.43117 0.83722 -0.48640 0.16538 -0.18741
1545306144.086026430 -12.61195 -5.10442 0.34166 0.82984 -0.49581 0.14987 -0.20754
1545306144.209652424 -11.99601 -4.90251 0.23064 0.82285 -0.49874 0.14743 -0.22899
1545306144.291735411 -11.57606 -4.76151 0.17439 0.82106 -0.49508 0.15545 -0.23788
1545306144.373636484 -11.14845 -4.61431 0.13483 0.81877 -0.48952 0.16848 -0.24820
1545306144.497004509 -10.49720 -4.38396 0.10684 0.81629 -0.48272 0.18113 -0.26047
1545306144.580157518 -10.05204 -4.22431 0.10452 0.81690 -0.47839 0.18082 -0.26668
1545306144.664489508 -9.60401 -4.05512 0.11180 0.82044 -0.47145 0.17806 -0.27001
1545306144.750009298 -9.15575 -3.87643 0.12768 0.82754 -0.45944 0.17246 -0.27268
1545306144.879726410 -8.47260 -3.59680 0.16419 0.84553 -0.43165 0.15798 -0.27167
1545306144.965752363 -8.02493 -3.39954 0.19685 0.85951 -0.40307 0.16315 -0.26861
1545306145.050495386 -7.58525 -3.19821 0.23309 0.87268 -0.37428 0.16777 -0.26495
1545306145.133772373 -7.15102 -2.99598 0.27454 0.88385 -0.34765 0.16903 -0.26340
1545306145.256245375 -6.52194 -2.67754 0.34361 0.89861 -0.30903 0.17164 -0.25989
1545306145.336878300 -6.10734 -2.46055 0.39212 0.90711 -0.28824 0.16353 -0.25948
1545306145.416661501 -5.70844 -2.23178 0.44290 0.91454 -0.26945 0.14950 -0.26203
1545306145.533765316 -5.14446 -1.86883 0.51966 0.92344 -0.24289 0.12905 -0.26761
1545306145.609660387 -4.78456 -1.61975 0.56656 0.92847 -0.22637 0.11623 -0.27054
1545306145.720711470 -4.26419 -1.24545 0.63333 0.93561 -0.19855 0.10238 -0.27338
1545306145.793609381 -3.92451 -0.99092 0.67399 0.93999 -0.17855 0.09573 -0.27455
1545306145.901593447 -3.43860 -0.59975 0.72963 0.94597 -0.14529 0.09333 -0.27443
1545306146.007934332 -2.96525 -0.20181 0.77808 0.95087 -0.10979 0.09617 -0.27303
1545306146.077973366 -2.66881 0.06515 0.80799 0.95360 -0.08489 0.09938 -0.27123
1545306146.181972504 -2.24436 0.48277 0.84359 0.95634 -0.04628 0.10519 -0.26873
1545306146.284522295 -1.85528 0.91216 0.87204 0.95724 -0.00390 0.10836 -0.26819
1545306146.385598421 -1.48640 1.35457 0.89194 0.95602 0.04039 0.10906 -0.26925
1545306146.485315323 -1.16783 1.79844 0.90662 0.95295 0.08779 0.10424 -0.27078
1545306146.583699465 -0.86954 2.25594 0.90942 0.94579 0.13892 0.09933 -0.27624
1545306146.648568392 -0.69988 2.55930 0.90580 0.93879 0.17373 0.09785 -0.28091
1545306146.744858503 -0.47653 3.00742 0.89241 0.92565 0.22722 0.09555 -0.28709
1545306146.839974403 -0.29202 3.45455 0.86790 0.90898 0.28159 0.08783 -0.29454
1545306146.964918375 -0.10323 4.04451 0.81750 0.87673 0.36060 0.07826 -0.30851
1545306147.057502508 0.00185 4.47863 0.77209 0.84781 0.41994 0.07006 -0.31616
1545306147.149457455 0.03395 4.86463 0.72423 0.81741 0.47622 0.05834 -0.31883
1545306147.240943432 0.02434 5.22056 0.67135 0.78248 0.53235 0.04577 -0.31976
1545306147.331843376 -0.03965 5.52672 0.61353 0.74353 0.58608 0.03505 -0.32008
1545306147.421841383 -0.10748 5.81479 0.54858 0.70206 0.63602 0.02443 -0.31937
1545306147.510623455 -0.20260 6.06117 0.47783 0.65955 0.68139 0.01266 -0.31709
1545306147.627122402 -0.36049 6.33726 0.37002 0.61661 0.72958 -0.01465 -0.29544
1545306147.713344336 -0.51068 6.49017 0.29017 0.58694 0.76040 -0.04105 -0.27495
1545306147.798793316 -0.68069 6.59418 0.21289 0.55869 0.78576 -0.07052 -0.25587
1545306147.911761522 -0.92743 6.69359 0.11796 0.53170 0.80911 -0.11332 -0.22315
1545306147.995857477 -1.13152 6.74108 0.05828 0.52052 0.81705 -0.15116 -0.19658
1545306148.079442501 -1.34941 6.77175 0.01452 0.50904 0.82181 -0.18592 -0.17592
1545306148.190107346 -1.65872 6.78354 -0.01401 0.48872 0.82937 -0.21896 -0.15927
1545306148.272660494 -1.90328 6.77924 -0.01837 0.46907 0.84024 -0.22354 -0.15492
1545306148.382553339 -2.24296 6.75245 -0.00430 0.44287 0.85436 -0.22263 -0.15609
1545306148.465211391 -2.51176 6.71928 0.01380 0.42482 0.86353 -0.21769 -0.16266
1545306148.576732397 -2.88415 6.65012 0.04923 0.41223 0.86906 -0.21190 -0.17291
1545306148.661385298 -3.17513 6.57889 0.08006 0.41474 0.86780 -0.21376 -0.17096
1545306148.746114492 -3.47363 6.49296 0.11724 0.41789 0.86594 -0.21614 -0.16970
1545306148.859268427 -3.87851 6.35212 0.17486 0.42876 0.86055 -0.22328 -0.16053
1545306148.944852352 -4.19890 6.23431 0.22258 0.44281 0.85330 -0.22886 -0.15301
1545306149.031244516 -4.52798 6.10377 0.27411 0.45856 0.84488 -0.22683 -0.15633
1545306149.147248507 -4.98319 5.91410 0.34236 0.48868 0.82730 -0.22362 -0.16362
1545306149.234635353 -5.33662 5.76094 0.39149 0.50434 0.81834 -0.22351 -0.16124
1545306149.322170496 -5.69532 5.59482 0.43525 0.50888 0.81731 -0.21721 -0.16078
1545306149.438048363 -6.18055 5.37059 0.46880 0.50747 0.82483 -0.20872 -0.13629
1545306149.523670435 -6.55989 5.20321 0.46870 0.50101 0.83110 -0.21250 -0.11453
1545306149.608261347 -6.94361 5.03962 0.45936 0.48879 0.83628 -0.22237 -0.11080
1545306149.720120430 -7.46243 4.81633 0.44224 0.48740 0.83349 -0.24018 -0.10023
1545306149.803604364 -7.86169 4.64327 0.43250 0.48739 0.82883 -0.25687 -0.09753
1545306149.886935472 -8.27119 4.47125 0.42416 0.48358 0.82807 -0.26441 -0.10265
1545306149.998276472 -8.83774 4.24386 0.40554 0.48004 0.82918 -0.26541 -0.10762
1545306150.082266331 -9.27719 4.07658 0.39045 0.47825 0.82698 -0.27320 -0.11293
1545306150.195289373 -9.88146 3.84581 0.37105 0.48397 0.81824 -0.29158 -0.10601
1545306150.280795336 -10.34762 3.68022 0.35942 0.48908 0.81259 -0.30161 -0.09756
1545306150.366792440 -10.81111 3.53167 0.35662 0.48763 0.81047 -0.30767 -0.10342
1545306150.482226372 -11.45436 3.32826 0.36213 0.48181 0.81282 -0.30844 -0.10975
1545306150.569928408 -11.94992 3.18035 0.38078 0.46492 0.81983 -0.31155 -0.12110
1545306150.658535480 -12.45230 3.03568 0.41160 0.43917 0.83092 -0.31428 -0.13392
1545306150.746836424 -12.95345 2.89257 0.45027 0.40540 0.84559 -0.31453 -0.14732
1545306150.862722397 -13.59948 2.70704 0.51112 0.35121 0.86679 -0.31431 -0.16288
1545306150.947819471 -14.06582 2.56176 0.55766 0.30703 0.88306 -0.31067 -0.17150
1545306151.031572342 -14.51533 2.41681 0.60102 0.26247 0.89822 -0.30591 -0.17530
1545306151.141838312 -15.08230 2.21916 0.65444 0.20360 0.91491 -0.29968 -0.17797
1545306151.223451376 -15.49481 2.05638 0.68858 0.16606 0.92433 -0.29660 -0.17339
1545306151.331088305 -16.00800 1.82409 0.73655 0.12657 0.93230 -0.29924 -0.15893
1545306151.411223412 -16.34773 1.63631 0.77923 0.09900 0.93512 -0.30512 -0.15050
1545306151.517848492 -16.79036 1.37198 0.83880 0.06230 0.93807 -0.30968 -0.14228
1545306151.624958515 -17.18408 1.09625 0.90403 0.02199 0.93911 -0.31228 -0.14171
1545306151.705898523 -17.48020 0.87430 0.95483 -0.01512 0.93744 -0.31236 -0.15301
1545306151.814917326 -17.81652 0.57304 1.02404 -0.06295 0.93434 -0.30875 -0.16648
1545306151.897725344 -18.03370 0.34601 1.07428 -0.09518 0.93163 -0.30454 -0.17397
1545306152.009687424 -18.25581 0.03228 1.13631 -0.12313 0.93330 -0.29919 -0.15579
1545306152.094930410 -18.38025 -0.21460 1.18102 -0.12934 0.93912 -0.29798 -0.11192
1545306152.181371450 -18.49861 -0.48110 1.22741 -0.12971 0.94484 -0.29472 -0.05998
1545306152.269184351 -18.60845 -0.76430 1.28126 -0.14350 0.94507 -0.29224 -0.02910
1545306152.388708353 -18.73616 -1.16587 1.36373 -0.18506 0.93886 -0.28945 -0.02245
1545306152.480336428 -18.79841 -1.48008 1.42532 -0.22368 0.93105 -0.28720 -0.02499
1545306152.573784351 -18.84622 -1.81119 1.48577 -0.26307 0.92163 -0.28428 -0.02384
1545306152.669204473 -18.87684 -2.15591 1.54556 -0.30469 0.91020 -0.27993 -0.01825
1545306152.766732454 -18.86956 -2.50646 1.60386 -0.35185 0.89348 -0.27849 -0.01859
1545306152.866513491 -18.83359 -2.86576 1.66026 -0.40244 0.87255 -0.27606 -0.02216
1545306152.934336424 -18.79015 -3.10959 1.69344 -0.43508 0.85754 -0.27357 -0.02192
1545306153.038134336 -18.68248 -3.46529 1.73372 -0.48472 0.82986 -0.27599 -0.01411
1545306153.144546509 -18.53334 -3.82103 1.76114 -0.53816 0.79193 -0.28850 -0.00034
1545306153.253616333 -18.34788 -4.17180 1.76605 -0.58963 0.75470 -0.28696 0.02025
1545306153.327684402 -18.20342 -4.39506 1.75680 -0.62361 0.72753 -0.28383 0.03540
1545306153.440502405 -17.95820 -4.70692 1.72214 -0.67467 0.68337 -0.27506 0.04669
1545306153.516648531 -17.77696 -4.89697 1.68337 0.70473 -0.65717 0.26174 -0.05461
1545306153.632029295 -17.47840 -5.15818 1.60323 0.74408 -0.62052 0.23718 -0.07112
1545306153.709587336 -17.26476 -5.31726 1.53897 0.76774 -0.59258 0.22942 -0.08241
1545306153.826583385 -16.91063 -5.51351 1.43027 0.79624 -0.55317 0.22371 -0.09975
1545306153.904864311 -16.65838 -5.61542 1.35257 0.81175 -0.52895 0.22185 -0.10983
1545306153.983254433 -16.39491 -5.70135 1.27186 0.82456 -0.50774 0.21999 -0.11793
1545306154.100859404 -15.98132 -5.80308 1.14519 0.83771 -0.48301 0.21993 -0.12870
1545306154.179272413 -15.70447 -5.83486 1.05904 0.84085 -0.47666 0.21721 -0.13632
1545306154.297145367 -15.26898 -5.83271 0.93327 0.83773 -0.48270 0.20446 -0.15299
1545306154.376071453 -14.96944 -5.80743 0.85550 0.83609 -0.48358 0.20284 -0.16113
1545306154.495183468 -14.50117 -5.73281 0.74729 0.83517 -0.48031 0.20771 -0.16923
1545306154.575090408 -14.18664 -5.65193 0.68229 0.83273 -0.48430 0.19944 -0.17956
1545306154.655355453 -13.86352 -5.55414 0.62620 0.83018 -0.48786 0.19076 -0.19078
1545306154.776394367 -13.35057 -5.39069 0.55669 0.82890 -0.48696 0.18343 -0.20528
1545306154.857559443 -12.99933 -5.26367 0.52192 0.83036 -0.48002 0.18665 -0.21273
1545306154.939039469 -12.63797 -5.12714 0.49463 0.82899 -0.47724 0.18724 -0.22351
1545306155.061325312 -12.09271 -4.90136 0.47130 0.82163 -0.48184 0.17733 -0.24759
1545306155.142598391 -11.72189 -4.74438 0.46808 0.81674 -0.48492 0.17070 -0.26201
1545306155.223403454 -11.34979 -4.58389 0.47324 0.81170 -0.48770 0.16512 -0.27571
1545306155.343741417 -10.79178 -4.34438 0.48850 0.80783 -0.49164 0.15583 -0.28532
1545306155.423937321 -10.42436 -4.17983 0.49944 0.80420 -0.49697 0.14545 -0.29178
1545306155.544919491 -9.86202 -3.94296 0.51499 0.79968 -0.50279 0.13522 -0.29907
1545306155.626300335 -9.47484 -3.78953 0.52159 0.80013 -0.50212 0.13763 -0.29786
1545306155.708325386 -9.07993 -3.63803 0.52648 0.80218 -0.49876 0.14315 -0.29537
1545306155.791121483 -8.67643 -3.49014 0.53162 0.81041 -0.48575 0.15097 -0.29067
1545306155.916056395 -8.06736 -3.26891 0.53823 0.82638 -0.45777 0.16816 -0.28153
1545306155.998664379 -7.66610 -3.11796 0.53882 0.83662 -0.43909 0.17531 -0.27665
1545306156.080243349 -7.27257 -2.96200 0.53470 0.84622 -0.42120 0.17665 -0.27441
1545306156.200761318 -6.69538 -2.72139 0.51908 0.86053 -0.39240 0.17367 -0.27449
1545306156.280117512 -6.31693 -2.55607 0.50559 0.87123 -0.36844 0.17617 -0.27234
1545306156.398433447 -5.75845 -2.29929 0.48023 0.88655 -0.32990 0.18244 -0.26815
1545306156.476891518 -5.39458 -2.11471 0.45848 0.89583 -0.30587 0.18049 -0.26711
1545306156.554842472 -5.04111 -1.92743 0.43464 0.90385 -0.28406 0.17171 -0.26997
1545306156.670092344 -4.53425 -1.63057 0.39821 0.91504 -0.24984 0.16066 -0.27288
1545306156.745323420 -4.20946 -1.42465 0.37384 0.92188 -0.22818 0.14849 -0.27571
1545306156.856876373 -3.74818 -1.10307 0.33757 0.93103 -0.19412 0.13141 -0.27969
1545306156.967469454 -3.30676 -0.76449 0.30267 0.93906 -0.15877 0.11439 -0.28262
1545306157.040477514 -3.02971 -0.53327 0.28021 0.94360 -0.13444 0.10398 -0.28412
1545306157.149216413 -2.63458 -0.17743 0.24998 0.94872 -0.09293 0.09632 -0.28640
1545306157.220859528 -2.38347 0.06685 0.23369 0.95004 -0.06513 0.09450 -0.29026
1545306157.327747345 -2.02688 0.44893 0.22003 0.95008 -0.03090 0.08424 -0.29882
1545306157.433317423 -1.69004 0.84254 0.22013 0.95041 -0.00317 0.07098 -0.30277
1545306157.536759377 -1.38408 1.23955 0.23746 0.95005 0.02520 0.06003 -0.30523
1545306157.604621410 -1.19750 1.50788 0.25722 0.94939 0.04661 0.05530 -0.30567
1545306157.713009357 -0.91691 1.94545 0.29965 0.94577 0.09246 0.05250 -0.30696
1545306157.819095373 -0.66645 2.38473 0.35126 0.93747 0.14799 0.06091 -0.30911
1545306157.917573452 -0.46397 2.79653 0.40595 0.92617 0.20101 0.06842 -0.31165
1545306157.982349396 -0.34454 3.06748 0.44415 0.91803 0.23391 0.06900 -0.31265
1545306158.078079462 -0.18739 3.47208 0.49611 0.90615 0.28220 0.06105 -0.30907
1545306158.172494411 -0.07576 3.86432 0.54120 0.89200 0.33246 0.04464 -0.30299
1545306158.296287298 0.01915 4.36787 0.59117 0.86687 0.40222 0.02162 -0.29376
1545306158.388197422 0.05491 4.73170 0.61942 0.84286 0.45539 0.00374 -0.28670
1545306158.479963303 0.04969 5.07473 0.64027 0.80745 0.51308 -0.00635 -0.29110
1545306158.571739435 -0.00286 5.39002 0.64681 0.77038 0.56670 -0.00974 -0.29200
1545306158.663252354 -0.08096 5.68242 0.64418 0.73324 0.61627 -0.01552 -0.28692
1545306158.754038334 -0.16985 5.96814 0.63568 0.69558 0.66127 -0.02453 -0.27980
1545306158.843440294 -0.30247 6.18956 0.62144 0.65990 0.69987 -0.03810 -0.27066
1545306158.960620403 -0.49480 6.44699 0.59824 0.61701 0.74201 -0.07532 -0.25111
1545306159.047230482 -0.66381 6.59454 0.57907 0.58058 0.77072 -0.10624 -0.24006
1545306159.132969379 -0.84540 6.72636 0.56147 0.54409 0.79813 -0.12847 -0.22461
1545306159.246164322 -1.10394 6.87837 0.54173 0.49025 0.83576 -0.14057 -0.20349
1545306159.330147505 -1.31169 6.98060 0.52661 0.44528 0.86218 -0.14677 -0.19192
1545306159.413450480 -1.52618 7.03812 0.51278 0.40242 0.88459 -0.15502 -0.17755
1545306159.523658514 -1.82470 7.07547 0.49853 0.34490 0.90805 -0.17629 -0.15943
1545306159.605979443 -2.05425 7.06887 0.49397 0.30103 0.92064 -0.19829 -0.14993
1545306159.715914488 -2.36558 7.02427 0.50011 0.24079 0.93396 -0.22570 -0.13708
1545306159.798927307 -2.59751 6.96489 0.51167 0.19292 0.94245 -0.24036 -0.12963
1545306159.910858393 -2.89941 6.85401 0.53137 0.12207 0.95350 -0.24511 -0.12592
1545306159.995667458 -3.10902 6.74267 0.54870 0.06678 0.95879 -0.24629 -0.12489
1545306160.080963373 -3.30848 6.61260 0.56308 0.00748 0.95959 -0.24952 -0.12991
1545306160.195347309 -3.54150 6.40743 0.57986 -0.06736 0.95579 -0.25161 -0.13648
1545306160.281829357 -3.69352 6.23470 0.59156 -0.11357 0.95148 -0.25491 -0.12963
1545306160.369158506 -3.81306 6.04311 0.60329 -0.15047 0.94911 -0.25458 -0.10831
1545306160.487234354 -3.92763 5.76094 0.62181 -0.19839 0.94260 -0.25828 -0.07372
1545306160.577297449 -3.97693 5.53240 0.63680 -0.23114 0.93482 -0.26558 -0.04636
1545306160.668910503 -4.00336 5.28982 0.64741 -0.25163 0.93074 -0.26528 -0.00485
1545306160.762206316 -4.00460 5.03502 0.65669 -0.27210 0.92386 -0.26725 0.03202
1545306160.857013464 -3.99297 4.76547 0.66559 -0.29398 0.91490 -0.26974 0.06134
1545306160.952854395 -3.97151 4.48070 0.67842 -0.31444 0.90495 -0.27140 0.09237
1545306161.049052477 -3.93767 4.18453 0.69578 -0.34307 0.89092 -0.27664 0.10971
1545306161.144884348 -3.89572 3.88164 0.71679 -0.37355 0.87684 -0.27753 0.12080
1545306161.239831448 -3.84382 3.57556 0.74326 -0.40219 0.86224 -0.28136 0.12499
1545306161.333683491 -3.78272 3.26715 0.77314 -0.42607 0.84987 -0.28272 0.12751
1545306161.426608324 -3.71088 2.96019 0.80770 -0.44599 0.83974 -0.28108 0.13010
1545306161.519101381 -3.62753 2.65469 0.84358 -0.46228 0.83059 -0.27842 0.13751
1545306161.611551523 -3.53393 2.34956 0.87954 -0.48109 0.81972 -0.27603 0.14293
1545306161.704293489 -3.42798 2.04215 0.91518 -0.50724 0.80365 -0.27658 0.14267
1545306161.797763348 -3.31035 1.73672 0.94826 -0.53478 0.78587 -0.27488 0.14446
1545306161.892388344 -3.17965 1.43612 0.97619 -0.56261 0.76589 -0.27345 0.14871
1545306161.988469362 -3.03350 1.13674 0.99457 -0.59584 0.74007 -0.27440 0.14823
1545306162.086204529 -2.87212 0.84279 1.00106 -0.63074 0.70993 -0.27364 0.15259
1545306162.185775518 -2.69498 0.56299 0.99464 -0.66327 0.67974 -0.26686 0.16375
1545306162.287207365 -2.50386 0.29252 0.97384 0.69809 -0.64188 0.26732 -0.17084
1545306162.390275478 -2.29713 0.02539 0.93714 0.73153 -0.60134 0.26499 -0.18176
1545306162.459765434 -2.15534 -0.12438 0.90935 0.75128 -0.57644 0.25838 -0.19114
1545306162.565037489 -1.93270 -0.34860 0.86255 0.77997 -0.53463 0.25417 -0.20299
1545306162.671507359 -1.70194 -0.54562 0.81317 0.80662 -0.49198 0.25001 -0.21172
1545306162.779311419 -1.47234 -0.68493 0.76898 0.82862 -0.44932 0.24698 -0.22473
1545306162.852015495 -1.31891 -0.77353 0.74176 0.84135 -0.41964 0.24492 -0.23673
1545306162.962488413 -1.09031 -0.88179 0.70648 0.85801 -0.37217 0.24362 -0.25683
1545306163.037155390 -0.94995 -0.92893 0.68694 0.86855 -0.34035 0.23978 -0.26887
1545306163.150726318 -0.75770 -0.96528 0.66108 0.88200 -0.28598 0.23472 -0.29189
1545306163.227445364 -0.64376 -0.97248 0.64360 0.88811 -0.24640 0.23322 -0.31010
1545306163.343690395 -0.48343 -0.97821 0.60796 0.89552 -0.18666 0.22702 -0.33416
1545306163.421670437 -0.39314 -0.97321 0.58028 0.89959 -0.14787 0.22016 -0.34699
1545306163.538822412 -0.29477 -0.95189 0.53405 0.90603 -0.09978 0.19945 -0.35970
1545306163.616795301 -0.25051 -0.93171 0.50316 0.91217 -0.08009 0.17094 -0.36375
1545306163.733331442 -0.21210 -0.89739 0.46847 0.91835 -0.05857 0.11934 -0.37278
1545306163.810677528 -0.19984 -0.87269 0.45298 0.92116 -0.04808 0.08140 -0.37754
1545306163.887663364 -0.19404 -0.84713 0.44567 0.92352 -0.03556 0.04718 -0.37898
1545306164.002278328 -0.18760 -0.80737 0.45141 0.92430 -0.00548 0.02513 -0.38080
1545306164.078022480 -0.18431 -0.78225 0.45811 0.92357 0.01488 0.01935 -0.38265
1545306164.190571308 -0.18148 -0.74579 0.45852 0.92188 0.04161 0.00884 -0.38514
1545306164.301826477 -0.18059 -0.71109 0.44430 0.91999 0.06403 -0.00181 -0.38667
1545306164.375308514 -0.18151 -0.68938 0.42591 0.91889 0.07673 -0.00981 -0.38685
1545306164.484598398 -0.18509 -0.65807 0.38672 0.91692 0.09346 -0.02301 -0.38729
1545306164.556927443 -0.18773 -0.63787 0.35481 0.91381 0.09839 -0.03865 -0.39214
1545306164.664779425 -0.18834 -0.60887 0.29914 0.90828 0.10383 -0.05420 -0.40164
1545306164.771933317 -0.18218 -0.58532 0.23681 0.90469 0.11220 -0.05459 -0.40739
1545306164.843043327 -0.17559 -0.57388 0.19232 0.90437 0.11765 -0.05635 -0.40631
1545306164.949479342 -0.16195 -0.55789 0.12038 0.90309 0.12600 -0.05970 -0.40619
1545306165.056090355 -0.14452 -0.54648 0.03474 0.90085 0.13564 -0.06383 -0.40744
1545306165.127600431 -0.13009 -0.54174 -0.02576 0.91434 0.14128 -0.06299 -0.37425
1545306165.236392498 -0.11938 -0.52245 0.02430 0.89948 0.16770 -0.05658 -0.39951
1545306165.347501516 -0.10884 -0.50687 0.07768 0.90374 0.17428 -0.06954 -0.38476
1545306165.421863317 -0.10006 -0.49432 0.09135 0.90184 0.17485 -0.07120 -0.38863
1545306165.533181429 -0.08539 -0.47368 0.02593 0.89892 0.17451 -0.07646 -0.39451
1545306165.607198477 -0.07783 -0.46330 -0.03740 0.91867 0.17129 -0.08590 -0.34543
1545306165.719188452 -0.07127 -0.45385 0.02709 0.90375 0.19063 -0.04941 -0.38008
1545306165.794739485 -0.06969 -0.45078 0.01384 0.90735 0.18022 -0.06269 -0.37458
1545306165.908300400 -0.06837 -0.45018 0.00597 0.90678 0.18035 -0.05913 -0.37648
1545306165.984550476 -0.06772 -0.44837 0.00380 0.91329 0.17223 -0.06357 -0.36358
1545306166.099538326 -0.06777 -0.45005 0.00903 0.91167 0.17628 -0.05987 -0.36634
1545306166.176542521 -0.06703 -0.45104 0.01152 0.91188 0.17570 -0.06017 -0.36604
1545306166.292480469 -0.06626 -0.45295 0.01488 0.91161 0.17604 -0.05988 -0.36658
1545306166.370000362 -0.06537 -0.45263 0.01931 0.91183 0.17649 -0.05918 -0.36593
1545306166.486561298 -0.06392 -0.45425 0.02520 0.91185 0.17630 -0.05896 -0.36602
1545306166.564409494 -0.06376 -0.45328 0.02975 0.91159 0.17715 -0.05863 -0.36630
1545306166.681348324 -0.05784 -0.45243 0.03515 0.91170 0.17676 -0.05914 -0.36615
1545306166.759401321 -0.05384 -0.45061 0.03895 0.91159 0.17696 -0.05940 -0.36627
1545306166.876554489 -0.05014 -0.45146 0.04593 0.91153 0.17696 -0.05933 -0.36644
1545306166.954691410 -0.04776 -0.45134 0.05064 0.91162 0.17686 -0.05924 -0.36628
1545306167.032855511 -0.04578 -0.45102 0.05548 0.91161 0.17686 -0.05908 -0.36634
1545306167.150150299 -0.04311 -0.45039 0.06281 0.91157 0.17702 -0.05885 -0.36639
1545306167.228360415 -0.04165 -0.45023 0.06785 0.91151 0.17704 -0.05884 -0.36652
1545306167.345678329 -0.03910 -0.44838 0.07574 0.91152 0.17713 -0.05869 -0.36649
1545306167.423888445 -0.03781 -0.44587 0.08090 0.91153 0.17721 -0.05865 -0.36643
1545306167.541197300 -0.03533 -0.44414 0.08850 0.91151 0.17728 -0.05853 -0.36647
1545306167.619393349 -0.03365 -0.44259 0.09368 0.91150 0.17739 -0.05840 -0.36646
1545306167.697583437 -0.03203 -0.44165 0.09896 0.91146 0.17747 -0.05833 -0.36652
1545306167.814871311 -0.02927 -0.44079 0.10705 0.91144 0.17750 -0.05822 -0.36659
1545306167.893075466 -0.02802 -0.44025 0.11260 0.91140 0.17756 -0.05818 -0.36665
1545306168.010378361 -0.02502 -0.44033 0.12098 0.91136 0.17760 -0.05808 -0.36676
1545306168.088570356 -0.02350 -0.43974 0.12665 0.91134 0.17762 -0.05800 -0.36681
1545306168.205868483 -0.01993 -0.44046 0.13521 0.91129 0.17763 -0.05793 -0.36693
1545306168.284067392 -0.01850 -0.44022 0.14091 0.91121 0.17795 -0.05782 -0.36699
1545306168.401363373 -0.01442 -0.44261 0.14980 0.91116 0.17796 -0.05772 -0.36714
1545306168.479582310 -0.01164 -0.44714 0.15588 0.91109 0.17797 -0.05764 -0.36730
1545306168.557812452 -0.00793 -0.45363 0.16201 0.91102 0.17793 -0.05757 -0.36752
1545306168.675161362 -0.00121 -0.46489 0.17124 0.91091 0.17791 -0.05743 -0.36783
1545306168.753392458 0.00531 -0.47965 0.17742 0.91079 0.17783 -0.05728 -0.36817
1545306168.870731354 0.01033 -0.48324 0.18701 0.91085 0.17761 -0.05726 -0.36815
1545306168.948957443 0.01464 -0.49043 0.19343 0.91079 0.17760 -0.05719 -0.36831
1545306169.066314459 0.01909 -0.49313 0.20307 0.91077 0.17760 -0.05710 -0.36838
1545306169.144551516 0.02277 -0.49813 0.20967 0.91072 0.17759 -0.05705 -0.36850
1545306169.222783327 0.02582 -0.50055 0.21627 0.91071 0.17759 -0.05701 -0.36853
1545306169.340140343 0.02971 -0.50107 0.22626 0.91078 0.17745 -0.05699 -0.36843
1545306169.418372393 0.03353 -0.50561 0.23320 0.91075 0.17745 -0.05696 -0.36851
1545306169.535705328 0.03775 -0.50721 0.24341 0.91073 0.17749 -0.05690 -0.36855
1545306169.613937378 0.04157 -0.51180 0.25061 0.91070 0.17749 -0.05686 -0.36864
1545306169.731289387 0.04658 -0.51497 0.26142 0.91069 0.17752 -0.05680 -0.36866
