1540823062.140024900 -0.01179 -0.02379 0.05270 -0.67490 -0.02143 -0.01831 0.73737
1540823062.238093853 -0.01534 -0.03102 0.07771 -0.67369 -0.02048 -0.01930 0.73848
1540823062.335999966 -0.01609 -0.03632 0.10609 -0.67209 -0.02282 -0.02163 0.73980
1540823062.433681965 -0.01048 -0.04088 0.13299 -0.66973 -0.03120 -0.03283 0.74123
1540823062.531023026 0.00121 -0.04418 0.15166 -0.66999 -0.03232 -0.04207 0.74047
1540823062.627943993 0.00443 -0.04535 0.16514 -0.67184 -0.03019 -0.04640 0.73862
1540823062.724468946 -0.00666 -0.04494 0.17523 -0.67374 -0.03070 -0.04584 0.73691
1540823062.820648909 -0.02914 -0.04378 0.18410 -0.68077 -0.02843 -0.04002 0.73085
1540823062.916533947 -0.05955 -0.04409 0.19323 -0.68319 -0.03177 -0.03865 0.72852
1540823063.012169838 -0.08738 -0.04531 0.19946 -0.68090 -0.03966 -0.03370 0.73052
1540823063.107535839 -0.09802 -0.04632 0.20276 -0.67952 -0.04204 -0.02586 0.73199
1540823063.202636003 -0.08688 -0.04964 0.20534 -0.68230 -0.04780 -0.02950 0.72891
1540823063.297453880 -0.05590 -0.05373 0.20661 -0.68543 -0.04749 -0.03322 0.72583
1540823063.392000914 -0.01465 -0.05707 0.20662 -0.68554 -0.03544 -0.03889 0.72613
1540823063.486417055 0.01873 -0.05980 0.20620 -0.68247 -0.02152 -0.04677 0.72910
1540823063.580834866 0.02375 -0.05974 0.20814 -0.67357 -0.01260 -0.04447 0.73767
1540823063.675313950 0.00188 -0.05910 0.20940 -0.66789 -0.00731 -0.04298 0.74298
1540823063.769865990 -0.02951 -0.06027 0.20998 -0.65842 -0.00379 -0.04016 0.75157
1540823063.864457846 -0.05235 -0.06397 0.20496 -0.66106 -0.00176 -0.03196 0.74965
1540823063.959054947 -0.05041 -0.08001 0.19888 -0.66723 0.00704 -0.03836 0.74383
1540823064.053711891 -0.03008 -0.10321 0.19479 -0.66906 0.02502 -0.05507 0.74074
1540823064.148511887 -0.01239 -0.11487 0.18997 -0.68142 0.03502 -0.06593 0.72808
1540823064.243613958 -0.00575 -0.10580 0.19088 -0.68175 0.03029 -0.06675 0.72790
1540823064.339007854 -0.00681 -0.07492 0.19440 -0.67308 0.02354 -0.06526 0.73631
1540823064.434599876 -0.01113 -0.02414 0.20059 -0.66387 0.00924 -0.04961 0.74614
1540823064.530261993 -0.02106 0.02784 0.20775 -0.65745 -0.01296 -0.03112 0.75274
1540823064.625854969 -0.03245 0.05796 0.21069 -0.66318 -0.04658 -0.01088 0.74693
1540823064.721227884 -0.03928 0.05194 0.20895 -0.66558 -0.05727 0.00489 0.74411
1540823064.816270828 -0.03892 0.01930 0.20419 -0.66855 -0.04313 -0.00197 0.74241
1540823064.911078930 -0.03568 -0.02814 0.19836 -0.68183 -0.03338 -0.01508 0.73059
1540823065.005754948 -0.03110 -0.07445 0.19421 -0.69380 -0.01902 -0.03138 0.71923
1540823065.100383997 -0.02860 -0.10241 0.18822 -0.70316 -0.00213 -0.04268 0.70974
1540823065.195117950 -0.03226 -0.09819 0.18182 -0.70585 0.00493 -0.04071 0.70717
1540823065.290086031 -0.03947 -0.06508 0.18227 -0.69341 -0.00262 -0.02869 0.71997
1540823065.385215044 -0.04618 -0.01838 0.19090 -0.67685 -0.01711 -0.01587 0.73575
1540823065.480345964 -0.05006 0.01407 0.19070 -0.67166 -0.03970 -0.00692 0.73977
1540823065.575366974 -0.04882 0.02043 0.17545 -0.67208 -0.04429 0.00100 0.73915
1540823065.670230865 -0.04393 0.00823 0.15490 -0.68240 -0.00845 0.01890 0.73068
1540823065.765179873 -0.04438 -0.01294 0.16013 -0.69677 0.00054 0.01511 0.71713
1540823065.860374928 -0.04594 -0.03313 0.19412 -0.69673 0.00976 0.00857 0.71722
1540823065.955731869 -0.04291 -0.04563 0.24661 -0.69310 0.00427 -0.00371 0.72081
1540823066.051177979 -0.03509 -0.05056 0.29840 -0.69893 -0.01144 -0.01721 0.71489
1540823066.146618843 -0.02982 -0.05084 0.33559 -0.68802 -0.03956 -0.04094 0.72346
1540823066.241858959 -0.02869 -0.04841 0.33375 -0.67709 -0.05859 -0.05972 0.73113
1540823066.336665869 -0.02915 -0.04286 0.28800 -0.68280 -0.05102 -0.05593 0.72667
1540823066.431077957 -0.03458 -0.03612 0.22742 -0.69875 -0.02899 -0.02649 0.71429
1540823066.525367022 -0.04301 -0.03108 0.19053 -0.69956 -0.00860 0.00279 0.71452
1540823066.619834900 -0.04619 -0.03055 0.18671 -0.69876 0.00144 0.01068 0.71528
1540823066.714572906 -0.04131 -0.03519 0.21598 -0.69384 -0.00594 0.00128 0.72010
1540823066.809514999 -0.03066 -0.04373 0.26516 -0.68653 -0.02275 -0.02625 0.72627
1540823066.904495955 -0.01542 -0.05188 0.30589 -0.67552 -0.03916 -0.06391 0.73352
1540823066.999302864 0.00646 -0.04687 0.32073 -0.67116 -0.04615 -0.09251 0.73407
1540823067.093848944 0.01648 -0.02388 0.31666 -0.66334 -0.04623 -0.07509 0.74310
1540823067.188169956 -0.00470 0.00443 0.30488 -0.65834 -0.06352 -0.03084 0.74940
1540823067.282248974 -0.04373 0.01999 0.28970 -0.64997 -0.08330 0.01588 0.75522
1540823067.407114029 -0.08668 0.00632 0.26459 -0.65963 -0.07858 0.05405 0.74552
1540823067.500314951 -0.09821 -0.02864 0.25163 -0.67508 -0.06238 0.05441 0.73309
1540823067.593314886 -0.08596 -0.07154 0.24632 -0.69408 -0.03780 0.03082 0.71824
1540823067.686373949 -0.05272 -0.10746 0.24952 -0.70906 -0.01809 -0.00606 0.70489
1540823067.779722929 -0.00959 -0.12431 0.26322 -0.71082 -0.00500 -0.04342 0.70201
1540823067.873477936 0.02456 -0.11366 0.28405 -0.69965 -0.00951 -0.07105 0.71088
1540823067.967593908 0.03469 -0.07545 0.30395 -0.68171 -0.02971 -0.07572 0.72709
1540823068.061833858 0.02128 -0.02762 0.31328 -0.66504 -0.05453 -0.05961 0.74243
1540823068.155932903 -0.00428 0.01151 0.30940 -0.65412 -0.06829 -0.02952 0.75272
1540823068.249754906 -0.03478 0.02982 0.29645 -0.65197 -0.07835 0.00027 0.75418
1540823068.343267918 -0.06013 0.02457 0.27768 -0.66381 -0.08378 0.01541 0.74303
1540823068.436440945 -0.06045 0.00015 0.25645 -0.67971 -0.06909 0.00748 0.73018
1540823068.529389858 -0.04059 -0.02754 0.23291 -0.70320 -0.03153 -0.00330 0.71029
1540823068.622421026 -0.03571 -0.04879 0.22411 -0.70873 0.00352 -0.00303 0.70546
1540823068.715862989 -0.05407 -0.05956 0.23783 -0.70298 0.00561 -0.00663 0.71115
1540823068.809777021 -0.08501 -0.06170 0.26425 -0.69310 -0.00937 0.00801 0.72073
1540823068.903976917 -0.10446 -0.06049 0.29669 -0.68705 -0.03076 0.01007 0.72589
1540823068.998242855 -0.09787 -0.06229 0.33095 -0.68269 -0.04923 0.00048 0.72905
1540823069.092330933 -0.06858 -0.06811 0.36109 -0.68307 -0.06302 -0.02473 0.72721
1540823069.186125994 -0.02587 -0.07395 0.38146 -0.67881 -0.07468 -0.05897 0.72812
1540823069.310770035 0.02836 -0.07608 0.37133 -0.67988 -0.06952 -0.08662 0.72486
1540823069.404103994 0.04211 -0.06980 0.33634 -0.68253 -0.05251 -0.07232 0.72537
1540823069.497416973 0.03056 -0.06129 0.29355 -0.68372 -0.03284 -0.05342 0.72704
1540823069.590806961 0.00444 -0.05636 0.25282 -0.68824 -0.00257 -0.02782 0.72494
1540823069.684430838 -0.03407 -0.05606 0.22838 -0.69208 0.01845 0.00599 0.72156
1540823069.778477907 -0.07181 -0.05871 0.22713 -0.68885 0.02634 0.03238 0.72370
1540823069.872948885 -0.10058 -0.06233 0.24641 -0.67910 0.02331 0.04636 0.73221
1540823069.967717886 -0.11352 -0.06463 0.27998 -0.68035 -0.00004 0.04220 0.73167
1540823070.062602043 -0.10394 -0.07138 0.32510 -0.67918 -0.03545 0.01281 0.73300
1540823070.157328844 -0.07575 -0.08013 0.36462 -0.68269 -0.05625 -0.02594 0.72808
1540823070.251693964 -0.03977 -0.08687 0.38994 -0.67821 -0.06790 -0.05606 0.72957
1540823070.345675945 -0.00675 -0.09130 0.39003 -0.68026 -0.07082 -0.07275 0.72591
1540823070.439378977 0.01288 -0.08901 0.36682 -0.68181 -0.06666 -0.07066 0.72505
1540823070.532896042 0.01549 -0.07927 0.32754 -0.68572 -0.04984 -0.04910 0.72449
1540823070.626342058 0.00466 -0.07052 0.28561 -0.69242 -0.02666 -0.02071 0.72071
1540823070.719877958 -0.01507 -0.06714 0.25657 -0.69194 -0.00731 0.00178 0.72192
1540823070.813703060 -0.03328 -0.06595 0.24334 -0.68734 -0.00196 0.00496 0.72632
1540823070.907837868 -0.04105 -0.06137 0.23736 -0.68037 0.00214 -0.00242 0.73286
1540823071.002215862 -0.04620 -0.05290 0.23228 -0.67646 0.00369 0.00118 0.73647
1540823071.096812010 -0.05060 -0.05541 0.22680 -0.67777 0.00523 0.00610 0.73523
1540823071.191587925 -0.05212 -0.07991 0.22202 -0.68793 0.01941 -0.00291 0.72551
1540823071.286542892 -0.05039 -0.12620 0.22274 -0.70719 0.04202 -0.01628 0.70559
1540823071.381769896 -0.04207 -0.17719 0.24262 -0.71742 0.06122 -0.04575 0.69243
1540823071.477419853 -0.02850 -0.21218 0.28252 -0.71815 0.06786 -0.07611 0.68838
1540823071.573549032 -0.01229 -0.22041 0.33724 -0.71038 0.04803 -0.11525 0.69265
1540823071.670008898 0.00333 -0.19766 0.38973 -0.69413 0.01165 -0.14356 0.70530
1540823071.766446829 0.01939 -0.15117 0.41596 -0.68353 -0.02799 -0.14240 0.71535
1540823071.862584829 0.03007 -0.09197 0.41211 -0.67242 -0.06264 -0.11171 0.72900
1540823071.958235979 0.02467 -0.03389 0.38574 -0.66789 -0.08740 -0.06192 0.73651
1540823072.053222895 -0.00230 0.00652 0.35147 -0.67014 -0.10675 -0.00359 0.73451
1540823072.147411823 -0.03344 0.01925 0.31959 -0.67292 -0.11623 0.02782 0.72999
1540823072.240818024 -0.05353 0.00569 0.28811 -0.67864 -0.10061 0.03130 0.72687
1540823072.333657980 -0.06320 -0.02813 0.25471 -0.69258 -0.05886 0.02570 0.71847
1540823072.426353931 -0.06721 -0.07849 0.22865 -0.70547 -0.00764 0.01017 0.70862
1540823072.550482035 -0.04815 -0.14389 0.21753 -0.71068 0.03866 -0.02550 0.70199
1540823072.644320011 -0.02084 -0.17392 0.22486 -0.71302 0.04666 -0.05264 0.69761
1540823072.738903046 0.00979 -0.17617 0.24488 -0.70658 0.03919 -0.06397 0.70364
1540823072.834105968 0.02881 -0.14836 0.27467 -0.69421 0.00999 -0.06532 0.71673
1540823072.929594040 0.02631 -0.10380 0.30107 -0.68226 -0.02841 -0.05855 0.72821
1540823073.024930000 0.00339 -0.06037 0.31483 -0.66774 -0.05585 -0.03556 0.74145
1540823073.119828939 -0.03034 -0.03391 0.31105 -0.66254 -0.07307 -0.01686 0.74526
1540823073.214215994 -0.05962 -0.03287 0.29177 -0.66319 -0.07466 -0.00663 0.74469
1540823073.308127880 -0.07259 -0.05526 0.26335 -0.67685 -0.05817 -0.01121 0.73373
1540823073.401738882 -0.06815 -0.08981 0.23640 -0.68848 -0.03230 -0.02518 0.72410
1540823073.495343924 -0.05452 -0.12053 0.21330 -0.69759 -0.01243 -0.04171 0.71518
1540823073.589148998 -0.03847 -0.13453 0.19512 -0.69972 0.00049 -0.05829 0.71204
1540823073.683271885 -0.02641 -0.13202 0.18242 -0.69249 -0.00482 -0.07089 0.71792
1540823073.777719975 -0.01860 -0.12059 0.16944 -0.68743 -0.01449 -0.07232 0.72250
1540823073.872356892 -0.01468 -0.10552 0.15688 -0.68142 -0.02283 -0.06632 0.72853
1540823073.967077971 -0.01475 -0.09103 0.14322 -0.68145 -0.02851 -0.06098 0.72876
1540823074.061838865 -0.01773 -0.07873 0.12972 -0.67900 -0.02838 -0.05486 0.73153
1540823074.156673908 -0.02231 -0.06782 0.11520 -0.67966 -0.02841 -0.04398 0.73165
1540823074.251624823 -0.02547 -0.05850 0.10117 -0.68085 -0.02605 -0.03375 0.73118
1540823074.346714020 -0.02744 -0.05271 0.08847 -0.68185 -0.02277 -0.02996 0.73052
1540823074.441967964 -0.02971 -0.05074 0.07622 -0.68409 -0.01855 -0.02555 0.72871
1540823074.537425995 -0.03251 -0.04925 0.06354 -0.68588 -0.01152 -0.01508 0.72746
1540823074.633120060 -0.03519 -0.04833 0.05236 -0.68748 -0.00646 -0.00551 0.72615
1540823074.729073048 -0.03629 -0.04738 0.04374 -0.69063 -0.00172 -0.00165 0.72321
1540823074.825270891 -0.03613 -0.04647 0.03807 -0.69302 -0.00044 -0.00079 0.72092
1540823074.921710014 -0.03472 -0.04613 0.03351 -0.69356 0.00321 0.00212 0.72039
1540823075.018396854 -0.03322 -0.04729 0.03018 -0.69372 0.00647 0.00240 0.72021
1540823075.115311861 -0.03299 -0.04788 0.02636 -0.69559 0.00484 0.00227 0.71842
1540823075.212421894 -0.03223 -0.04793 0.02197 -0.69802 0.00883 0.00634 0.71600
1540823075.309692860 -0.03099 -0.04746 0.01777 -0.69925 0.00990 0.00776 0.71477
1540823075.407119036 -0.03044 -0.04767 0.01469 -0.69921 0.01220 0.01007 0.71474
1540823075.472158909 -0.03038 -0.04767 0.01307 -0.69823 0.01226 0.01001 0.71570
1540823075.569847822 -0.02977 -0.04813 0.01231 -0.69760 0.01165 0.00781 0.71635
1540823075.667654991 -0.03000 -0.04836 0.01182 -0.69556 0.01122 0.00611 0.71835
1540823075.765542030 -0.03127 -0.04915 0.01042 -0.69276 0.00984 0.00187 0.72110
1540823075.863495827 -0.03276 -0.04953 0.00892 -0.69459 0.00499 0.00117 0.71939
1540823075.961499929 -0.03248 -0.05001 0.00875 -0.69296 0.00368 0.00020 0.72097
1540823076.059516907 -0.03315 -0.04979 0.00779 -0.69206 0.00190 -0.00240 0.72183
1540823076.157536030 -0.03353 -0.04954 0.00700 -0.69094 0.00074 -0.00553 0.72289
1540823076.255533934 -0.03357 -0.04941 0.00669 -0.69035 -0.00060 -0.00734 0.72343
1540823076.353503942 -0.03408 -0.04951 0.00628 -0.68904 -0.00173 -0.00923 0.72466
1540823076.451429844 -0.03393 -0.04940 0.00628 -0.68933 -0.00182 -0.00959 0.72438
1540823076.549312830 -0.03397 -0.04951 0.00619 -0.68951 -0.00211 -0.01000 0.72420
1540823076.647172928 -0.03403 -0.04938 0.00591 -0.69008 -0.00341 -0.01102 0.72364
1540823076.712393045 -0.03395 -0.04901 0.00603 -0.68985 -0.00262 -0.01131 0.72386
1540823076.810204029 -0.03469 -0.04932 0.00603 -0.69004 -0.00415 -0.01089 0.72367
1540823076.908023834 -0.03482 -0.04986 0.00597 -0.69070 -0.00322 -0.01050 0.72306
1540823077.005830050 -0.03460 -0.04980 0.00612 -0.69050 -0.00311 -0.01076 0.72324
1540823077.103631020 -0.03442 -0.04954 0.00612 -0.69005 -0.00348 -0.01139 0.72367
1540823077.201391935 -0.03459 -0.04962 0.00608 -0.69018 -0.00345 -0.01101 0.72355
1540823077.299041033 -0.03471 -0.04988 0.00611 -0.69035 -0.00347 -0.01075 0.72339
1540823077.396474838 -0.03459 -0.04986 0.00616 -0.69028 -0.00365 -0.01117 0.72345
1540823077.493679047 -0.03455 -0.04976 0.00615 -0.69014 -0.00380 -0.01138 0.72358
1540823077.590752840 -0.03465 -0.04982 0.00616 -0.69019 -0.00372 -0.01110 0.72353
1540823077.687813997 -0.03468 -0.04989 0.00621 -0.69029 -0.00372 -0.01104 0.72344
1540823077.784869909 -0.03459 -0.04987 0.00622 -0.69021 -0.00387 -0.01132 0.72351
1540823077.881964922 -0.03457 -0.04980 0.00619 -0.69012 -0.00393 -0.01145 0.72360
1540823077.979236841 -0.03462 -0.04976 0.00619 -0.69014 -0.00387 -0.01129 0.72358
1540823078.044183969 -0.03455 -0.04978 0.00618 -0.69016 -0.00384 -0.01130 0.72356
1540823078.141906977 -0.03465 -0.04995 0.00629 -0.69012 -0.00401 -0.01148 0.72359
1540823078.239812851 -0.03468 -0.04991 0.00630 -0.69013 -0.00395 -0.01140 0.72358
1540823078.337894917 -0.03469 -0.04986 0.00632 -0.69010 -0.00390 -0.01143 0.72361
1540823078.436063051 -0.03468 -0.04986 0.00636 -0.69009 -0.00394 -0.01152 0.72362
1540823078.534045935 -0.03467 -0.04982 0.00637 -0.69008 -0.00399 -0.01160 0.72363
1540823078.631718874 -0.03468 -0.04985 0.00636 -0.69005 -0.00405 -0.01157 0.72366
1540823078.729089975 -0.03468 -0.04982 0.00636 -0.69004 -0.00401 -0.01156 0.72366
1540823078.826119900 -0.03469 -0.04980 0.00638 -0.69003 -0.00402 -0.01167 0.72368
1540823078.922775030 -0.03468 -0.04979 0.00640 -0.69003 -0.00404 -0.01170 0.72367
1540823079.019105911 -0.03469 -0.04980 0.00640 -0.69000 -0.00403 -0.01170 0.72371
1540823079.115200043 -0.03470 -0.04981 0.00639 -0.68994 -0.00402 -0.01171 0.72376
1540823079.211143970 -0.03469 -0.04982 0.00641 -0.68993 -0.00405 -0.01176 0.72377
1540823079.306965828 -0.03471 -0.04983 0.00643 -0.68991 -0.00407 -0.01183 0.72379
1540823079.402704000 -0.03471 -0.04984 0.00642 -0.68986 -0.00407 -0.01182 0.72384
1540823079.498389006 -0.03458 -0.04948 0.00642 -0.68987 -0.00384 -0.01156 0.72383
1540823079.594017982 -0.03449 -0.04943 0.00625 -0.68977 -0.00402 -0.01164 0.72392
1540823079.689602852 -0.03446 -0.04944 0.00620 -0.68972 -0.00408 -0.01169 0.72397
1540823079.785132885 -0.03447 -0.04942 0.00624 -0.68978 -0.00414 -0.01175 0.72391
1540823079.880606890 -0.03445 -0.04940 0.00623 -0.68979 -0.00422 -0.01181 0.72390
1540823079.976043940 -0.03445 -0.04940 0.00620 -0.68974 -0.00428 -0.01188 0.72394
1540823080.071455956 -0.03446 -0.04940 0.00621 -0.68976 -0.00434 -0.01193 0.72392
1540823080.166827917 -0.03449 -0.04941 0.00623 -0.68978 -0.00437 -0.01197 0.72391
1540823080.262156010 -0.03450 -0.04941 0.00624 -0.68977 -0.00437 -0.01198 0.72392
1540823080.357460022 -0.03451 -0.04942 0.00625 -0.68975 -0.00439 -0.01203 0.72394
1540823080.452735901 -0.03452 -0.04943 0.00625 -0.68972 -0.00444 -0.01204 0.72396
1540823080.547981977 -0.03453 -0.04943 0.00628 -0.68973 -0.00447 -0.01207 0.72395
1540823080.643197060 -0.03454 -0.04942 0.00628 -0.68974 -0.00451 -0.01213 0.72394
1540823080.738395929 -0.03454 -0.04942 0.00628 -0.68970 -0.00452 -0.01215 0.72398
1540823080.833590031 -0.03455 -0.04944 0.00628 -0.68966 -0.00450 -0.01214 0.72402
1540823080.928767920 -0.03455 -0.04942 0.00628 -0.68966 -0.00450 -0.01216 0.72402
1540823081.023936987 -0.03455 -0.04944 0.00627 -0.68961 -0.00453 -0.01218 0.72406
1540823081.119101048 -0.03455 -0.04942 0.00626 -0.68960 -0.00455 -0.01221 0.72407
1540823081.214257002 -0.03455 -0.04942 0.00625 -0.68952 -0.00463 -0.01216 0.72415
1540823081.309402943 -0.03453 -0.04944 0.00625 -0.68952 -0.00456 -0.01206 0.72415
1540823081.404573917 -0.03457 -0.04943 0.00627 -0.68952 -0.00470 -0.01231 0.72415
1540823081.499773979 -0.03457 -0.04943 0.00629 -0.68951 -0.00464 -0.01222 0.72416
1540823081.594995975 -0.03459 -0.04944 0.00632 -0.68952 -0.00468 -0.01227 0.72415
1540823081.690229893 -0.03463 -0.04944 0.00635 -0.68951 -0.00457 -0.01234 0.72416
1540823081.785487890 -0.03463 -0.04946 0.00635 -0.68950 -0.00451 -0.01243 0.72416
1540823081.880771875 -0.03458 -0.04945 0.00635 -0.68955 -0.00437 -0.01256 0.72412
1540823081.976060867 -0.03454 -0.04944 0.00635 -0.68945 -0.00450 -0.01228 0.72422
1540823082.071367979 -0.03466 -0.04944 0.00634 -0.68924 -0.00504 -0.01192 0.72442
1540823082.166678905 -0.03456 -0.04942 0.00635 -0.68941 -0.00465 -0.01244 0.72425
1540823082.261983871 -0.03460 -0.04944 0.00642 -0.68946 -0.00483 -0.01232 0.72420
1540823082.357277870 -0.03456 -0.04949 0.00643 -0.68939 -0.00477 -0.01231 0.72427
1540823082.452574968 -0.03456 -0.04947 0.00646 -0.68936 -0.00488 -0.01249 0.72429
1540823082.547862053 -0.03456 -0.04942 0.00649 -0.68930 -0.00491 -0.01253 0.72435
1540823082.643127918 -0.03459 -0.04945 0.00649 -0.68928 -0.00511 -0.01258 0.72437
1540823082.738381863 -0.03460 -0.04944 0.00656 -0.68921 -0.00529 -0.01274 0.72443
1540823082.833631039 -0.03462 -0.04940 0.00663 -0.68914 -0.00544 -0.01272 0.72449
1540823082.928854942 -0.03462 -0.04954 0.00675 -0.68889 -0.00556 -0.01243 0.72474
1540823083.024055004 -0.03469 -0.04960 0.00680 -0.68879 -0.00583 -0.01255 0.72483
1540823083.119231939 -0.03434 -0.04956 0.00735 -0.68906 -0.00524 -0.01157 0.72459
1540823083.214380980 -0.03416 -0.04938 0.00762 -0.68916 -0.00541 -0.01131 0.72450
1540823083.309506893 -0.03400 -0.04923 0.00844 -0.68852 -0.00609 -0.01092 0.72511
1540823083.404623985 -0.03335 -0.04867 0.01016 -0.68762 -0.01102 -0.01211 0.72588
1540823083.499711990 -0.03191 -0.04752 0.01575 -0.68539 -0.01735 -0.01332 0.72785
1540823083.594725847 -0.03004 -0.04562 0.02796 -0.68560 -0.02357 -0.01360 0.72747
1540823083.689641953 -0.02932 -0.04445 0.04786 -0.68522 -0.02784 -0.01150 0.72772
1540823083.784445047 -0.02970 -0.04352 0.07246 -0.68764 -0.03219 -0.01007 0.72527
1540823083.879135847 -0.03126 -0.04293 0.10280 -0.69091 -0.03546 -0.00863 0.72202
1540823083.973693848 -0.03371 -0.04185 0.13916 -0.69366 -0.03819 -0.00703 0.71926
1540823084.068030834 -0.03818 -0.03979 0.17949 -0.69476 -0.04169 -0.00628 0.71800
1540823084.162039042 -0.04487 -0.03671 0.22343 -0.69409 -0.04512 -0.00364 0.71847
1540823084.255645990 -0.05530 -0.03186 0.27210 -0.69234 -0.05695 0.00436 0.71931
1540823084.348814011 -0.06980 -0.02503 0.32524 -0.69399 -0.07699 0.01968 0.71559
1540823084.441434860 -0.08774 -0.01781 0.38327 -0.69808 -0.09695 0.03917 0.70835
1540823084.533443928 -0.10889 -0.00830 0.44488 -0.70776 -0.11802 0.05932 0.69399
1540823084.624580860 -0.13283 0.00617 0.51292 -0.71157 -0.14061 0.07759 0.68402
1540823084.714876890 -0.16076 0.02759 0.58801 -0.71173 -0.16243 0.09668 0.67654
1540823084.833986044 -0.20620 0.06633 0.69470 -0.72024 -0.18530 0.12914 0.65593
1540823084.922471046 -0.24502 0.10633 0.78008 -0.73136 -0.19793 0.15629 0.63364
1540823085.010409832 -0.28618 0.16241 0.87137 -0.73730 -0.21297 0.17627 0.61641
1540823085.097805023 -0.33062 0.23322 0.96587 -0.74404 -0.22732 0.19367 0.59768
1540823085.213886976 -0.39888 0.35514 1.09622 -0.75150 -0.24611 0.20921 0.57525
1540823085.300772905 -0.45715 0.47170 1.19618 -0.75234 -0.26116 0.22055 0.56315
1540823085.387579918 -0.52314 0.60933 1.29487 -0.75388 -0.27811 0.23357 0.54751
1540823085.474288940 -0.59736 0.76727 1.39298 -0.75016 -0.29999 0.24335 0.53670
1540823085.589664936 -0.71581 1.01081 1.51926 -0.73370 -0.34144 0.25032 0.53145
1540823085.675930023 -0.81712 1.21490 1.60694 -0.71776 -0.37627 0.25733 0.52632
1540823085.761899948 -0.93485 1.42731 1.68723 -0.70163 -0.40994 0.26416 0.51950
1540823085.876009941 -1.12147 1.72518 1.77934 -0.67893 -0.45058 0.27863 0.50833
1540823085.961195946 -1.27439 1.95638 1.83888 -0.65643 -0.48291 0.28929 0.50220
1540823086.046025038 -1.44218 2.18761 1.88689 0.63082 0.51626 -0.29785 -0.49682
1540823086.158526897 -1.69772 2.48701 1.92870 0.59726 0.55765 -0.31550 -0.48247
1540823086.242493868 -1.89941 2.71208 1.94646 0.56809 0.58871 -0.33173 -0.46973
1540823086.354028940 -2.20056 2.99818 1.95062 0.51267 0.63186 -0.35449 -0.46072
1540823086.437412977 -2.43574 3.20362 1.93939 0.47624 0.66270 -0.37082 -0.44331
1540823086.520690918 -2.68429 3.39720 1.91787 0.44614 0.68974 -0.38655 -0.41928
1540823086.631726027 -3.04026 3.62843 1.87614 0.40661 0.71925 -0.40735 -0.38912
1540823086.715076923 -3.31351 3.79853 1.83757 0.38332 0.73561 -0.42211 -0.36573
1540823086.826385021 -3.70776 3.99811 1.77326 0.35691 0.75229 -0.44174 -0.33397
1540823086.910001993 -4.01974 4.13298 1.71877 0.32381 0.76873 -0.45009 -0.31877
1540823087.021663904 -4.46997 4.24150 1.62782 0.26809 0.79264 -0.45534 -0.30417
1540823087.105536938 -4.81044 4.27695 1.55081 0.22763 0.80721 -0.46081 -0.29026
1540823087.189543009 -5.15344 4.28183 1.46707 0.19424 0.81771 -0.47041 -0.26893
1540823087.301812887 -5.61263 4.22966 1.35310 0.14959 0.82508 -0.48942 -0.23946
1540823087.386188984 -5.95862 4.15810 1.26784 0.11455 0.82530 -0.50764 -0.21922
1540823087.498781919 -6.40990 4.01201 1.15255 0.06683 0.82075 -0.53268 -0.19532
1540823087.583188057 -6.73531 3.87254 1.07078 0.02901 0.81320 -0.55305 -0.17888
1540823087.667527914 -7.04059 3.70320 0.99368 -0.01361 0.80211 -0.57334 -0.16647
1540823087.779897928 -7.41065 3.43430 0.89534 -0.06625 0.78683 -0.59476 -0.15088
1540823087.864145994 -7.65544 3.20947 0.82702 -0.09746 0.77912 -0.60304 -0.14079
1540823087.948417902 -7.87071 2.96888 0.76364 -0.12094 0.77159 -0.60986 -0.13453
1540823088.061008930 -8.10490 2.62443 0.68576 -0.14360 0.76524 -0.61442 -0.12760
1540823088.145851851 -8.23549 2.35094 0.63335 -0.14497 0.76769 -0.61291 -0.11821
1540823088.259704828 -8.36413 1.96902 0.57139 -0.12351 0.77062 -0.61748 -0.09801
1540823088.345559835 -8.41244 1.66919 0.53629 -0.08860 0.77502 -0.62184 -0.06941
1540823088.431730032 -8.44723 1.35731 0.50846 -0.04562 0.77926 -0.62387 -0.03830
1540823088.547035933 -8.48231 0.92437 0.49357 -0.00918 0.77861 -0.62731 -0.01247
1540823088.633755922 -8.50940 0.58874 0.50541 0.00192 0.77656 -0.63003 -0.00432
1540823088.720628023 -8.54492 0.24186 0.53303 0.01160 0.77566 -0.63104 0.00348
1540823088.807598829 -8.58441 -0.11279 0.57574 0.01315 0.77435 -0.63260 0.00470
1540823088.923631907 -8.64482 -0.59897 0.64395 0.00903 0.77297 -0.63437 0.00046
1540823089.010699034 -8.68751 -0.96641 0.69724 0.00500 0.77207 -0.63550 -0.00412
1540823089.097825050 -8.73311 -1.33866 0.74844 0.00013 0.77105 -0.63672 -0.00908
1540823089.214186907 -8.80319 -1.85444 0.80757 -0.01538 0.76975 -0.63772 -0.02347
1540823089.301759005 -8.84772 -2.24399 0.85019 -0.02612 0.76814 -0.63886 -0.03369
1540823089.389726877 -8.88383 -2.63517 0.88949 -0.03283 0.77004 -0.63585 -0.04053
1540823089.478175879 -8.90485 -3.02717 0.92633 -0.03350 0.77286 -0.63223 -0.04300
1540823089.567208052 -8.92110 -3.42534 0.96083 -0.03165 0.77239 -0.63292 -0.04270
1540823089.687016010 -8.94476 -3.97789 0.98968 -0.03097 0.78201 -0.62100 -0.04314
1540823089.777864933 -8.95049 -4.40332 1.00670 -0.02795 0.78453 -0.61809 -0.04129
1540823089.869735003 -8.95591 -4.84894 1.02145 -0.02067 0.78161 -0.62234 -0.03678
1540823089.962642908 -8.96179 -5.30944 1.03391 -0.00663 0.78120 -0.62300 -0.03930
1540823090.056507826 -8.96321 -5.78397 1.04762 0.01248 0.77920 -0.62505 -0.04481
1540823090.151139975 -8.96957 -6.27438 1.06183 0.03836 0.77704 -0.62634 -0.04933
1540823090.246330023 -8.98266 -6.77768 1.07780 0.07152 0.77421 -0.62609 -0.05908
1540823090.341979027 -9.00347 -7.29234 1.09409 0.11465 0.77056 -0.62359 -0.06504
1540823090.438032866 -9.03321 -7.81321 1.10816 0.16118 0.77012 -0.61346 -0.06789
1540823090.534337997 -9.08374 -8.34106 1.12142 0.19851 0.76696 -0.60467 -0.08205
1540823090.630780935 -9.15322 -8.86983 1.13124 0.22625 0.76118 -0.59772 -0.11023
1540823090.727301836 -9.24537 -9.40171 1.13482 0.26009 0.75414 -0.58755 -0.13567
1540823090.823879957 -9.36348 -9.92893 1.13365 0.29766 0.74368 -0.57493 -0.16673
1540823090.920485973 -9.50365 -10.45634 1.12888 0.33445 0.72681 -0.56298 -0.20724
1540823091.017081022 -9.66676 -10.97836 1.11758 0.38373 0.70662 -0.54515 -0.23717
1540823091.113562822 -9.85257 -11.49421 1.10286 0.43824 0.68020 -0.52662 -0.26066
1540823091.209843874 -10.06599 -11.99548 1.08600 0.49244 0.64599 -0.51028 -0.28250
1540823091.305785894 -10.30907 -12.46964 1.07164 0.54294 0.60781 -0.49281 -0.30483
1540823091.401154041 -10.58097 -12.92550 1.05844 0.59523 0.56317 -0.47477 -0.32114
1540823091.495730877 -10.88165 -13.33520 1.05047 0.64614 0.51263 -0.45594 -0.33441
1540823091.589357853 -11.20610 -13.69722 1.04617 0.69336 0.45835 -0.43485 -0.34651
1540823091.681967974 -11.54949 -14.01152 1.04395 0.72879 0.40578 -0.41131 -0.36748
1540823091.773520947 -11.90336 -14.26020 1.04550 0.75350 0.36076 -0.38273 -0.39447
1540823091.863764048 -12.26262 -14.45603 1.04994 0.76689 0.32211 -0.35185 -0.42933
1540823091.952435970 -12.62068 -14.58956 1.05832 0.77759 0.28092 -0.31920 -0.46320
1540823092.068024874 -13.08604 -14.70098 1.07564 0.79564 0.21193 -0.28035 -0.49340
1540823092.152945995 -13.41772 -14.72772 1.09364 -0.80543 -0.15990 0.24574 0.51509
1540823092.236635923 -13.72798 -14.71213 1.11303 -0.81418 -0.10590 0.20931 0.53111
1540823092.346787930 -14.11854 -14.65997 1.13653 -0.82393 -0.04232 0.15649 0.54301
1540823092.428721905 -14.38791 -14.58996 1.15667 -0.82929 -0.00071 0.12110 0.54554
1540823092.537523985 -14.71436 -14.45301 1.19086 -0.83511 0.04607 0.07890 0.54245
1540823092.619025946 -14.93320 -14.31713 1.22468 -0.83639 0.07644 0.04820 0.54064
1540823092.727713823 -15.18027 -14.08563 1.28050 -0.83572 0.11879 0.01058 0.53604
1540823092.809231043 -15.34721 -13.89235 1.33157 -0.83205 0.15361 -0.01452 0.53281
1540823092.918009043 -15.52837 -13.59844 1.40942 -0.82199 0.20312 -0.04610 0.53005
1540823092.999711037 -15.63250 -13.35396 1.47254 -0.81136 0.24186 -0.07033 0.52750
1540823093.108880043 -15.73057 -13.00095 1.55908 -0.79212 0.29377 -0.09888 0.52581
1540823093.190935850 -15.77398 -12.72207 1.61926 -0.77659 0.33126 -0.11672 0.52303
1540823093.300678015 -15.78540 -12.33627 1.68653 -0.75564 0.37714 -0.14194 0.51636
1540823093.383395910 -15.76086 -12.03914 1.72544 -0.73908 0.41053 -0.16098 0.50924
1540823093.494410992 -15.67439 -11.64067 1.76535 -0.71246 0.45381 -0.18467 0.50235
1540823093.578279972 -15.56941 -11.34405 1.78569 -0.68821 0.48575 -0.20076 0.50010
1540823093.662655830 -15.43027 -11.05394 1.79881 0.66208 -0.51845 0.21339 -0.49732
1540823093.775969982 -15.19352 -10.68160 1.80137 0.62628 -0.55871 0.22530 -0.49483
1540823093.861551046 -14.97642 -10.42142 1.79313 0.60761 -0.57506 0.23750 -0.49367
1540823093.976400852 -14.64208 -10.09935 1.76021 0.60111 -0.58008 0.25855 -0.48510
1540823094.063035011 -14.35900 -9.87678 1.72021 0.59850 -0.58552 0.26794 -0.47663
1540823094.150080919 -14.04913 -9.66877 1.67256 0.59451 -0.58923 0.27829 -0.47108
1540823094.237592936 -13.70622 -9.48257 1.61618 -0.59125 0.59149 -0.28535 0.46812
1540823094.355187893 -13.20401 -9.25781 1.52956 0.59722 -0.58396 0.29521 -0.46387
1540823094.444316864 -12.79015 -9.10855 1.46401 0.60751 -0.57029 0.30565 -0.46074
1540823094.534497023 -12.34375 -8.96961 1.39916 0.62301 -0.54916 0.30722 -0.46464
1540823094.625747919 -11.86566 -8.83809 1.33537 0.64387 -0.51856 0.30940 -0.46988
1540823094.718278885 -11.35541 -8.70859 1.27493 0.66529 -0.48410 0.31115 -0.47562
1540823094.811760902 -10.81810 -8.58092 1.21850 0.68120 -0.45803 0.30503 -0.48283
1540823094.905973911 -10.25587 -8.44827 1.16939 0.69393 -0.43262 0.30069 -0.49081
1540823095.000654936 -9.67193 -8.30661 1.13290 -0.70443 0.40405 -0.29973 0.50069
1540823095.095449924 -9.07474 -8.15435 1.10665 -0.71642 0.38017 -0.29163 0.50711
1540823095.190100908 -8.46769 -7.99445 1.08540 -0.72758 0.35347 -0.28424 0.51468
1540823095.284544945 -7.85423 -7.81258 1.06731 -0.73864 0.31757 -0.27634 0.52649
1540823095.378532887 -7.24018 -7.61365 1.04767 -0.74940 0.27643 -0.26904 0.53815
1540823095.502511978 -6.43494 -7.32410 1.01802 -0.76263 0.21737 -0.26135 0.55031
1540823095.594182968 -5.84900 -7.09451 0.99553 -0.76900 0.16960 -0.25973 0.55894
1540823095.684577942 -5.28473 -6.84588 0.97145 -0.77346 0.12156 -0.26172 0.56434
1540823095.773780823 -4.74460 -6.58080 0.94226 -0.77486 0.07364 -0.26347 0.56987
1540823095.862064838 -4.23451 -6.29656 0.90761 -0.77438 0.02642 -0.26487 0.57401
1540823095.949782848 -3.75612 -5.99348 0.86438 -0.77416 -0.01654 -0.26197 0.57599
1540823096.066405058 -3.17203 -5.56016 0.79427 -0.78268 -0.03737 -0.22810 0.57792
1540823096.153830051 -2.77493 -5.21061 0.73747 -0.78554 -0.04713 -0.19142 0.58657
1540823096.241315842 -2.41466 -4.84059 0.68021 -0.78826 -0.05937 -0.15267 0.59314
1540823096.358083963 -1.97130 -4.32629 0.60469 -0.78727 -0.09470 -0.11196 0.59891
1540823096.445873022 -1.68167 -3.91985 0.55302 -0.78445 -0.12525 -0.08671 0.60119
1540823096.534021854 -1.42426 -3.50207 0.50287 -0.77622 -0.16407 -0.06928 0.60478
1540823096.622546911 -1.18846 -3.07901 0.45326 -0.76790 -0.20036 -0.05087 0.60630
1540823096.711350918 -0.98847 -2.64900 0.40245 -0.76669 -0.22211 -0.01869 0.60208
1540823096.829915047 -0.77388 -2.06471 0.33673 -0.75540 -0.25413 0.02392 0.60351
1540823096.918679953 -0.65192 -1.62495 0.29244 -0.74598 -0.28096 0.05397 0.60138
1540823097.007109880 -0.56851 -1.18721 0.25191 -0.73117 -0.32135 0.07482 0.59709
1540823097.095088959 -0.51325 -0.75559 0.21473 -0.71368 -0.36433 0.09332 0.59094
1540823097.211575985 -0.48950 -0.19408 0.16674 -0.69034 -0.41516 0.12361 0.57947
1540823097.298416853 -0.51458 0.21247 0.13365 -0.66765 -0.44900 0.14964 0.57468
1540823097.384868860 -0.57026 0.60344 0.10619 -0.64274 -0.48064 0.17703 0.56967
1540823097.499377966 -0.69784 1.08909 0.07890 -0.61496 -0.51574 0.21776 0.55535
1540823097.584671021 -0.83420 1.42516 0.06658 -0.59198 -0.54427 0.24358 0.54221
1540823097.669517040 -1.00539 1.73270 0.05905 -0.56084 -0.57779 0.26176 0.53208
1540823097.782148838 -1.26694 2.10087 0.04806 -0.51715 -0.62175 0.28915 0.51222
1540823097.866441011 -1.48078 2.34864 0.03947 0.48111 0.65406 -0.30949 -0.49493
1540823097.950746059 -1.71738 2.56121 0.02864 0.44902 0.68093 -0.33239 -0.47352
1540823098.063310862 -2.06519 2.78277 0.01194 0.41820 0.70577 -0.36871 -0.43709
1540823098.147850990 -2.35171 2.89988 0.00210 0.39455 0.72151 -0.39328 -0.41118
1540823098.260706902 -2.73953 3.01839 -0.01386 0.35615 0.74260 -0.42008 -0.38110
1540823098.345404863 -3.03224 3.06888 -0.02435 0.32646 0.75707 -0.43895 -0.35719
1540823098.430151939 -3.33443 3.10941 -0.03582 0.29203 0.76997 -0.45939 -0.33290
1540823098.543300867 -3.74192 3.11422 -0.04820 0.23897 0.78534 -0.48365 -0.30367
1540823098.628326893 -4.04929 3.08552 -0.05602 0.20191 0.79066 -0.50631 -0.27882
1540823098.713475943 -4.35255 3.02759 -0.06179 0.16272 0.79527 -0.52539 -0.25501
1540823098.827126026 -4.74783 2.91288 -0.06981 0.10561 0.80308 -0.54044 -0.22767
1540823098.912371874 -5.03206 2.79446 -0.07469 0.06291 0.80868 -0.54646 -0.20846
1540823098.997619867 -5.30324 2.65532 -0.07926 0.02099 0.81254 -0.55071 -0.18986
1540823099.111336946 -5.63871 2.43286 -0.08938 -0.03427 0.81466 -0.55477 -0.16550
1540823099.196743965 -5.86133 2.23434 -0.09840 -0.07256 0.81498 -0.55632 -0.14507
1540823099.282356977 -6.06784 2.01757 -0.10939 -0.10738 0.81401 -0.55737 -0.12328
1540823099.397061825 -6.29796 1.69019 -0.12500 -0.14397 0.81483 -0.55265 -0.09954
1540823099.483600855 -6.43968 1.42140 -0.13605 -0.16107 0.81490 -0.55037 -0.08419
1540823099.570518017 -6.55837 1.13081 -0.14682 -0.16254 0.81527 -0.55124 -0.07105
1540823099.686493874 -6.66640 0.70355 -0.16224 -0.14203 0.81613 -0.55776 -0.05163
1540823099.773247957 -6.72262 0.35997 -0.17209 -0.11937 0.81526 -0.56553 -0.03568
1540823099.859833002 -6.75095 -0.00026 -0.17908 -0.09659 0.81324 -0.57344 -0.02170
1540823099.975237846 -6.77668 -0.50793 -0.18322 -0.06589 0.81109 -0.58114 -0.00790
1540823100.061969042 -6.78156 -0.90544 -0.17897 -0.04056 0.80868 -0.58685 0.00282
1540823100.149010897 -6.79314 -1.32403 -0.17023 -0.01560 0.80614 -0.59136 0.01378
1540823100.236407042 -6.80027 -1.75618 -0.15066 0.00440 0.80215 -0.59659 0.02480
1540823100.353621960 -6.82175 -2.35963 -0.11252 0.01864 0.79958 -0.59930 0.03414
1540823100.442242861 -6.84750 -2.83109 -0.07505 0.02381 0.79903 -0.59961 0.03811
1540823100.531574011 -6.88440 -3.31981 -0.03303 0.02200 0.79793 -0.60126 0.03612
1540823100.621722937 -6.93278 -3.82545 0.00856 0.01970 0.79834 -0.60101 0.03248
1540823100.712770939 -6.99237 -4.34708 0.04751 0.01750 0.79852 -0.60116 0.02597
1540823100.835894823 -7.08093 -5.06699 0.09519 0.01466 0.79718 -0.60351 0.00823
1540823100.929796934 -7.15075 -5.62629 0.12626 0.00944 0.79669 -0.60422 -0.01021
1540823101.025069952 -7.22391 -6.20435 0.15145 0.00613 0.79523 -0.60548 -0.03113
1540823101.121583939 -7.29575 -6.79851 0.16399 0.01334 0.79589 -0.60340 -0.04779
1540823101.186498880 -7.34392 -7.20443 0.16323 0.02575 0.79649 -0.60148 -0.05631
1540823101.284695864 -7.41754 -7.82552 0.15065 0.05079 0.79428 -0.60105 -0.07264
1540823101.383852005 -7.49781 -8.46035 0.12532 0.09151 0.78920 -0.60112 -0.08627
1540823101.483794928 -7.58290 -9.10807 0.09064 0.13976 0.78176 -0.59923 -0.10115
1540823101.584302902 -7.68376 -9.76524 0.05247 0.19375 0.76867 -0.59897 -0.11331
1540823101.685260057 -7.80226 -10.42641 0.01550 0.24860 0.75169 -0.59707 -0.12912
1540823101.786757946 -7.94971 -11.08713 -0.01674 0.30542 0.72976 -0.59403 -0.14596
1540823101.854707956 -8.06371 -11.52368 -0.03339 0.33919 0.71281 -0.59230 -0.16136
1540823101.957016945 -8.26504 -12.16863 -0.04734 0.38993 0.68287 -0.58914 -0.18588
1540823102.059649944 -8.50788 -12.79017 -0.04807 0.44262 0.64773 -0.58325 -0.21060
1540823102.162189007 -8.78366 -13.38275 -0.03501 0.49033 0.60887 -0.57541 -0.24031
1540823102.264061928 -9.08838 -13.92982 -0.01022 0.53697 0.56621 -0.56433 -0.26944
1540823102.331343889 -9.30398 -14.26693 0.01145 0.56538 0.53727 -0.55499 -0.28926
1540823102.430980921 -9.64344 -14.71880 0.05045 0.60760 0.49182 -0.53773 -0.31587
1540823102.528822899 -10.00121 -15.10113 0.09520 0.65180 0.44623 -0.51401 -0.33441
1540823102.624892950 -10.37032 -15.41163 0.14601 0.69378 0.39874 -0.48676 -0.35033
1540823102.719496012 -10.74042 -15.66012 0.20166 0.72910 0.35023 -0.45669 -0.37038
1540823102.812790871 -11.10906 -15.82831 0.26217 0.75734 0.30385 -0.42199 -0.39502
1540823102.904834986 -11.47127 -15.93670 0.32273 0.78004 0.26354 -0.38067 -0.42092
1540823103.025511026 -11.93516 -16.00575 0.40464 0.80644 0.22145 -0.32284 -0.44315
1540823103.114567995 -12.26835 -15.98194 0.46794 0.82188 0.19536 -0.28340 -0.45391
1540823103.202682972 -12.58882 -15.89461 0.53247 0.83509 0.16800 -0.25213 -0.45916
1540823103.290084839 -12.89513 -15.75289 0.59606 0.84734 0.13744 -0.22447 -0.46124
1540823103.376929045 -13.18722 -15.57454 0.65998 0.85840 0.10308 -0.19938 -0.46128
1540823103.491956949 -13.54492 -15.24964 0.73289 0.87081 0.06036 -0.16553 -0.45895
1540823103.577693939 -13.79462 -14.95939 0.77676 0.87762 0.02798 -0.14254 -0.45683
1540823103.662963867 -14.03029 -14.64936 0.81452 0.87938 -0.01613 -0.12694 -0.45861
1540823103.775779009 -14.31293 -14.19148 0.84459 0.87026 -0.08597 -0.11243 -0.47182
1540823103.859633923 -14.49325 -13.81846 0.85041 0.85477 -0.14418 -0.09772 -0.48891
1540823103.970360041 -14.68605 -13.29297 0.83296 -0.82805 0.22349 0.07440 0.50876
1540823104.052749872 -14.78947 -12.88796 0.80655 -0.80327 0.28228 0.05351 0.52173
1540823104.162080050 -14.86798 -12.34074 0.75633 -0.76505 0.35886 0.02469 0.53415
1540823104.243907928 -14.87770 -11.93116 0.70837 -0.73424 0.41314 0.00307 0.53870
1540823104.353204966 -14.81959 -11.39262 0.63039 -0.69342 0.47039 -0.03462 0.54470
1540823104.435426950 -14.72817 -11.00342 0.56499 -0.67117 0.49974 -0.07011 0.54302
1540823104.545397997 -14.53700 -10.51274 0.47387 -0.63872 0.53978 -0.10970 0.53726
1540823104.628165007 -14.35150 -10.16988 0.40652 -0.61281 0.56711 -0.13820 0.53268
1540823104.711163998 -14.12608 -9.85925 0.34039 -0.59575 0.58588 -0.16669 0.52348
1540823104.822043896 -13.76246 -9.48534 0.25593 -0.58813 0.59592 -0.19003 0.51271
1540823104.905349970 -13.43937 -9.23992 0.19603 -0.59701 0.58543 -0.20607 0.50831
1540823105.016904831 -12.94965 -8.95510 0.12876 -0.61931 0.55597 -0.23623 0.50154
1540823105.101312876 -12.54144 -8.76499 0.09417 0.63687 -0.53208 0.25716 -0.49514
1540823105.186616898 -12.09797 -8.58398 0.07685 0.65050 -0.51277 0.26609 -0.49307
1540823105.302031040 -11.45252 -8.34776 0.08376 0.67204 -0.48191 0.27621 -0.48973
1540823105.390100956 -10.93058 -8.16853 0.11412 0.68980 -0.45617 0.28203 -0.48636
1540823105.479555845 -10.37454 -7.98390 0.16547 0.70579 -0.42906 0.28413 -0.48687
1540823105.570281029 -9.79221 -7.79029 0.23519 0.72305 -0.39880 0.28522 -0.48664
1540823105.692653894 -8.98499 -7.50501 0.35091 0.74702 -0.35254 0.28479 -0.48639
1540823105.784865856 -8.36539 -7.27025 0.44394 0.76545 -0.31563 0.27662 -0.48780
1540823105.876942873 -7.74484 -7.01644 0.53127 0.78230 -0.27929 0.25809 -0.49335
1540823105.968456030 -7.12836 -6.74263 0.60778 -0.79847 0.23788 -0.23581 0.50025
1540823106.059170008 -6.51805 -6.45023 0.67029 -0.81557 0.18472 -0.21433 0.50476
1540823106.149196863 -5.91999 -6.13169 0.71919 -0.83154 0.12647 -0.19027 0.50630
1540823106.238811016 -5.33685 -5.78734 0.75156 -0.84425 0.06397 -0.16508 0.50587
1540823106.358052969 -4.58374 -5.29441 0.77039 -0.85142 -0.03675 -0.14238 0.50345
1540823106.447512865 -4.04869 -4.89585 0.76635 -0.84971 -0.10917 -0.12356 0.50081
1540823106.537243843 -3.54248 -4.47172 0.74478 0.84583 0.16882 0.09379 -0.49727
1540823106.627338886 -3.07926 -4.02081 0.71089 0.83575 0.23079 0.06331 -0.49421
1540823106.717677832 -2.66310 -3.54541 0.66533 0.82237 0.28927 0.03043 -0.48898
1540823106.808106899 -2.29779 -3.05433 0.61136 0.80435 0.33722 -0.01558 -0.48893
1540823106.928518057 -1.90159 -2.38006 0.53447 0.77062 0.40622 -0.07902 -0.48466
1540823107.018452883 -1.67833 -1.87008 0.47893 0.72798 0.47213 -0.11752 -0.48304
1540823107.107904911 -1.51524 -1.37254 0.42420 0.68341 0.53313 -0.15628 -0.47361
1540823107.196810961 -1.40477 -0.89429 0.37031 0.64033 0.58476 -0.19605 -0.45781
1540823107.285202980 -1.35350 -0.44308 0.32005 0.60027 0.62600 -0.23702 -0.43775
1540823107.402459860 -1.35761 0.11373 0.25738 0.56045 0.66205 -0.28835 -0.40551
1540823107.490160942 -1.41259 0.49501 0.21768 0.53413 0.68035 -0.32549 -0.38196
1540823107.577780008 -1.51328 0.84749 0.18359 0.49938 0.70256 -0.35354 -0.36338
1540823107.665395021 -1.64690 1.17329 0.15543 0.46422 0.72709 -0.37179 -0.34295
1540823107.782356024 -1.88363 1.55169 0.12961 0.41023 0.75925 -0.38799 -0.32359
1540823107.870234013 -2.10130 1.78796 0.11759 0.37785 0.77647 -0.39817 -0.30949
1540823107.958211899 -2.34834 1.97506 0.11552 0.35818 0.78458 -0.41253 -0.29321
1540823108.046228886 -2.61045 2.13176 0.12508 0.34425 0.79003 -0.42665 -0.27444
1540823108.163511992 -2.99778 2.27821 0.15380 0.31444 0.80124 -0.44440 -0.24830
1540823108.251368999 -3.31010 2.33857 0.18878 0.27355 0.81538 -0.45717 -0.22654
1540823108.339161873 -3.63497 2.36459 0.22779 0.22145 0.82960 -0.46930 -0.20610
1540823108.426914930 -3.96611 2.35046 0.27008 0.16519 0.84287 -0.47705 -0.18631
1540823108.543793917 -4.40919 2.26885 0.32804 0.09511 0.85702 -0.47943 -0.16314
1540823108.631342888 -4.73707 2.15915 0.36987 0.04836 0.86363 -0.47840 -0.15143
1540823108.718746901 -5.05470 2.00934 0.41149 0.00645 0.86679 -0.47688 -0.14569
1540823108.806048870 -5.35826 1.82200 0.45096 -0.02678 0.86819 -0.47540 -0.13975
1540823108.922421932 -5.72745 1.50416 0.50205 -0.06047 0.86853 -0.47394 -0.13184
1540823109.009810925 -5.97716 1.21992 0.53738 -0.07979 0.86885 -0.47374 -0.11958
1540823109.097476006 -6.20076 0.89366 0.56921 -0.10652 0.86701 -0.47508 -0.10609
1540823109.214849949 -6.45769 0.40051 0.60809 -0.13954 0.86437 -0.47337 -0.09656
1540823109.303107977 -6.60767 -0.01482 0.63256 -0.14243 0.86535 -0.47322 -0.08328
1540823109.391393900 -6.73032 -0.46369 0.65273 -0.14403 0.86677 -0.47230 -0.06994
1540823109.479704857 -6.82549 -0.94628 0.66563 -0.14489 0.86689 -0.47333 -0.05894
1540823109.568121910 -6.89189 -1.46202 0.67141 -0.14467 0.86579 -0.47643 -0.04989
1540823109.686427832 -6.94606 -2.19661 0.66777 -0.12965 0.86781 -0.47827 -0.03687
1540823109.775728941 -6.96119 -2.78521 0.65480 -0.11038 0.86921 -0.48131 -0.02521
1540823109.865773916 -6.96081 -3.40656 0.63263 -0.09189 0.86859 -0.48675 -0.01353
1540823109.956789017 -6.94659 -4.06119 0.60314 -0.07321 0.86476 -0.49676 -0.00775
1540823110.048972845 -6.92316 -4.75166 0.56987 -0.04583 0.86001 -0.50819 -0.00578
1540823110.142480850 -6.89740 -5.47670 0.53249 0.00240 0.85561 -0.51761 -0.00188
1540823110.237498999 -6.88078 -6.23613 0.48885 0.05607 0.84848 -0.52623 -0.00375
1540823110.334125996 -6.87844 -7.02731 0.43708 0.12043 0.83744 -0.53297 -0.01141
1540823110.432176828 -6.89902 -7.84604 0.38044 0.19200 0.82032 -0.53835 -0.01979
1540823110.531326056 -6.95265 -8.68409 0.32304 0.26897 0.79489 -0.54312 -0.02874
1540823110.631523848 -7.05197 -9.53112 0.26889 0.35357 0.75937 -0.54450 -0.04319
1540823110.732686996 -7.20898 -10.37446 0.21908 0.43828 0.71302 -0.54375 -0.06212
1540823110.834758997 -7.44202 -11.19752 0.17603 0.51875 0.65655 -0.54060 -0.08710
1540823110.903245926 -7.63540 -11.72282 0.15060 0.56836 0.61397 -0.53725 -0.10663
1540823111.006445885 -7.99334 -12.45763 0.12061 0.63416 0.54356 -0.53217 -0.13850
1540823111.109784842 -8.42376 -13.10583 0.09912 0.69058 0.46870 -0.52329 -0.17202
1540823111.212749958 -8.91180 -13.64421 0.08268 0.73970 0.39407 -0.50498 -0.20629
1540823111.314888954 -9.43425 -14.05516 0.06804 0.77813 0.31523 -0.48195 -0.25072
1540823111.382323027 -9.78705 -14.26261 0.05807 0.79595 0.26373 -0.45990 -0.29225
1540823111.482152939 -10.30456 -14.47462 0.04456 0.81076 0.20917 -0.40929 -0.36250
1540823111.579993963 -10.79148 -14.58830 0.03614 0.82693 0.16930 -0.34830 -0.40769
1540823111.675745964 -11.24177 -14.61858 0.04011 0.84171 0.13449 -0.28680 -0.43724
1540823111.769687891 -11.65911 -14.56960 0.05796 0.85578 0.10151 -0.22427 -0.45503
1540823111.862123966 -12.04399 -14.45173 0.09073 0.86793 0.06229 -0.16690 -0.46364
1540823111.953415871 -12.39928 -14.27254 0.13946 0.87281 0.03201 -0.10831 -0.47481
1540823112.043851852 -12.73468 -14.04937 0.19627 0.87969 0.00952 -0.05168 -0.47263
1540823112.163478851 -13.15827 -13.67922 0.27622 0.88425 -0.02569 0.00701 -0.46625
1540823112.252526999 -13.46321 -13.35813 0.32842 0.88248 -0.07773 0.03460 -0.46259
1540823112.340831041 -13.74836 -13.00784 0.37312 0.87689 -0.13965 0.05880 -0.45619
1540823112.428256989 -14.00450 -12.62504 0.40891 0.86557 -0.20416 0.08079 -0.45008
1540823112.543370962 -14.28710 -12.08090 0.45129 0.84067 -0.29403 0.10149 -0.44331
1540823112.628662825 -14.44779 -11.65088 0.47873 0.81773 -0.35750 0.11859 -0.43525
1540823112.713150024 -14.56243 -11.20763 0.50315 0.78985 -0.41407 0.13626 -0.43142
1540823112.824748993 -14.63715 -10.60703 0.53549 0.75091 -0.48372 0.15128 -0.42339
1540823112.908007860 -14.63401 -10.15888 0.56186 0.71842 -0.53455 0.15811 -0.41608
1540823113.018903017 -14.53370 -9.57753 0.60042 0.67076 -0.59661 0.16749 -0.40753
1540823113.102216959 -14.39703 -9.15985 0.62936 -0.63545 0.63820 -0.17400 0.39827
1540823113.213680029 -14.12364 -8.64404 0.66574 -0.60876 0.67023 -0.19313 0.37802
1540823113.297638893 -13.85254 -8.29154 0.69191 -0.59432 0.68751 -0.20666 0.36249
1540823113.381979942 -13.52520 -7.97216 0.71793 -0.57481 0.70754 -0.21370 0.35116
1540823113.495115042 -13.00098 -7.60064 0.74845 -0.56310 0.71847 -0.22393 0.34143
1540823113.580617905 -12.54821 -7.35627 0.76643 -0.56992 0.71194 -0.23148 0.33877
1540823113.666951895 -12.03718 -7.15445 0.77585 -0.58731 0.69665 -0.24130 0.33395
1540823113.783857822 -11.28670 -6.90719 0.76931 -0.61653 0.66995 -0.25399 0.32642
1540823113.873263836 -10.66609 -6.74101 0.75276 0.64325 -0.64176 0.26203 -0.32513
1540823113.964416027 -9.98820 -6.58632 0.72262 0.67104 -0.60874 0.27071 -0.32536
1540823114.057313919 -9.25279 -6.42913 0.68148 0.70247 -0.56449 0.28352 -0.32787
1540823114.151646852 -8.46342 -6.26517 0.63915 0.73465 -0.50802 0.29936 -0.33555
1540823114.246862888 -7.62862 -6.07906 0.60098 0.76725 -0.43804 0.31617 -0.34566
1540823114.342210054 -6.76535 -5.85872 0.57275 0.80014 -0.35297 0.33476 -0.35089
1540823114.436835051 -5.89434 -5.58120 0.55604 0.82744 -0.25787 0.34685 -0.35852
1540823114.530468941 -5.03761 -5.23667 0.55415 0.84400 -0.14699 0.35500 -0.37421
1540823114.623296022 -4.21929 -4.81764 0.56572 0.85017 -0.01607 0.35599 -0.38758
1540823114.715782881 -3.46471 -4.32444 0.58318 0.83969 0.12146 0.35110 -0.39611
1540823114.808400869 -2.79749 -3.75835 0.59430 0.81776 0.23989 0.33180 -0.40451
1540823114.901465893 -2.24010 -3.13555 0.59083 0.78803 0.33896 0.28282 -0.42911
1540823115.026216030 -1.70295 -2.24838 0.56902 0.72965 0.45904 0.18963 -0.47004
1540823115.119771957 -1.44962 -1.59474 0.54137 0.67475 0.54400 0.11634 -0.48501
1540823115.212746859 -1.32633 -0.96728 0.50530 0.60867 0.62849 0.05226 -0.48145
1540823115.304730892 -1.31066 -0.40130 0.45436 0.54499 0.70258 -0.00110 -0.45757
1540823115.395781040 -1.41113 0.08752 0.39039 0.49589 0.75490 -0.06081 -0.42488
1540823115.486322880 -1.58281 0.49546 0.30934 0.49072 0.78292 -0.11862 -0.36354
1540823115.576832056 -1.83378 0.82531 0.22987 0.48235 0.79897 -0.19214 -0.30344
1540823115.667675018 -2.20272 1.06360 0.16405 0.44371 0.81097 -0.27485 -0.26439
1540823115.758846998 -2.61878 1.24168 0.11368 0.38556 0.82812 -0.33550 -0.23022
1540823115.880493879 -3.23171 1.39295 0.08908 0.26561 0.86070 -0.38790 -0.19540
1540823115.971365929 -3.72210 1.42408 0.09820 0.16208 0.87748 -0.41565 -0.17604
1540823116.061543941 -4.21343 1.38974 0.12521 0.04525 0.88332 -0.43522 -0.16816
1540823116.151028872 -4.68392 1.30055 0.16792 -0.05790 0.87786 -0.44611 -0.16428
1540823116.240063906 -5.11125 1.13995 0.22420 -0.12369 0.87004 -0.44740 -0.16599
1540823116.358301878 -5.59882 0.83883 0.30913 -0.15729 0.86856 -0.43903 -0.16766
1540823116.447026968 -5.90415 0.55379 0.36512 -0.15697 0.87043 -0.44068 -0.15333
1540823116.535933971 -6.16237 0.21995 0.42476 -0.15852 0.86594 -0.45302 -0.14070
1540823116.624905825 -6.36745 -0.16546 0.48939 -0.15763 0.86254 -0.46193 -0.13338
1540823116.713835955 -6.53146 -0.59458 0.55557 -0.14797 0.86110 -0.47078 -0.12239
1540823116.832336903 -6.69372 -1.21776 0.63387 -0.14516 0.86248 -0.47028 -0.11788
1540823116.921319962 -6.78828 -1.71719 0.67250 -0.15505 0.86106 -0.46805 -0.12440
1540823117.010532856 -6.84775 -2.24464 0.69222 -0.15414 0.86031 -0.46946 -0.12540
1540823117.100124836 -6.87703 -2.79967 0.69272 -0.12917 0.86390 -0.47377 -0.11197
1540823117.190274954 -6.87465 -3.38615 0.67285 -0.08445 0.86753 -0.48291 -0.08402
1540823117.311698914 -6.86156 -4.21705 0.61805 -0.01810 0.86553 -0.49844 -0.04572
1540823117.403971910 -6.85153 -4.87830 0.56546 0.01536 0.85809 -0.51161 -0.04116
1540823117.497516870 -6.84551 -5.57388 0.51126 0.04474 0.84664 -0.52730 -0.05616
1540823117.592489004 -6.84446 -6.29914 0.45838 0.10083 0.83384 -0.53820 -0.06993
1540823117.688774824 -6.85876 -7.05256 0.41485 0.17020 0.81262 -0.55069 -0.08619
1540823117.785902023 -6.89541 -7.82110 0.38266 0.24561 0.78631 -0.55644 -0.10847
1540823117.883517027 -6.96177 -8.59590 0.35649 0.32889 0.75485 -0.55256 -0.12927
1540823117.948761940 -7.02312 -9.10864 0.33824 0.38624 0.73064 -0.54447 -0.14330
1540823118.046752930 -7.15490 -9.86655 0.31044 0.46554 0.68838 -0.52969 -0.16979
1540823118.144778013 -7.33618 -10.59928 0.28888 0.53332 0.63878 -0.51711 -0.20032
1540823118.242670059 -7.57231 -11.29321 0.28031 0.58391 0.59003 -0.50196 -0.24281
1540823118.340121031 -7.85607 -11.93285 0.28651 0.61586 0.54468 -0.48561 -0.29702
1540823118.436667919 -8.17330 -12.51286 0.30279 0.64824 0.49958 -0.46055 -0.34366
1540823118.531856060 -8.50641 -13.03489 0.32231 0.69213 0.44127 -0.42799 -0.37823
1540823118.625572920 -8.84969 -13.49133 0.34733 0.73188 0.37597 -0.38740 -0.41584
1540823118.717716932 -9.19582 -13.88642 0.37324 0.77361 0.30257 -0.34490 -0.43705
1540823118.808380842 -9.54117 -14.21327 0.39798 0.80647 0.23249 -0.30089 -0.45279
1540823118.927782059 -9.97756 -14.57255 0.42907 0.82697 0.17764 -0.23809 -0.47737
1540823119.016633034 -10.29646 -14.77434 0.45074 0.83943 0.15689 -0.19354 -0.48299
1540823119.105203867 -10.60625 -14.91702 0.47112 0.84752 0.12605 -0.15730 -0.49099
1540823119.193740845 -10.90697 -14.99204 0.49155 -0.85004 -0.09660 0.12487 0.50251
1540823119.282330990 -11.19797 -15.03017 0.50845 -0.84845 -0.07857 0.09058 0.51551
1540823119.400514841 -11.57623 -15.05521 0.52998 -0.84695 -0.05831 0.05229 0.52588
1540823119.489164829 -11.85434 -15.03005 0.54863 -0.84202 -0.04311 0.02992 0.53689
1540823119.577744961 -12.12236 -14.96444 0.57111 -0.83318 -0.02917 0.00894 0.55216
1540823119.666025877 -12.38696 -14.87412 0.59793 -0.82177 -0.01530 -0.01294 0.56947
1540823119.782862902 -12.72307 -14.71619 0.63602 -0.80744 0.01584 -0.02972 0.58899
1540823119.874654055 -12.97824 -14.56876 0.66169 -0.80046 0.06178 -0.03189 0.59534
1540823119.960564852 -13.20035 -14.41534 0.67817 -0.79559 0.10783 -0.03374 0.59520
1540823120.045750856 -13.40205 -14.24949 0.68820 -0.79327 0.13513 -0.04619 0.59189
1540823120.158541918 -13.64112 -14.01159 0.69069 -0.78975 0.16512 -0.06835 0.58682
1540823120.242733002 -13.80231 -13.82220 0.68462 -0.78594 0.18995 -0.08252 0.58259
1540823120.354621887 -13.98798 -13.55284 0.67257 -0.77496 0.22669 -0.09563 0.58215
1540823120.438349009 -14.10211 -13.34026 0.66333 -0.76106 0.25845 -0.09784 0.58688
1540823120.521966934 -14.19095 -13.12163 0.65167 -0.75195 0.28272 -0.10001 0.58705
1540823120.633321047 -14.26983 -12.82541 0.63267 -0.74487 0.29854 -0.11471 0.58556
1540823120.716728926 -14.30034 -12.60112 0.61346 -0.74260 0.30681 -0.12828 0.58134
1540823120.827811003 -14.30776 -12.29895 0.58145 -0.73963 0.31880 -0.14693 0.57421
1540823120.911037922 -14.29003 -12.06936 0.55289 -0.73659 0.32767 -0.15964 0.56972
1540823121.021929026 -14.22751 -11.76061 0.50791 -0.73065 0.33705 -0.17667 0.56687
1540823121.105059862 -14.15623 -11.52715 0.46897 -0.72222 0.34482 -0.19112 0.56831
1540823121.188143015 -14.06842 -11.29343 0.42491 -0.71555 0.35330 -0.20666 0.56609
1540823121.298872948 -13.92842 -10.97930 0.35942 -0.70491 0.36582 -0.22727 0.56359
1540823121.381911039 -13.80564 -10.74318 0.30506 -0.69427 0.37551 -0.24447 0.56323
1540823121.492637873 -13.61903 -10.43146 0.22500 -0.67921 0.39179 -0.26635 0.56057
1540823121.575706959 -13.46293 -10.20075 0.16153 -0.66619 0.40420 -0.28117 0.56014
1540823121.686554909 -13.23380 -9.89916 0.07702 -0.64618 0.41646 -0.30061 0.56448
1540823121.769873857 -13.04894 -9.67913 0.01362 -0.63170 0.42601 -0.31222 0.56744
1540823121.853458881 -12.85351 -9.46780 -0.05021 -0.61649 0.43642 -0.32084 0.57143
1540823121.965637922 -12.57916 -9.19746 -0.13364 -0.59948 0.44575 -0.33583 0.57371
1540823122.050381899 -12.36431 -9.00641 -0.19333 -0.58827 0.45008 -0.34405 0.57706
1540823122.164228916 -12.06865 -8.76835 -0.26015 -0.57602 0.45400 -0.35290 0.58098
1540823122.250216007 -11.84136 -8.60396 -0.29998 -0.56921 0.45820 -0.35686 0.58198
1540823122.336740971 -11.60959 -8.45739 -0.33107 -0.56676 0.46094 -0.36110 0.57959
1540823122.452986956 -11.29415 -8.27757 -0.35838 -0.56603 0.46285 -0.36452 0.57663
1540823122.540889978 -11.05294 -8.15860 -0.36875 -0.56656 0.46242 -0.36621 0.57539
1540823122.629456043 -10.80848 -8.04946 -0.37106 -0.56748 0.46153 -0.36774 0.57421
1540823122.718678951 -10.55995 -7.95179 -0.36462 -0.56695 0.46193 -0.37009 0.57290
1540823122.808542967 -10.30854 -7.86713 -0.34994 -0.56508 0.46287 -0.37415 0.57136
1540823122.929337978 -9.96885 -7.76864 -0.31939 -0.56213 0.46444 -0.37878 0.56994
1540823123.020658970 -9.71224 -7.70573 -0.28868 -0.55992 0.46617 -0.38083 0.56934
1540823123.112586021 -9.45289 -7.65172 -0.25169 -0.56039 0.46452 -0.38012 0.57069
1540823123.205062866 -9.19377 -7.61177 -0.21192 -0.56494 0.45929 -0.37794 0.57189
1540823123.297976017 -8.93414 -7.58629 -0.16920 -0.57932 0.43829 -0.38537 0.56902
1540823123.391142845 -8.67733 -7.57086 -0.12783 -0.59595 0.41460 -0.38871 0.56733
1540823123.484386921 -8.42511 -7.56127 -0.09013 -0.60870 0.39808 -0.38496 0.56817
1540823123.577610016 -8.17455 -7.54912 -0.05337 -0.61805 0.38247 -0.38473 0.56896
1540823123.670794010 -7.92994 -7.53887 -0.01979 -0.62376 0.37553 -0.38075 0.57003
1540823123.763978958 -7.68867 -7.52701 0.01156 -0.62677 0.37296 -0.37775 0.57040
1540823123.857187033 -7.45022 -7.51495 0.03975 -0.62880 0.37287 -0.37641 0.56911
1540823123.950353861 -7.21036 -7.49294 0.06469 -0.62842 0.37352 -0.37502 0.57003
1540823124.043426991 -6.97422 -7.46904 0.08565 -0.62975 0.37359 -0.37013 0.57170
1540823124.167337894 -6.65967 -7.43014 0.10515 -0.62946 0.37527 -0.35741 0.57897
1540823124.260108948 -6.42670 -7.40687 0.10823 -0.63087 0.37266 -0.35124 0.58289
1540823124.352706909 -6.19542 -7.38397 0.09917 -0.63344 0.36762 -0.34966 0.58425
1540823124.445117950 -5.96613 -7.36366 0.07333 -0.63617 0.36323 -0.34720 0.58550
1540823124.537309885 -5.73834 -7.34271 0.03042 -0.63925 0.35759 -0.34370 0.58767
1540823124.629257917 -5.51245 -7.31667 -0.02729 -0.64571 0.34476 -0.34198 0.58927
1540823124.720916033 -5.29108 -7.28537 -0.09517 -0.65302 0.33326 -0.33476 0.59198
1540823124.812234879 -5.07397 -7.25033 -0.16817 -0.65786 0.32182 -0.32820 0.59660
1540823124.903200865 -4.86065 -7.20993 -0.24499 -0.66339 0.30905 -0.32262 0.60027
1540823125.023911953 -4.58604 -7.14592 -0.34929 -0.66840 0.29239 -0.31458 0.60728
1540823125.113991022 -4.39054 -7.09242 -0.42691 -0.67353 0.28106 -0.30997 0.60933
1540823125.203692913 -4.19519 -7.03535 -0.50337 -0.67513 0.27652 -0.30222 0.61352
1540823125.293051004 -4.01028 -6.97571 -0.57745 -0.67859 0.26699 -0.29989 0.61506
1540823125.382114887 -3.83641 -6.90917 -0.64852 -0.68205 0.26467 -0.29204 0.61601
1540823125.500488997 -3.61016 -6.80865 -0.73481 -0.68544 0.26110 -0.28286 0.61805
1540823125.589057922 -3.44994 -6.72787 -0.79489 -0.69426 0.26219 -0.27392 0.61174
1540823125.677486897 -3.29495 -6.63962 -0.84200 -0.69928 0.26329 -0.26515 0.60941
1540823125.765738010 -3.14045 -6.54592 -0.83441 -0.66971 0.25287 -0.25750 0.64903
1540823125.853677988 -2.99787 -6.46065 -0.80601 -0.70243 0.24811 -0.24881 0.61897
1540823125.970614910 -2.80273 -6.33460 -0.73666 -0.70709 0.24186 -0.24224 0.61875
1540823126.058061838 -2.66451 -6.23406 -0.68061 -0.71566 0.23892 -0.23533 0.61268
1540823126.145144939 -2.53021 -6.12616 -0.62053 -0.71744 0.23173 -0.23267 0.61436
1540823126.260849953 -2.34474 -5.96789 -0.53408 -0.71717 0.22515 -0.22574 0.61969
1540823126.347322941 -2.20700 -5.84120 -0.46539 -0.71941 0.22023 -0.21861 0.62142
1540823126.433485031 -2.05650 -5.70826 -0.39876 -0.72141 0.21179 -0.21305 0.62396
1540823126.547957897 -1.86460 -5.52347 -0.31722 -0.72318 0.20585 -0.20401 0.62691
