1540820245.293124199 0.00523 -0.00518 0.01870 -0.66852 -0.00795 -0.01538 0.74349
1540820245.380830050 -0.00037 -0.00975 0.03102 -0.66476 -0.01310 -0.03155 0.74627
1540820245.468537092 0.00346 -0.01520 0.05077 -0.66263 -0.01234 -0.04121 0.74771
1540820245.556243181 0.00856 -0.02166 0.07264 -0.65917 -0.00706 -0.04962 0.75032
1540820245.643949032 0.01335 -0.02884 0.09666 -0.65730 -0.00766 -0.06527 0.75076
1540820245.775509119 0.02064 -0.03348 0.13170 -0.65865 -0.01376 -0.08281 0.74775
1540820245.863215208 0.02525 -0.02958 0.15357 -0.65748 -0.01494 -0.08723 0.74825
1540820245.994775057 0.02976 -0.01479 0.18131 -0.65414 -0.02037 -0.08839 0.75092
1540820246.082481146 0.02945 -0.00178 0.19390 -0.65348 -0.02286 -0.08577 0.75172
1540820246.170188189 0.02548 0.00239 0.19789 -0.65719 -0.02527 -0.08534 0.74845
1540820246.257894039 0.01869 -0.01091 0.19348 -0.66822 -0.02085 -0.08542 0.73875
1540820246.345600128 0.01382 -0.04166 0.18978 -0.68041 -0.01141 -0.09254 0.72688
1540820246.477160215 0.01066 -0.09728 0.18725 -0.69645 0.00922 -0.11404 0.70843
1540820246.564866066 0.00891 -0.12272 0.18440 -0.70682 0.02790 -0.12604 0.69552
1540820246.696425200 0.00859 -0.12145 0.18405 -0.70462 0.03764 -0.13095 0.69638
1540820246.784131050 0.00832 -0.09497 0.18275 -0.69714 0.03395 -0.12338 0.70542
1540820246.871838093 0.00744 -0.05483 0.18238 -0.68563 0.02607 -0.11149 0.71888
1540820246.959544182 0.00570 -0.01011 0.18636 -0.67032 0.01248 -0.09643 0.73567
1540820247.047251225 0.00316 0.02947 0.19049 -0.66101 -0.00331 -0.07854 0.74625
1540820247.178810120 -0.00453 0.06021 0.19154 -0.66360 -0.02212 -0.05678 0.74560
1540820247.266516209 -0.01348 0.05395 0.18668 -0.67021 -0.02268 -0.04911 0.74020
1540820247.398076057 -0.03023 0.02046 0.17746 -0.68125 -0.00667 -0.05287 0.73011
1540820247.485782146 -0.03660 -0.00074 0.17118 -0.69009 0.00036 -0.05800 0.72140
1540820247.573489189 -0.02497 -0.01527 0.16773 -0.69217 0.00737 -0.06174 0.71905
1540820247.661195040 0.00457 -0.02346 0.16938 -0.69149 0.00989 -0.06977 0.71894
1540820247.748901129 0.04047 -0.02779 0.17507 -0.68842 0.00990 -0.07814 0.72102
1540820247.880461216 0.06722 -0.02668 0.18789 -0.67948 0.01581 -0.08733 0.72831
1540820247.968167067 0.05330 -0.02444 0.19068 -0.68014 0.01355 -0.08853 0.72759
1540820248.099726200 0.00544 -0.02620 0.18584 -0.67791 0.02390 -0.08319 0.73003
1540820248.187433243 -0.02841 -0.02967 0.18099 -0.67495 0.03877 -0.08216 0.73225
1540820248.275139093 -0.05241 -0.03347 0.17707 -0.67900 0.04556 -0.08088 0.72825
1540820248.362845182 -0.05242 -0.04230 0.17826 -0.68308 0.05328 -0.08699 0.72318
1540820248.450552225 -0.02655 -0.05623 0.18578 -0.68010 0.05680 -0.10223 0.72373
1540820248.582111120 0.03460 -0.06744 0.20850 -0.68109 0.05560 -0.12159 0.71989
1540820248.669817209 0.06172 -0.05317 0.23758 -0.66832 0.03364 -0.12609 0.73234
1540820248.801377058 0.05768 -0.00415 0.26972 -0.66198 -0.00699 -0.11662 0.74036
1540820248.889083147 0.02965 0.02321 0.27218 -0.65385 -0.02474 -0.08934 0.75092
1540820248.976790190 -0.00392 0.03152 0.25736 -0.66110 -0.02648 -0.06077 0.74736
1540820249.064496040 -0.03113 0.01710 0.23758 -0.67469 -0.02034 -0.04395 0.73651
1540820249.152203083 -0.03966 -0.01642 0.21945 -0.69239 0.00419 -0.04600 0.72005
1540820249.283762217 -0.02328 -0.08012 0.21123 -0.70591 0.04021 -0.07304 0.70338
1540820249.371468067 0.00318 -0.11123 0.22143 -0.70626 0.05219 -0.10011 0.69889
1540820249.503027201 0.04411 -0.10817 0.26068 -0.69518 0.03977 -0.13325 0.70526
1540820249.590734243 0.05284 -0.07995 0.28809 -0.68134 0.00535 -0.14736 0.71696
1540820249.678440094 0.04870 -0.04468 0.29204 -0.67365 -0.01476 -0.13688 0.72611
1540820249.766146183 0.03395 -0.01033 0.26977 -0.67078 -0.01469 -0.10135 0.73455
1540820249.853853226 0.01106 0.01289 0.23290 -0.67706 -0.00097 -0.06195 0.73332
1540820249.985412121 -0.02032 0.01635 0.18649 -0.68605 0.02849 -0.02277 0.72664
1540820250.073118210 -0.02824 0.00596 0.17406 -0.69295 0.04540 -0.01272 0.71944
1540820250.204678059 -0.02138 -0.01378 0.20714 -0.69077 0.04705 -0.03062 0.72089
1540820250.292385101 -0.01198 -0.02538 0.25465 -0.68399 0.03768 -0.05274 0.72661
1540820250.380091190 -0.00393 -0.03551 0.30958 -0.68127 0.02633 -0.07072 0.72813
1540820250.467797041 0.00171 -0.04375 0.35951 -0.68429 0.01392 -0.08270 0.72437
1540820250.555504084 0.00416 -0.04925 0.39091 -0.69178 -0.00679 -0.10095 0.71499
1540820250.687063217 0.00377 -0.04955 0.38306 -0.68119 -0.01476 -0.10767 0.72400
1540820250.774769068 0.00354 -0.04590 0.33976 -0.68120 0.00334 -0.09268 0.72620
1540820250.906328201 -0.00308 -0.03538 0.25958 -0.68059 0.04124 -0.05537 0.72940
1540820250.994035244 -0.00850 -0.03033 0.21399 -0.68237 0.06815 -0.03609 0.72693
1540820251.081741095 -0.01329 -0.02649 0.18804 -0.68402 0.07883 -0.02199 0.72486
1540820251.169447184 -0.01839 -0.02456 0.18759 -0.68422 0.07870 -0.02084 0.72472
1540820251.257154226 -0.03323 -0.02381 0.20376 -0.68494 0.06135 -0.02968 0.72541
1540820251.388713121 -0.07102 -0.01891 0.23508 -0.68430 0.03659 0.00038 0.72828
1540820251.476419210 -0.08562 -0.01807 0.25565 -0.68616 0.02255 0.01305 0.72699
1540820251.607979059 -0.07890 -0.02585 0.30301 -0.69325 -0.00177 -0.00782 0.72065
1540820251.695686102 -0.05668 -0.03334 0.33531 -0.69617 -0.01018 -0.03300 0.71705
1540820251.783392191 -0.02630 -0.03983 0.35801 -0.69711 -0.02971 -0.06550 0.71334
1540820251.871098042 0.00661 -0.04408 0.35827 -0.69511 -0.03916 -0.08384 0.71293
1540820251.958805084 0.03083 -0.04354 0.33498 -0.69036 -0.02699 -0.08455 0.71800
1540820252.090364218 0.02695 -0.03300 0.27393 -0.68622 0.01562 -0.05391 0.72522
1540820252.178070068 -0.00238 -0.02478 0.23977 -0.68212 0.03986 -0.02425 0.72975
1540820252.309629202 -0.05549 -0.01689 0.22045 -0.68074 0.05786 0.01600 0.73006
1540820252.397336245 -0.08192 -0.01717 0.23313 -0.68832 0.03545 0.03324 0.72378
1540820252.485042095 -0.09021 -0.02287 0.26379 -0.69898 0.00978 0.02727 0.71456
1540820252.572748184 -0.07942 -0.03239 0.30693 -0.69923 -0.01197 -0.00135 0.71480
1540820252.660455227 -0.05430 -0.04262 0.34494 -0.69826 -0.02491 -0.03644 0.71448
1540820252.792014122 -0.01045 -0.04952 0.36869 -0.69712 -0.03492 -0.07524 0.71214
1540820252.879720211 0.00800 -0.04477 0.35927 -0.69101 -0.03378 -0.08136 0.71745
1540820253.011280060 0.00619 -0.02971 0.31318 -0.69024 -0.01723 -0.06594 0.72036
1540820253.098987103 -0.01257 -0.01975 0.27452 -0.68850 -0.00014 -0.03788 0.72425
1540820253.186693192 -0.03977 -0.01643 0.24113 -0.68950 0.01824 -0.00757 0.72401
1540820253.274399042 -0.06711 -0.02440 0.21993 -0.69225 0.03226 0.01201 0.72084
1540820253.362106085 -0.08338 -0.04493 0.21095 -0.69930 0.04590 0.00935 0.71330
1540820253.493665218 -0.07462 -0.09352 0.21707 -0.70641 0.06908 -0.02664 0.70392
1540820253.581371069 -0.04901 -0.12444 0.22894 -0.70929 0.07445 -0.05970 0.69843
1540820253.712930202 0.00489 -0.14263 0.25521 -0.70821 0.06437 -0.10060 0.69583
1540820253.800637245 0.03419 -0.12293 0.27544 -0.70001 0.04166 -0.11134 0.70417
1540820253.888343096 0.04503 -0.08336 0.29122 -0.68982 0.01198 -0.10697 0.71593
1540820253.976050138 0.03913 -0.04103 0.29438 -0.68317 -0.01281 -0.09061 0.72450
1540820254.063756227 0.01738 -0.00992 0.28352 -0.67641 -0.02636 -0.05813 0.73376
1540820254.195315123 -0.02553 -0.00379 0.25049 -0.68498 -0.01604 -0.00911 0.72833
1540820254.283021212 -0.04519 -0.03099 0.23187 -0.70022 0.00208 -0.00381 0.71391
1540820254.414581060 -0.04382 -0.09012 0.23143 -0.71874 0.03003 -0.04136 0.69339
1540820254.502288103 -0.03472 -0.11720 0.23773 -0.72838 0.03316 -0.07541 0.68020
1540820254.589994192 -0.02756 -0.12105 0.23346 -0.72378 0.03719 -0.08430 0.68385
1540820254.677700043 -0.02657 -0.10004 0.21726 -0.71611 0.03993 -0.07248 0.69307
1540820254.765407085 -0.03149 -0.06086 0.19912 -0.71052 0.04020 -0.04308 0.70120
1540820254.896966219 -0.04520 0.00669 0.19692 -0.69447 0.01665 0.00021 0.71933
1540820254.984672070 -0.05274 0.04514 0.21334 -0.68860 -0.00774 0.01818 0.72487
1540820255.116231203 -0.06000 0.07398 0.25906 -0.67664 -0.05061 0.02707 0.73407
1540820255.203938246 -0.05758 0.07319 0.29375 -0.67627 -0.06766 0.01717 0.73334
1540820255.291624069 -0.05100 0.06065 0.33006 -0.67759 -0.07884 -0.00364 0.73119
1540820255.379271030 -0.04360 0.03764 0.36144 -0.68889 -0.08482 -0.03225 0.71916
1540820255.466880083 -0.03783 0.00728 0.38454 -0.69838 -0.08840 -0.06170 0.70756
1540820255.598393202 -0.03137 -0.04379 0.39155 -0.71281 -0.07207 -0.10512 0.68968
1540820255.686099052 -0.03066 -0.07240 0.37348 -0.72141 -0.05262 -0.11864 0.68023
1540820255.817658186 -0.03355 -0.09672 0.32193 -0.71756 -0.00529 -0.11263 0.68732
1540820255.905365229 -0.03656 -0.09751 0.28035 -0.71439 0.02401 -0.09879 0.69232
1540820255.993071079 -0.04087 -0.08243 0.24490 -0.70750 0.03788 -0.07802 0.70137
1540820256.080777168 -0.04091 -0.06127 0.22014 -0.70182 0.03863 -0.06796 0.70805
1540820256.168484211 -0.03750 -0.04180 0.20489 -0.69632 0.02931 -0.06690 0.71400
1540820256.300043106 -0.02998 -0.02331 0.18906 -0.68593 0.02277 -0.06694 0.72422
1540820256.387749195 -0.02497 -0.01738 0.17985 -0.68014 0.02439 -0.06949 0.72937
1540820256.519308090 -0.02029 -0.01081 0.16624 -0.68402 0.02431 -0.06887 0.72580
1540820256.607015133 -0.02012 -0.00899 0.15748 -0.68594 0.02060 -0.06744 0.72424
1540820256.694721222 -0.01866 -0.00695 0.14742 -0.68471 0.02204 -0.06548 0.72554
1540820256.782427073 -0.01867 -0.00715 0.13603 -0.68340 0.02788 -0.06120 0.72694
1540820256.870134115 -0.01706 -0.00632 0.12488 -0.68470 0.03015 -0.05971 0.72575
1540820257.001694202 -0.01523 -0.00994 0.10890 -0.69009 0.03164 -0.06270 0.72031
1540820257.089400053 -0.01242 -0.01222 0.09957 -0.68802 0.03633 -0.06456 0.72190
1540820257.220959187 -0.01316 -0.01306 0.08369 -0.68780 0.03939 -0.05814 0.72249
1540820257.308666229 -0.01488 -0.01147 0.07063 -0.68981 0.03990 -0.04966 0.72118
1540820257.396372080 -0.01546 -0.00995 0.05940 -0.69066 0.04214 -0.04560 0.72050
1540820257.484078169 -0.01664 -0.00781 0.05003 -0.69297 0.04158 -0.04084 0.71860
1540820257.571785212 -0.01689 -0.00597 0.04292 -0.69532 0.04029 -0.03632 0.71665
1540820257.703344107 -0.01509 -0.00501 0.03474 -0.69526 0.04059 -0.03569 0.71672
1540820257.791050196 -0.01368 -0.00491 0.02967 -0.69542 0.04407 -0.03543 0.71638
1540820257.922609091 -0.01203 -0.00680 0.02271 -0.69552 0.05021 -0.03607 0.71584
1540820258.010316133 -0.01151 -0.00788 0.01857 -0.69359 0.05213 -0.03569 0.71759
1540820258.098022223 -0.01080 -0.00825 0.01472 -0.69443 0.05481 -0.03447 0.71665
1540820258.185728073 -0.01026 -0.00874 0.01267 -0.69457 0.05581 -0.03604 0.71635
1540820258.273435116 -0.00996 -0.00818 0.01108 -0.69456 0.05629 -0.03693 0.71628
1540820258.404995203 -0.00889 -0.00687 0.01015 -0.69520 0.05616 -0.03995 0.71550
1540820258.492701054 -0.00793 -0.00611 0.00932 -0.69579 0.05705 -0.04290 0.71469
1540820258.624260187 -0.00740 -0.00532 0.00858 -0.69498 0.05586 -0.04833 0.71522
1540820258.711967230 -0.00755 -0.00489 0.00749 -0.69521 0.05439 -0.05182 0.71487
1540820258.799673080 -0.00847 -0.00443 0.00525 -0.69629 0.05166 -0.05555 0.71374
1540820258.887379169 -0.00993 -0.00447 0.00445 -0.69679 0.04901 -0.05667 0.71335
1540820258.975086212 -0.00937 -0.00437 0.00454 -0.69634 0.04797 -0.05886 0.71369
1540820259.106645107 -0.00966 -0.00432 0.00442 -0.69738 0.04649 -0.06003 0.71267
1540820259.194351196 -0.00930 -0.00420 0.00432 -0.69751 0.04616 -0.06037 0.71254
1540820259.325910091 -0.00940 -0.00430 0.00401 -0.69833 0.04613 -0.06029 0.71174
1540820259.413617134 -0.00911 -0.00409 0.00387 -0.69840 0.04542 -0.06118 0.71164
1540820259.501323223 -0.00910 -0.00400 0.00385 -0.69822 0.04557 -0.06131 0.71179
1540820259.589030027 -0.00934 -0.00398 0.00364 -0.69860 0.04566 -0.06104 0.71144
1540820259.676736116 -0.00933 -0.00393 0.00370 -0.69861 0.04537 -0.06157 0.71141
1540820259.808296204 -0.00933 -0.00389 0.00367 -0.69862 0.04555 -0.06121 0.71141
1540820259.896002054 -0.00934 -0.00388 0.00370 -0.69849 0.04552 -0.06124 0.71154
1540820260.027561188 -0.00934 -0.00387 0.00366 -0.69858 0.04561 -0.06123 0.71145
1540820260.115268230 -0.00935 -0.00385 0.00363 -0.69847 0.04559 -0.06110 0.71157
1540820260.202974081 -0.00934 -0.00387 0.00364 -0.69850 0.04558 -0.06115 0.71153
1540820260.290680170 -0.00933 -0.00387 0.00365 -0.69852 0.04557 -0.06120 0.71151
1540820260.378387213 -0.00934 -0.00385 0.00364 -0.69850 0.04557 -0.06114 0.71154
1540820260.509946108 -0.00933 -0.00385 0.00366 -0.69853 0.04554 -0.06118 0.71151
1540820260.597652197 -0.00932 -0.00382 0.00367 -0.69853 0.04549 -0.06112 0.71151
1540820260.729211092 -0.00929 -0.00383 0.00368 -0.69856 0.04546 -0.06106 0.71149
1540820260.816918135 -0.00926 -0.00383 0.00367 -0.69853 0.04539 -0.06105 0.71153
1540820260.904624224 -0.00922 -0.00384 0.00366 -0.69852 0.04534 -0.06102 0.71154
1540820260.992331028 -0.00922 -0.00385 0.00366 -0.69854 0.04530 -0.06100 0.71153
1540820261.080037117 -0.00922 -0.00383 0.00366 -0.69855 0.04529 -0.06101 0.71152
1540820261.211597204 -0.00921 -0.00385 0.00367 -0.69856 0.04527 -0.06100 0.71151
1540820261.299303055 -0.00920 -0.00386 0.00370 -0.69851 0.04523 -0.06098 0.71156
1540820261.430862188 -0.00918 -0.00387 0.00371 -0.69846 0.04522 -0.06095 0.71161
1540820261.518569231 -0.00918 -0.00389 0.00370 -0.69842 0.04517 -0.06097 0.71166
1540820261.606275082 -0.00916 -0.00389 0.00370 -0.69841 0.04515 -0.06092 0.71167
1540820261.693982124 -0.00916 -0.00388 0.00370 -0.69840 0.04515 -0.06094 0.71168
1540820261.781688213 -0.00914 -0.00389 0.00369 -0.69836 0.04511 -0.06093 0.71172
1540820261.913247108 -0.00913 -0.00390 0.00370 -0.69834 0.04508 -0.06091 0.71174
1540820262.000953197 -0.00912 -0.00389 0.00370 -0.69836 0.04509 -0.06088 0.71173
1540820262.132513046 -0.00911 -0.00388 0.00371 -0.69838 0.04505 -0.06087 0.71171
1540820262.220219135 -0.00909 -0.00388 0.00372 -0.69837 0.04501 -0.06082 0.71173
1540820262.307925224 -0.00909 -0.00389 0.00373 -0.69836 0.04500 -0.06084 0.71174
1540820262.395632029 -0.00909 -0.00391 0.00375 -0.69837 0.04501 -0.06083 0.71173
1540820262.483338118 -0.00908 -0.00390 0.00374 -0.69835 0.04501 -0.06083 0.71174
1540820262.614898205 -0.00909 -0.00390 0.00376 -0.69832 0.04500 -0.06085 0.71177
1540820262.702604055 -0.00907 -0.00391 0.00376 -0.69832 0.04499 -0.06082 0.71178
1540820262.834163189 -0.00907 -0.00389 0.00377 -0.69830 0.04499 -0.06085 0.71179
1540820262.921870232 -0.00908 -0.00390 0.00374 -0.69830 0.04502 -0.06086 0.71179
1540820263.009576082 -0.00907 -0.00389 0.00374 -0.69831 0.04500 -0.06085 0.71178
1540820263.097283125 -0.00899 -0.00391 0.00375 -0.69832 0.04492 -0.06069 0.71179
1540820263.184989214 -0.00891 -0.00392 0.00374 -0.69831 0.04484 -0.06054 0.71182
1540820263.316548109 -0.00893 -0.00391 0.00373 -0.69830 0.04485 -0.06057 0.71183
1540820263.404254198 -0.00895 -0.00390 0.00373 -0.69830 0.04489 -0.06061 0.71182
1540820263.535814047 -0.00899 -0.00390 0.00376 -0.69828 0.04489 -0.06070 0.71183
1540820263.623520136 -0.00900 -0.00390 0.00377 -0.69828 0.04489 -0.06073 0.71183
1540820263.711226225 -0.00902 -0.00391 0.00379 -0.69826 0.04489 -0.06078 0.71184
1540820263.798933029 -0.00902 -0.00393 0.00381 -0.69825 0.04489 -0.06078 0.71185
1540820263.886639118 -0.00901 -0.00390 0.00381 -0.69825 0.04492 -0.06089 0.71184
1540820264.018199205 -0.00900 -0.00389 0.00383 -0.69826 0.04490 -0.06083 0.71184
1540820264.105905056 -0.00895 -0.00393 0.00382 -0.69822 0.04482 -0.06063 0.71190
1540820264.237465143 -0.00898 -0.00392 0.00381 -0.69819 0.04486 -0.06078 0.71192
1540820264.325171232 -0.00900 -0.00391 0.00382 -0.69822 0.04480 -0.06085 0.71188
1540820264.412877083 -0.00901 -0.00390 0.00384 -0.69823 0.04488 -0.06090 0.71186
1540820264.500584126 -0.00899 -0.00393 0.00383 -0.69818 0.04475 -0.06083 0.71193
1540820264.588290215 -0.00898 -0.00392 0.00383 -0.69819 0.04485 -0.06071 0.71192
1540820264.719849110 -0.00901 -0.00389 0.00385 -0.69819 0.04479 -0.06096 0.71191
1540820264.807556152 -0.00894 -0.00391 0.00385 -0.69816 0.04485 -0.06070 0.71195
1540820264.939115047 -0.00898 -0.00388 0.00389 -0.69817 0.04485 -0.06090 0.71192
1540820265.026821136 -0.00896 -0.00392 0.00386 -0.69810 0.04471 -0.06092 0.71200
1540820265.114527225 -0.00895 -0.00390 0.00391 -0.69822 0.04469 -0.06100 0.71188
1540820265.202234030 -0.00897 -0.00394 0.00390 -0.69802 0.04467 -0.06109 0.71207
1540820265.289940119 -0.00897 -0.00393 0.00390 -0.69799 0.04461 -0.06118 0.71210
1540820265.421500206 -0.00891 -0.00392 0.00394 -0.69800 0.04453 -0.06119 0.71208
1540820265.509206057 -0.00897 -0.00393 0.00397 -0.69797 0.04450 -0.06146 0.71210
1540820265.640766144 -0.00899 -0.00390 0.00401 -0.69797 0.04445 -0.06182 0.71206
1540820265.728472233 -0.00895 -0.00391 0.00405 -0.69807 0.04429 -0.06170 0.71199
1540820265.816178083 -0.00896 -0.00397 0.00406 -0.69798 0.04440 -0.06199 0.71204
1540820265.903885126 -0.00889 -0.00396 0.00408 -0.69788 0.04415 -0.06167 0.71219
1540820265.991591215 -0.00897 -0.00391 0.00410 -0.69809 0.04430 -0.06191 0.71196
1540820266.123150110 -0.00895 -0.00394 0.00415 -0.69808 0.04414 -0.06200 0.71197
1540820266.210857153 -0.00901 -0.00402 0.00413 -0.69820 0.04381 -0.06218 0.71185
1540820266.342416048 -0.00923 -0.00304 0.00466 -0.69943 0.04381 -0.06255 0.71061
1540820266.430122137 -0.00911 -0.00295 0.00473 -0.69936 0.04445 -0.06221 0.71067
1540820266.517828226 -0.00915 -0.00299 0.00483 -0.70018 0.04410 -0.06274 0.70983
1540820266.605535030 -0.00950 -0.00263 0.00534 -0.70218 0.04267 -0.06474 0.70777
1540820266.693241119 -0.01041 -0.00081 0.00639 -0.70576 0.04265 -0.06566 0.70411
1540820266.824801207 -0.01312 0.00725 0.01702 -0.70665 0.03989 -0.07119 0.70284
1540820266.912507057 -0.01673 0.01560 0.03480 -0.70562 0.04126 -0.07061 0.70386
1540820267.044067144 -0.02550 0.03113 0.07584 -0.70638 0.04495 -0.06518 0.70340
1540820267.131773233 -0.03351 0.04313 0.11269 -0.70688 0.04639 -0.05054 0.70399
1540820267.219479084 -0.04143 0.05643 0.15209 -0.71761 0.05292 -0.02451 0.69399
1540820267.307186127 -0.04518 0.07325 0.19448 -0.73468 0.05961 0.00439 0.67577
1540820267.394892216 -0.03643 0.09760 0.24633 -0.73908 0.05578 0.01730 0.67108
1540820267.526451111 0.00015 0.14987 0.33079 -0.74332 0.04695 0.01724 0.66707
1540820267.614158154 0.03702 0.19695 0.39120 -0.74305 0.03688 0.00991 0.66815
1540820267.745717049 0.10416 0.28539 0.49146 -0.74313 0.01481 -0.00393 0.66897
1540820267.833423138 0.15154 0.35650 0.56410 -0.74441 -0.00036 -0.00493 0.66770
1540820267.921130180 0.19884 0.43738 0.64017 -0.74496 -0.02000 -0.00785 0.66676
1540820268.008836031 0.24452 0.52744 0.71898 -0.74348 -0.04174 -0.01414 0.66731
1540820268.096542120 0.28408 0.62536 0.79725 -0.74857 -0.05711 -0.01244 0.66047
1540820268.228102207 0.32854 0.79264 0.91525 -0.76256 -0.07986 -0.00331 0.64196
1540820268.315808058 0.34820 0.92014 0.99394 -0.77270 -0.09616 0.00801 0.62739
1540820268.447368145 0.35926 1.13653 1.10044 -0.80100 -0.11663 0.03276 0.58628
1540820268.535074234 0.35611 1.30355 1.16077 -0.82505 -0.12106 0.05643 0.54905
1540820268.622780085 0.34953 1.50017 1.21513 -0.83821 -0.13244 0.07499 0.52367
1540820268.710487127 0.33811 1.72833 1.26085 -0.84309 -0.14547 0.08919 0.50998
1540820268.798193216 0.31727 1.98946 1.29880 -0.83676 -0.16557 0.10311 0.51165
1540820268.929752111 0.26363 2.43576 1.34278 -0.82045 -0.21904 0.11381 0.51569
1540820269.017459154 0.21090 2.76684 1.36556 -0.80533 -0.26099 0.11821 0.51900
1540820269.149018049 0.08817 3.30098 1.38912 -0.77056 -0.33195 0.12370 0.52985
1540820269.236724138 -0.02255 3.67417 1.39787 -0.74514 -0.37896 0.12896 0.53341
1540820269.324431181 -0.16286 4.05296 1.40124 -0.71597 -0.42605 0.13647 0.53595
1540820269.412129164 -0.33248 4.43275 1.40047 -0.68261 -0.47373 0.14512 0.53718
1540820269.499739170 -0.53995 4.80402 1.39724 -0.64575 -0.52180 0.15706 0.53485
1540820269.630745173 -0.92597 5.32072 1.38629 -0.57970 -0.59532 0.17609 0.52776
1540820269.717762232 -1.22645 5.63366 1.37605 -0.52618 -0.64636 0.18910 0.51922
1540820269.847883224 -1.74196 6.02418 1.35347 0.44107 0.71416 -0.21860 -0.49765
1540820269.934425116 -2.12098 6.22356 1.33280 0.38451 0.74903 -0.25269 -0.47672
1540820270.020625114 -2.51615 6.37436 1.31001 0.31749 0.77545 -0.29587 -0.45863
1540820270.148717165 -3.12056 6.48902 1.27292 0.19362 0.80545 -0.34305 -0.44280
1540820270.233029127 -3.51210 6.49464 1.24418 0.12582 0.81514 -0.36519 -0.43169
1540820270.316589117 -3.88431 6.44268 1.20749 0.07702 0.82085 -0.38528 -0.41453
1540820270.440864086 -4.39105 6.27233 1.13692 0.03959 0.83052 -0.41132 -0.37348
1540820270.523319244 -4.69075 6.11151 1.08440 0.06811 0.84143 -0.42793 -0.32286
1540820270.647051096 -5.11084 5.75574 0.99861 0.14126 0.84275 -0.46456 -0.23239
1540820270.729716063 -5.39086 5.47542 0.94635 0.18293 0.83749 -0.48341 -0.17735
1540820270.812437057 -5.67320 5.16226 0.89963 0.19783 0.83422 -0.49584 -0.13814
1540820270.936723232 -6.13105 4.64284 0.83733 0.16522 0.83966 -0.50459 -0.11427
1540820271.019984245 -6.45513 4.26729 0.80145 0.14504 0.84363 -0.50707 -0.10069
1540820271.145910025 -6.95566 3.64999 0.74772 0.10966 0.84862 -0.50719 -0.10287
1540820271.230662107 -7.28910 3.20119 0.71066 0.08908 0.85002 -0.50565 -0.11771
1540820271.315877199 -7.62182 2.72675 0.66824 0.06421 0.85134 -0.50182 -0.13881
1540820271.401109219 -7.94500 2.22663 0.61527 0.05761 0.85042 -0.50119 -0.14924
1540820271.528123140 -8.41266 1.43730 0.52040 0.09113 0.84494 -0.50798 -0.14044
1540820271.611951113 -8.71654 0.89107 0.45188 0.13883 0.83802 -0.51375 -0.12047
1540820271.695093155 -9.02296 0.33078 0.37990 0.18737 0.82799 -0.51842 -0.10279
1540820271.819133043 -9.49534 -0.53015 0.25996 0.22283 0.81909 -0.52068 -0.09131
1540820271.943319082 -9.99308 -1.41905 0.11822 0.18696 0.82682 -0.51682 -0.11960
1540820272.026289225 -10.34112 -2.03203 0.02023 0.16174 0.83098 -0.51432 -0.13710
1540820272.109403133 -10.69217 -2.66760 -0.07586 0.15453 0.82916 -0.52007 -0.13471
1540820272.234691143 -11.23564 -3.67228 -0.17962 0.13351 0.80012 -0.57179 -0.12262
1540820272.318767071 -11.59586 -4.36754 -0.20684 0.11383 0.77939 -0.60623 -0.10990
1540820272.443940163 -12.13549 -5.41274 -0.18050 0.07749 0.76418 -0.63450 -0.08619
1540820272.525784016 -12.48273 -6.09664 -0.12432 0.04329 0.76322 -0.64048 -0.07354
1540820272.606131077 -12.81931 -6.76380 -0.05074 -0.00200 0.76153 -0.64537 -0.05970
1540820272.724284172 -13.28819 -7.74755 0.06645 -0.09983 0.75050 -0.65064 -0.05878
1540820272.802405119 -13.58360 -8.39142 0.14937 -0.18221 0.73276 -0.65066 -0.08059
1540820272.920085192 -13.95660 -9.34982 0.28744 -0.30288 0.68822 -0.65028 -0.10842
1540820273.039157152 -14.21451 -10.27587 0.45059 0.40832 -0.63244 0.65044 0.10109
1540820273.119458199 -14.30326 -10.85278 0.57435 0.46311 -0.60237 0.64561 0.07655
1540820273.241552114 -14.32061 -11.64790 0.76868 0.54135 -0.55994 0.62651 0.02979
1540820273.324237108 -14.22804 -12.09932 0.90811 0.58301 -0.54296 0.60430 -0.01060
1540820273.408031225 -14.10147 -12.51134 1.02489 0.62336 -0.53886 0.56243 -0.06870
1540820273.536084175 -13.86816 -13.09917 1.12426 0.68854 -0.52199 0.47337 -0.17134
1540820273.623216152 -13.62390 -13.40197 1.18294 0.73075 -0.47948 0.42380 -0.23770
1540820273.754776239 -13.25293 -13.86242 1.21061 0.78725 -0.37725 0.38299 -0.30207
1540820273.842482090 -12.94334 -14.08352 1.20794 0.81615 -0.30506 0.36812 -0.32453
1540820273.930189133 -12.58321 -14.20454 1.18175 0.83445 -0.25395 0.34956 -0.34208
1540820274.017895222 -12.28728 -14.35762 1.11443 0.84025 -0.23997 0.31958 -0.36641
1540820274.105602026 -11.90249 -14.35966 1.02581 0.83647 -0.24352 0.29572 -0.39189
1540820274.237161160 -11.39980 -14.41133 0.83985 0.82403 -0.26643 0.26710 -0.42267
1540820274.324867249 -11.06798 -14.40334 0.69504 0.82414 -0.25221 0.26515 -0.43229
1540820274.456426144 -10.57267 -14.40408 0.43934 0.82997 -0.23300 0.26559 -0.43165
1540820274.544133186 -10.23025 -14.36018 0.26031 0.83416 -0.21458 0.26784 -0.43173
1540820274.631839037 -9.88518 -14.26164 0.08167 0.83508 -0.21497 0.25716 -0.43624
1540820274.719545126 -9.53748 -14.11468 -0.09212 0.83116 -0.23743 0.22749 -0.44839
1540820274.807252169 -9.18203 -13.91992 -0.24816 0.83119 -0.23413 0.21025 -0.45837
1540820274.938811064 -8.61125 -13.56420 -0.44205 0.83684 -0.20694 0.19745 -0.46678
1540820275.026517153 -8.21646 -13.27445 -0.54280 0.83887 -0.17574 0.19856 -0.47539
1540820275.158077240 -7.61968 -12.76625 -0.66081 0.84092 -0.13827 0.19723 -0.48460
1540820275.245784044 -7.22776 -12.37693 -0.71309 0.84155 -0.09708 0.21097 -0.48771
1540820275.333490133 -6.84830 -11.95086 -0.74936 0.84411 -0.08263 0.21333 -0.48491
1540820275.421196222 -6.48199 -11.48700 -0.77661 0.84529 -0.09536 0.19882 -0.48668
1540820275.508903027 -6.12553 -10.98974 -0.79125 0.84433 -0.09356 0.19353 -0.49082
1540820275.640462160 -5.61281 -10.18355 -0.80162 0.84321 -0.11276 0.17565 -0.49541
1540820275.728168249 -5.28610 -9.61240 -0.81151 -0.83638 0.16272 -0.11768 0.51004
1540820275.859727144 -4.76598 -8.70279 -0.78015 -0.81203 0.16071 -0.07572 0.55592
1540820275.947434187 -4.40037 -8.07481 -0.71791 -0.80469 0.14590 -0.07507 0.57057
1540820276.035140038 -4.02647 -7.43619 -0.62852 -0.79225 0.15306 -0.06875 0.58667
1540820276.122846127 -3.64739 -6.78935 -0.52051 -0.78291 0.16108 -0.06782 0.59708
1540820276.210553169 -3.25644 -6.13785 -0.40193 -0.77753 0.16000 -0.07481 0.60353
1540820276.342045069 -2.66463 -5.15761 -0.23827 -0.78393 0.07627 -0.07379 0.61171
1540820276.429398060 -2.27020 -4.50461 -0.14560 -0.77803 -0.04051 -0.10095 0.61874
1540820276.559515238 -1.74791 -3.52693 -0.00084 -0.74490 -0.23656 -0.15233 0.60494
1540820276.645751238 -1.47431 -2.88067 0.09753 -0.71387 -0.34924 -0.17264 0.58190
1540820276.732015133 -1.28540 -2.24148 0.19053 -0.68194 -0.43566 -0.18491 0.55765
1540820276.861823082 -1.13612 -1.31810 0.29925 -0.69789 -0.45986 -0.13405 0.53245
1540820276.948686123 -1.15464 -0.71882 0.36760 -0.71966 -0.44536 -0.06872 0.52824
1540820277.035878181 -1.26011 -0.12982 0.44513 -0.73522 -0.43536 -0.00345 0.51952
1540820277.123359203 -1.42003 0.45126 0.52181 -0.73864 -0.44993 0.03995 0.50038
1540820277.211044073 -1.62602 1.02998 0.58693 0.71616 0.49480 -0.06219 -0.48829
1540820277.342598200 -2.02157 1.86806 0.66626 0.65586 0.56514 -0.10986 -0.48826
1540820277.430200100 -2.33641 2.40195 0.69319 0.61053 0.60699 -0.15440 -0.48475
1540820277.561053038 -2.86684 3.14370 0.70277 0.50875 0.68671 -0.21955 -0.47053
1540820277.647608042 -3.25354 3.58094 0.70604 0.39581 0.75138 -0.25287 -0.46349
1540820277.733288050 -3.66082 3.93757 0.71369 0.27324 0.80333 -0.28345 -0.44683
1540820277.817960024 -4.06138 4.22281 0.71939 0.16066 0.84047 -0.31257 -0.41243
1540820277.943548203 -4.63442 4.46199 0.73627 0.00629 0.87188 -0.33912 -0.35324
1540820278.026989222 -4.97575 4.51548 0.74155 -0.05752 0.88540 -0.34313 -0.30825
1540820278.152626038 -5.40445 4.44570 0.74137 -0.07044 0.89765 -0.36720 -0.23329
1540820278.236940145 -5.65329 4.32447 0.73409 -0.07606 0.89395 -0.38751 -0.21193
1540820278.321713209 -5.88108 4.16582 0.72005 -0.07482 0.89483 -0.38751 -0.20858
1540820278.449527025 -6.17414 3.82200 0.66685 -0.04991 0.89239 -0.39999 -0.20286
1540820278.535117149 -6.34905 3.53682 0.61246 -0.00850 0.89026 -0.41412 -0.18942
1540820278.621091127 -6.52269 3.21579 0.53689 0.00576 0.88816 -0.41732 -0.19232
1540820278.750964165 -6.73218 2.64498 0.39975 0.08742 0.87919 -0.43695 -0.16872
1540820278.838140249 -6.86839 2.21837 0.29538 0.17961 0.86416 -0.45350 -0.12371
1540820278.925655127 -7.01819 1.75578 0.18295 0.24739 0.84635 -0.46353 -0.08732
1540820279.013328075 -7.19388 1.26846 0.06818 0.29173 0.83007 -0.47118 -0.06213
1540820279.100992203 -7.41242 0.76376 -0.04944 0.30018 0.82527 -0.47495 -0.05693
1540820279.231880188 -7.80484 -0.02309 -0.22014 0.29339 0.82607 -0.47711 -0.06239
1540820279.318514109 -8.10864 -0.56849 -0.32381 0.29705 0.82436 -0.47715 -0.06727
1540820279.447666168 -8.63033 -1.41559 -0.46094 0.30375 0.81970 -0.48085 -0.06789
1540820279.533573151 -9.01707 -1.99664 -0.55060 0.27164 0.82362 -0.48909 -0.09297
1540820279.619669199 -9.42944 -2.59567 -0.63482 0.24605 0.81828 -0.50626 -0.11651
1540820279.749098063 -10.08837 -3.53852 -0.69655 0.23424 0.77785 -0.56682 -0.13710
1540820279.835352182 -10.54692 -4.17887 -0.68443 0.21467 0.76422 -0.59028 -0.14643
1540820279.921438217 -11.01030 -4.82068 -0.64713 0.16734 0.76641 -0.59975 -0.15780
1540820280.048876047 -11.68248 -5.77888 -0.57345 0.06590 0.77770 -0.60360 -0.16279
1540820280.131672144 -12.09914 -6.41010 -0.49902 -0.01351 0.77646 -0.60610 -0.17200
1540820280.212616205 -12.47534 -7.03413 -0.39867 -0.08470 0.76986 -0.60764 -0.17583
1540820280.331141233 -12.93736 -7.96293 -0.20068 -0.18171 0.75412 -0.61103 -0.15787
1540820280.409167051 -13.17535 -8.57630 -0.04335 -0.25924 0.73744 -0.60762 -0.14059
1540820280.526426077 -13.43421 -9.47690 0.20975 -0.40370 0.68512 -0.59522 -0.11554
1540820280.645275116 -13.51534 -10.34064 0.48870 -0.54242 0.60292 -0.58225 -0.05702
1540820280.725782156 -13.48909 -10.87539 0.67099 0.62120 -0.55223 0.55551 0.02377
1540820280.848794222 -13.34163 -11.59444 0.91336 0.72215 -0.46756 0.50705 -0.05271
1540820280.932500124 -13.18685 -12.01601 1.04719 0.77105 -0.40659 0.47860 -0.10543
1540820281.017525196 -12.99829 -12.37728 1.15833 0.80846 -0.35896 0.44015 -0.15430
1540820281.147268057 -12.66087 -12.82557 1.27447 0.83743 -0.32556 0.37417 -0.22959
1540820281.234884024 -12.40777 -13.07862 1.31269 0.84312 -0.31535 0.33769 -0.27508
1540820281.322590113 -12.13774 -13.27836 1.31578 0.84875 -0.30530 0.30786 -0.30272
1540820281.454149246 -11.70310 -13.51299 1.26017 0.85138 -0.28361 0.27743 -0.34316
1540820281.541856050 -11.39407 -13.63067 1.18330 0.85171 -0.26633 0.26639 -0.36426
1540820281.629562140 -11.07511 -13.71435 1.07682 0.85450 -0.26143 0.25706 -0.36797
1540820281.717268229 -10.73873 -13.77113 0.94002 0.85537 -0.25644 0.24992 -0.37433
1540820281.804975033 -10.39140 -13.80284 0.78238 0.85554 -0.23987 0.25100 -0.38407
1540820281.936534166 -9.86555 -13.75187 0.50845 0.86050 -0.20589 0.25237 -0.39174
1540820282.024240017 -9.51039 -13.65578 0.31445 0.86050 -0.19086 0.24567 -0.40343
1540820282.155800104 -8.97414 -13.41438 0.02059 0.85836 -0.17627 0.23478 -0.42074
1540820282.243507147 -8.61360 -13.19666 -0.16840 0.84890 -0.18527 0.22292 -0.44198
1540820282.331212044 -8.25296 -12.92339 -0.33749 0.83639 -0.20557 0.20716 -0.46398
1540820282.418919086 -7.88043 -12.60890 -0.47695 0.83053 -0.19030 0.21208 -0.47857
1540820282.506625175 -7.50317 -12.25226 -0.58439 0.82931 -0.16504 0.22225 -0.48539
1540820282.638185024 -6.93711 -11.64246 -0.69077 0.83384 -0.14201 0.22527 -0.48353
1540820282.725891113 -6.56776 -11.18126 -0.72806 0.83730 -0.13450 0.21952 -0.48233
1540820282.857450247 -6.02409 -10.43135 -0.77619 0.83701 -0.17763 0.16697 -0.48988
1540820282.945157051 -5.66003 -9.89498 -0.80671 -0.83047 0.20169 -0.13618 0.50109
1540820283.032863140 -5.27834 -9.33779 -0.82210 -0.81778 0.20784 -0.12143 0.52278
1540820283.120570183 -4.87916 -8.75725 -0.81109 -0.79908 0.20308 -0.12411 0.55211
1540820283.208276033 -4.47014 -8.15964 -0.77193 -0.78625 0.18634 -0.12317 0.57612
1540820283.339835167 -3.85207 -7.24455 -0.67710 -0.77401 0.07380 -0.14159 0.61271
1540820283.427541018 -3.45699 -6.62966 -0.61300 -0.76769 -0.02020 -0.15908 0.62044
1540820283.559000015 -2.91943 -5.70457 -0.51411 -0.75987 -0.14015 -0.16661 0.61254
1540820283.646685123 -2.61943 -5.08473 -0.43994 -0.76638 -0.16958 -0.14156 0.60322
1540820283.734391212 -2.37231 -4.45997 -0.35374 -0.77280 -0.18951 -0.10976 0.59566
1540820283.822056055 -2.16782 -3.83092 -0.25812 -0.77498 -0.21530 -0.08270 0.58840
1540820283.909612179 -2.01179 -3.19751 -0.15265 -0.77395 -0.23605 -0.05462 0.58506
1540820284.040747166 -1.83615 -2.24962 -0.00175 -0.77695 -0.24132 0.02496 0.58094
1540820284.127884150 -1.75165 -1.62136 0.07954 -0.77504 -0.25196 0.06931 0.57534
1540820284.257599115 -1.65811 -0.68505 0.16721 -0.74704 -0.31452 0.09044 0.57864
1540820284.343327045 -1.64079 -0.07109 0.20312 -0.72035 -0.37433 0.09064 0.57684
1540820284.428534031 -1.62959 0.53257 0.22099 -0.69128 -0.42886 0.09426 0.57387
1540820284.555427074 -1.68691 1.39715 0.23496 -0.63990 -0.50621 0.11273 0.56707
1540820284.639447212 -1.78156 1.93609 0.23496 -0.60259 -0.55532 0.13105 0.55797
1540820284.723111153 -1.90571 2.44228 0.22620 -0.56899 -0.59864 0.15511 0.54206
1540820284.848137140 -2.14443 3.14064 0.20113 -0.49711 -0.66935 0.19190 0.51771
1540820284.931299210 -2.34467 3.55522 0.17781 -0.43476 -0.71600 0.21381 0.50260
1540820285.055816174 -2.68644 4.08077 0.12778 0.34618 0.77322 -0.25719 -0.46492
1540820285.138694048 -2.94704 4.35099 0.08969 0.28286 0.80313 -0.29191 -0.43562
1540820285.221549034 -3.21777 4.55280 0.04876 0.22721 0.82431 -0.32565 -0.40354
1540820285.345997095 -3.62010 4.73445 -0.01257 0.17840 0.83661 -0.38535 -0.34607
1540820285.429200172 -3.88555 4.77711 -0.04483 0.14610 0.83449 -0.43193 -0.30940
1540820285.554323196 -4.26708 4.75000 -0.07853 0.10028 0.83716 -0.47124 -0.25890
1540820285.637882233 -4.50862 4.69181 -0.08481 0.05467 0.83947 -0.48179 -0.24533
1540820285.721561193 -4.73292 4.58823 -0.08044 0.01673 0.84070 -0.48367 -0.24293
1540820285.847474098 -5.03539 4.35451 -0.07344 0.01902 0.84407 -0.48373 -0.23062
1540820285.931718111 -5.21381 4.15044 -0.06952 0.04402 0.84310 -0.49020 -0.21667
1540820286.058265209 -5.46099 3.78155 -0.06399 0.07767 0.83974 -0.49698 -0.20449
1540820286.142618179 -5.61630 3.49631 -0.05733 0.11519 0.83396 -0.50119 -0.20010
1540820286.227107048 -5.77040 3.18508 -0.05369 0.18561 0.82598 -0.50399 -0.17116
1540820286.354047060 -6.02410 2.67329 -0.05218 0.25751 0.81608 -0.50111 -0.12878
1540820286.439003229 -6.21925 2.30741 -0.05429 0.28885 0.80663 -0.50411 -0.10857
1540820286.524480104 -6.43995 1.92614 -0.06198 0.31051 0.79714 -0.50905 -0.09493
1540820286.610410213 -6.68689 1.53210 -0.07575 0.31318 0.79434 -0.51198 -0.09394
1540820286.696458101 -6.96123 1.12942 -0.09656 0.30821 0.79564 -0.51221 -0.09800
1540820286.824920177 -7.41598 0.51438 -0.15082 0.28726 0.80113 -0.51229 -0.11501
1540820286.952156067 -7.90652 -0.11506 -0.23476 0.23146 0.81049 -0.51410 -0.15885
1540820287.036271095 -8.23872 -0.55091 -0.30419 0.19825 0.81618 -0.51018 -0.18511
1540820287.119833231 -8.57116 -0.99943 -0.37839 0.17926 0.81989 -0.50521 -0.20100
1540820287.244371176 -9.06924 -1.70635 -0.48379 0.18475 0.81722 -0.50757 -0.20097
1540820287.327038050 -9.39855 -2.20377 -0.54736 0.20409 0.81156 -0.51371 -0.18925
1540820287.450647116 -9.90027 -2.97901 -0.63003 0.20715 0.80942 -0.51862 -0.18155
1540820287.532992125 -10.24224 -3.51922 -0.66830 0.19780 0.80942 -0.52349 -0.17800
1540820287.615607023 -10.59151 -4.08330 -0.67845 0.18537 0.80378 -0.53835 -0.17249
1540820287.739998102 -11.12191 -4.97316 -0.62721 0.13127 0.79923 -0.56637 -0.15239
1540820287.822382212 -11.46168 -5.59103 -0.54452 0.05891 0.79202 -0.59213 -0.13643
1540820287.943506241 -11.92934 -6.51661 -0.34491 -0.06844 0.76474 -0.63048 -0.11396
1540820288.022456169 -12.19227 -7.12212 -0.16264 -0.15582 0.73557 -0.65087 -0.10501
1540820288.139173031 -12.50470 -7.99780 0.15702 -0.28582 0.68300 -0.66231 -0.11475
1540820288.216943026 -12.65795 -8.55891 0.37429 0.36551 -0.64755 0.65708 0.12380
1540820288.334585190 -12.80410 -9.36507 0.67392 0.45403 -0.60624 0.64334 0.11159
1540820288.413876057 -12.83228 -9.86809 0.85363 0.52254 -0.56455 0.63108 0.09989
1540820288.534391165 -12.79563 -10.56285 1.08148 0.62235 -0.49247 0.60326 0.07901
1540820288.615946054 -12.67373 -10.94602 1.20646 0.66397 -0.47972 0.57274 0.03147
1540820288.698681116 -12.52626 -11.29928 1.30088 0.70686 -0.47005 0.52745 -0.03467
1540820288.825471163 -12.24259 -11.75071 1.39418 0.77940 -0.45003 0.41825 -0.12280
1540820288.955532074 -11.85839 -12.09727 1.43004 0.82973 -0.42742 0.28299 -0.22088
1540820289.043239117 -11.53794 -12.27359 1.44030 0.84625 -0.39348 0.21928 -0.28453
1540820289.130945206 -11.16629 -12.39961 1.43643 0.85747 -0.35306 0.18186 -0.32713
1540820289.218651056 -10.75775 -12.49822 1.41934 0.86550 -0.30466 0.17222 -0.35838
1540820289.306358099 -10.32866 -12.56800 1.38658 0.86328 -0.26785 0.18185 -0.38722
1540820289.437917233 -9.65618 -12.58736 1.29747 0.84697 -0.23864 0.21078 -0.42575
1540820289.525623083 -9.19847 -12.56675 1.20219 0.85072 -0.19582 0.24333 -0.42276
1540820289.657183170 -8.51640 -12.47797 1.00468 0.85505 -0.12306 0.29790 -0.40620
1540820289.744890213 -8.07333 -12.37195 0.84303 0.85466 -0.08975 0.32268 -0.39671
1540820289.832596064 -7.65055 -12.20606 0.67653 0.85223 -0.07254 0.33617 -0.39424
1540820289.920302153 -7.26043 -11.96482 0.51394 0.85092 -0.07936 0.33603 -0.39587
1540820290.008008242 -6.89305 -11.66107 0.36344 0.84947 -0.08470 0.33384 -0.39973
1540820290.139568090 -6.37397 -11.09549 0.16449 0.84936 -0.09008 0.32611 -0.40511
1540820290.227274179 -6.05571 -10.64961 0.03786 0.85367 -0.11557 0.28429 -0.42080
1540820290.358833075 -5.60165 -9.88689 -0.15188 0.85936 -0.15500 0.17353 -0.45537
1540820290.446540117 -5.29401 -9.33326 -0.26557 0.85698 -0.17217 0.12604 -0.46910
1540820290.534246206 -4.96251 -8.74463 -0.35473 0.84505 -0.20044 0.09358 -0.48678
1540820290.621953249 -4.61177 -8.11949 -0.40931 -0.83096 0.21572 -0.07945 0.50661
1540820290.709659100 -4.23421 -7.46758 -0.43045 -0.82515 0.21168 -0.08155 0.51737
1540820290.841218233 -3.63109 -6.45110 -0.42121 -0.83322 0.15310 -0.08347 0.52473
1540820290.928924084 -3.22505 -5.74735 -0.39991 -0.83558 0.07321 -0.07772 0.53890
1540820291.060484171 -2.62752 -4.66541 -0.37263 -0.82479 -0.09193 -0.08609 0.55123
1540820291.148191214 -2.24000 -3.93021 -0.34469 -0.79439 -0.20367 -0.09357 0.56454
1540820291.235897064 -1.92637 -3.18315 -0.29554 -0.76043 -0.28813 -0.08700 0.57547
1540820291.323598146 -1.68179 -2.43948 -0.23486 -0.73678 -0.34787 -0.07779 0.57453
1540820291.411262035 -1.50352 -1.70728 -0.17900 -0.72759 -0.39234 -0.05921 0.55962
1540820291.542521238 -1.32937 -0.63442 -0.12972 -0.73065 -0.42935 -0.01460 0.53066
1540820291.629758120 -1.27592 0.06484 -0.11896 -0.72896 -0.44245 0.03016 0.52149
1540820291.760362148 -1.29726 1.09418 -0.11282 -0.70538 -0.45581 0.10351 0.53288
1540820291.847320080 -1.37416 1.76286 -0.09722 -0.67893 -0.46663 0.14255 0.54862
1540820291.933899164 -1.48926 2.40938 -0.07176 -0.65596 -0.48029 0.17475 0.55543
1540820292.019749165 -1.63258 3.03242 -0.04670 -0.61565 -0.52182 0.20269 0.55461
1540820292.146978140 -1.90068 3.89679 -0.02514 -0.46757 -0.64716 0.21030 0.56422
1540820292.230784178 -2.10582 4.40549 -0.02286 -0.35115 -0.72033 0.21690 0.55747
1540820292.355206251 -2.43193 5.02131 -0.04262 -0.21685 -0.79254 0.24820 0.51308
1540820292.437560081 -2.64055 5.33949 -0.07677 0.17289 0.82480 -0.27515 -0.46272
1540820292.519836187 -2.85495 5.57045 -0.12607 0.15452 0.84907 -0.30473 -0.40292
1540820292.643962145 -3.18374 5.77838 -0.21789 0.11726 0.86733 -0.35432 -0.32930
1540820292.727553129 -3.42316 5.79059 -0.27756 0.10298 0.86293 -0.39893 -0.29257
1540820292.854253054 -3.72788 5.76181 -0.36351 0.12014 0.84234 -0.46991 -0.23498
1540820292.939317226 -3.92107 5.65041 -0.39767 0.15720 0.82206 -0.50989 -0.19878
1540820293.024486065 -4.11561 5.53396 -0.40969 0.24086 0.79211 -0.54414 -0.13591
1540820293.109440088 -4.32909 5.41698 -0.40466 0.26909 0.77807 -0.55784 -0.10495
1540820293.236459017 -4.70070 5.20507 -0.36737 0.21678 0.79275 -0.55278 -0.13776
1540820293.321007013 -4.96964 5.04211 -0.32451 0.15620 0.80658 -0.53901 -0.18573
1540820293.405425072 -5.23864 4.85389 -0.28180 0.11752 0.81150 -0.52800 -0.22107
1540820293.489532232 -5.49526 4.64517 -0.24531 0.10675 0.81461 -0.51837 -0.23729
1540820293.614964247 -5.87114 4.30505 -0.21503 0.11208 0.82170 -0.50266 -0.24409
1540820293.698285103 -6.10206 4.04319 -0.20871 0.11970 0.82746 -0.49230 -0.24213
1540820293.781513214 -6.32340 3.75385 -0.21672 0.12242 0.83589 -0.47991 -0.23663
1540820293.906495094 -6.65123 3.26858 -0.23471 0.12353 0.83446 -0.49027 -0.21921
1540820293.990098238 -6.86792 2.91127 -0.25030 0.15054 0.83199 -0.50347 -0.17789
1540820294.074004173 -7.08381 2.52704 -0.26280 0.17597 0.82652 -0.51868 -0.12988
1540820294.158073187 -7.31367 2.12362 -0.27416 0.20404 0.81928 -0.52761 -0.09367
1540820294.283941031 -7.69196 1.49155 -0.29155 0.18829 0.82167 -0.52919 -0.09677
1540820294.367400169 -7.95629 1.05378 -0.30355 0.17694 0.82331 -0.52914 -0.10424
1540820294.450321198 -8.22560 0.60206 -0.32287 0.16122 0.82466 -0.52945 -0.11674
1540820294.573657036 -8.64344 -0.09697 -0.35712 0.12084 0.82008 -0.54017 -0.14521
1540820294.655371189 -8.92045 -0.57569 -0.39147 0.09908 0.81676 -0.54588 -0.15840
1540820294.736818075 -9.18975 -1.06544 -0.43527 0.09613 0.81347 -0.55020 -0.16220
1540820294.858586073 -9.58408 -1.82859 -0.48919 0.09501 0.79831 -0.57164 -0.16399
1540820294.939531088 -9.83794 -2.35077 -0.51632 0.09381 0.79526 -0.57665 -0.16199
1540820295.020423174 -10.08319 -2.88335 -0.54187 0.09477 0.79652 -0.57723 -0.15294
1540820295.142221212 -10.43592 -3.70608 -0.57195 0.07872 0.79290 -0.58825 -0.13813
1540820295.223692179 -10.66318 -4.26978 -0.58011 0.05369 0.78848 -0.59825 -0.13233
1540820295.304867029 -10.88010 -4.84019 -0.57592 0.03079 0.78506 -0.60650 -0.12202
1540820295.425041199 -11.18091 -5.69739 -0.53888 -0.00264 0.77858 -0.61960 -0.09953
1540820295.503967047 -11.35507 -6.26879 -0.48752 -0.05796 0.76232 -0.63693 -0.09908
1540820295.620557070 -11.57549 -7.11533 -0.38032 -0.16850 0.72683 -0.65951 -0.09152
1540820295.697418213 -11.68020 -7.66443 -0.29318 -0.23323 0.70178 -0.66812 -0.08198
1540820295.812821150 -11.77309 -8.46046 -0.13291 0.32655 -0.65386 0.67907 0.06857
1540820295.890451193 -11.78328 -8.96376 -0.01051 0.37832 -0.62278 0.68281 0.05286
1540820295.968901157 -11.76134 -9.44974 0.11688 0.41099 -0.60360 0.68275 0.02468
1540820296.088424206 -11.64131 -10.11575 0.33176 0.45166 -0.56561 0.68993 -0.00907
1540820296.169466019 -11.51769 -10.52676 0.48303 0.48124 -0.53940 0.69043 -0.02760
1540820296.251547098 -11.37839 -10.93499 0.61850 0.51957 -0.52537 0.67064 -0.06536
1540820296.376624107 -11.06328 -11.40106 0.78871 0.63867 -0.45344 0.60268 -0.15251
1540820296.461672068 -10.84209 -11.68229 0.85548 0.74198 -0.34201 0.54498 -0.18839
1540820296.548357248 -10.61106 -11.93406 0.87678 0.81938 -0.23795 0.47292 -0.21986
1540820296.636012077 -10.38154 -12.15400 0.85308 0.86549 -0.17092 0.39708 -0.25307
1540820296.767572165 -10.04076 -12.38356 0.75169 0.90400 -0.11698 0.29765 -0.28372
1540820296.855278015 -9.81449 -12.45902 0.65460 0.91219 -0.11082 0.25164 -0.30382
1540820296.942985058 -9.58400 -12.45306 0.54200 0.90645 -0.12533 0.22543 -0.33440
1540820297.030691147 -9.34704 -12.37088 0.41680 0.89735 -0.13387 0.22118 -0.35767
1540820297.118397236 -9.10126 -12.23174 0.29254 0.87491 -0.15307 0.23474 -0.39496
1540820297.206104040 -8.85068 -12.03967 0.17908 0.84490 -0.19122 0.24109 -0.43755
1540820297.337663174 -8.46133 -11.66381 0.04040 0.79936 -0.25912 0.23629 -0.48790
1540820297.425369024 -8.19458 -11.36733 -0.03123 -0.76966 0.30706 -0.22367 0.51314
1540820297.513076067 -7.90153 -11.07140 -0.08750 -0.74483 0.34766 -0.20532 0.53122
1540820297.600782156 -7.59311 -10.75941 -0.14304 -0.73852 0.35917 -0.20227 0.53355
1540820297.688488245 -7.26290 -10.44388 -0.20265 -0.73717 0.36577 -0.20194 0.53105
1540820297.776195049 -6.91477 -10.12567 -0.26618 -0.73788 0.36367 -0.20775 0.52926
1540820297.907754183 -6.35455 -9.64013 -0.35404 -0.73413 0.36575 -0.21207 0.53132
1540820297.995460033 -5.96043 -9.30860 -0.40732 -0.73261 0.35943 -0.21003 0.53850
1540820298.083167076 -5.55214 -8.96818 -0.45351 -0.74051 0.31904 -0.21158 0.55235
1540820298.170873165 -5.13022 -8.62160 -0.48579 -0.75132 0.26295 -0.21616 0.56537
1540820298.258579016 -4.70328 -8.26510 -0.49559 -0.76136 0.21284 -0.21321 0.57408
1540820298.390139103 -4.07268 -7.70429 -0.47318 -0.77287 0.17403 -0.17829 0.58360
1540820298.477845192 -3.65518 -7.31249 -0.42951 -0.78004 0.13473 -0.17074 0.58672
1540820298.565551043 -3.24502 -6.90613 -0.36247 -0.78432 0.09208 -0.17133 0.58908
1540820298.653258085 -2.85077 -6.48327 -0.27435 -0.78916 0.04844 -0.16564 0.58945
1540820298.740964174 -2.47748 -6.04292 -0.16515 -0.78893 -0.00694 -0.16679 0.59137
1540820298.828639030 -2.12873 -5.58901 -0.04210 -0.78460 -0.06479 -0.17715 0.59062
1540820298.959943056 -1.67100 -4.88580 0.13851 -0.77641 -0.14686 -0.19297 0.58171
1540820299.047321081 -1.41166 -4.40465 0.24667 -0.77282 -0.18239 -0.19462 0.57585
1540820299.134613037 -1.19863 -3.91609 0.34826 -0.77990 -0.18738 -0.16626 0.57359
1540820299.221853018 -1.04136 -3.41385 0.44658 -0.79050 -0.19757 -0.11925 0.56732
1540820299.309029102 -0.91914 -2.89819 0.54416 -0.79319 -0.23032 -0.08777 0.55686
1540820299.396139145 -0.80873 -2.37815 0.63614 -0.79375 -0.25837 -0.06182 0.54716
1540820299.526945114 -0.74832 -1.58626 0.74721 -0.80728 -0.25106 -0.00445 0.53409
1540820299.614377022 -0.73303 -1.04588 0.80053 -0.82046 -0.21658 0.04524 0.52716
1540820299.701918125 -0.74520 -0.49761 0.83564 -0.82874 -0.18518 0.08471 0.52127
1540820299.789421082 -0.76424 0.06485 0.85145 -0.82521 -0.19140 0.09591 0.52269
1540820299.876873016 -0.79808 0.63828 0.84631 -0.80866 -0.23637 0.08803 0.53146
1540820300.008023024 -0.87844 1.52299 0.82355 -0.75802 -0.33237 0.07108 0.55667
1540820300.095312119 -0.97403 2.10855 0.80562 -0.71520 -0.39915 0.06564 0.56996
1540820300.182362080 -1.11274 2.67581 0.78475 -0.66552 -0.47044 0.06192 0.57613
1540820300.269092083 -1.29414 3.21647 0.75782 -0.61398 -0.53898 0.06820 0.57261
1540820300.355450153 -1.52388 3.71315 0.72632 -0.55969 -0.59860 0.09643 0.56491
1540820300.484102249 -1.93593 4.37489 0.66791 -0.47313 -0.67333 0.15879 0.54549
1540820300.569064140 -2.24297 4.75353 0.62141 -0.41315 -0.71768 0.19824 0.52435
1540820300.653291225 -2.56549 5.07938 0.56924 -0.34449 -0.75431 0.24331 0.50313
1540820300.736826181 -2.90164 5.33877 0.50901 0.26846 0.78656 -0.27890 -0.48111
1540820300.860868216 -3.40304 5.60474 0.39268 0.17463 0.82238 -0.31882 -0.43766
1540820300.942907095 -3.72922 5.69362 0.30341 0.12516 0.82862 -0.37455 -0.39678
1540820301.024645090 -4.03874 5.72302 0.20873 0.07952 0.83685 -0.41079 -0.35301
1540820301.147126198 -4.45888 5.67505 0.05850 0.04064 0.84884 -0.44659 -0.27996
1540820301.229012251 -4.71063 5.57432 -0.03093 0.01929 0.85090 -0.47144 -0.23097
1540820301.311199188 -4.94158 5.41738 -0.10530 0.00469 0.85071 -0.48833 -0.19442
1540820301.435146093 -5.26301 5.14033 -0.20169 0.05746 0.84657 -0.51081 -0.13816
1540820301.518162251 -5.46992 4.91516 -0.24859 0.11983 0.83852 -0.52215 -0.09943
1540820301.601366043 -5.68862 4.65627 -0.27524 0.14050 0.83269 -0.52801 -0.08998
1540820301.684744120 -5.91621 4.36588 -0.27970 0.13600 0.83227 -0.52815 -0.09949
1540820301.810435057 -6.28281 3.87906 -0.26727 0.13461 0.83277 -0.52501 -0.11284
1540820301.894754171 -6.53480 3.52457 -0.25483 0.11061 0.83701 -0.51839 -0.13581
1540820301.979430199 -6.78786 3.14326 -0.25146 0.08090 0.84002 -0.51126 -0.16258
1540820302.064428091 -7.03241 2.73669 -0.25409 0.05557 0.84191 -0.50391 -0.18487
1540820302.192057133 -7.37893 2.07938 -0.26598 0.05788 0.84129 -0.50253 -0.19064
1540820302.276600122 -7.59449 1.61258 -0.27630 0.07988 0.83867 -0.50799 -0.17944
1540820302.360356092 -7.79898 1.12841 -0.29409 0.10952 0.83678 -0.51150 -0.16176
1540820302.443213224 -8.00827 0.63174 -0.32202 0.13016 0.83959 -0.50620 -0.14799
1540820302.566097021 -8.32200 -0.13714 -0.36942 0.12533 0.84404 -0.49921 -0.15060
1540820302.647559166 -8.53209 -0.67290 -0.39899 0.15050 0.83776 -0.50708 -0.13554
1540820302.728925228 -8.74771 -1.23027 -0.42589 0.19381 0.82836 -0.51518 -0.10415
1540820302.851065159 -9.10676 -2.10057 -0.44390 0.20568 0.81190 -0.53917 -0.08839
1540820302.932807207 -9.37174 -2.70063 -0.43545 0.18796 0.80155 -0.55936 -0.09650
1540820303.015011072 -9.64746 -3.31419 -0.41091 0.16728 0.79633 -0.57251 -0.10051
1540820303.139134169 -10.07546 -4.25557 -0.35163 0.13310 0.79462 -0.58482 -0.09409
1540820303.221696138 -10.36673 -4.89174 -0.29648 0.09061 0.78957 -0.59911 -0.09718
1540820303.303289175 -10.64948 -5.52687 -0.22982 0.03955 0.78137 -0.61409 -0.10391
1540820303.423098087 -11.04161 -6.46549 -0.10888 -0.06210 0.75896 -0.63626 -0.12364
1540820303.501187086 -11.27153 -7.07600 -0.01098 -0.14171 0.73346 -0.64962 -0.14120
1540820303.617111206 -11.53731 -7.97070 0.15849 -0.25398 0.68181 -0.66859 -0.15364
1540820303.694524050 -11.65130 -8.54869 0.28208 0.32225 -0.64224 0.67935 0.14889
1540820303.811655045 -11.72193 -9.37179 0.47274 0.41837 -0.58578 0.68343 0.12144
1540820303.890527248 -11.69050 -9.87080 0.60322 0.47522 -0.54879 0.68169 0.09108
1540820303.970088243 -11.62567 -10.33823 0.71946 0.50785 -0.54102 0.66923 0.03886
1540820304.091107130 -11.45578 -10.97868 0.87335 0.55572 -0.53181 0.63706 -0.05000
1540820304.173198223 -11.27811 -11.34965 0.97179 0.59864 -0.50342 0.61620 -0.09214
1540820304.256541014 -11.06576 -11.68283 1.06536 0.64449 -0.46555 0.59380 -0.12370
1540820304.384139061 -10.67879 -12.08311 1.19120 0.70178 -0.41888 0.54400 -0.19003
1540820304.471173048 -10.38095 -12.27613 1.27361 0.73598 -0.37827 0.50725 -0.24070
1540820304.558879137 -10.05505 -12.40711 1.34949 0.76982 -0.32461 0.46918 -0.28614
1540820304.646586180 -9.71705 -12.49177 1.41060 0.79898 -0.26730 0.42479 -0.33127
1540820304.734292030 -9.38101 -12.54327 1.45935 0.82055 -0.20595 0.39509 -0.35804
1540820304.865851164 -8.88890 -12.52945 1.48844 0.84371 -0.12573 0.36637 -0.37165
1540820304.953557014 -8.57347 -12.46323 1.45767 0.85687 -0.12895 0.32217 -0.38124
1540820305.041264057 -8.26622 -12.37940 1.39983 0.86083 -0.16016 0.27225 -0.39899
1540820305.128970146 -7.96278 -12.24649 1.31199 0.85794 -0.18789 0.23377 -0.41712
1540820305.216677189 -7.65474 -12.09107 1.20066 0.85510 -0.20605 0.20460 -0.42951
1540820305.304383039 -7.33841 -11.91066 1.06491 0.85852 -0.18125 0.20249 -0.43485
1540820305.435942173 -6.85721 -11.58602 0.82133 0.86225 -0.14164 0.21043 -0.43838
1540820305.523648024 -6.53895 -11.32910 0.63402 0.86052 -0.15188 0.20300 -0.44185
1540820305.611355066 -6.21943 -11.03550 0.43789 0.84942 -0.19896 0.17890 -0.45487
1540820305.699061155 -5.89223 -10.70629 0.24337 0.83559 -0.24852 0.15250 -0.46559
1540820305.786768198 -5.54197 -10.34751 0.06148 0.83091 -0.25349 0.14948 -0.47222
1540820305.874474049 -5.16848 -9.95735 -0.10677 0.83079 -0.21628 0.16735 -0.48477
1540820306.006033182 -4.59175 -9.30802 -0.32115 -0.82970 0.13556 -0.20523 0.50110
1540820306.093739033 -4.21197 -8.82965 -0.43156 -0.82478 0.08577 -0.22797 0.51030
1540820306.181446075 -3.85648 -8.31298 -0.51535 -0.81931 0.07874 -0.22224 0.52262
1540820306.269152164 -3.52208 -7.76033 -0.56523 -0.81045 0.10057 -0.19433 0.54341
1540820306.356859207 -3.20015 -7.17836 -0.57974 -0.80361 0.11314 -0.15769 0.56262
1540820306.444565058 -2.88841 -6.57448 -0.56072 -0.80417 0.08056 -0.13304 0.57370
1540820306.576124191 -2.43558 -5.63755 -0.48163 -0.80666 0.01084 -0.10200 0.58204
1540820306.663830042 -2.14973 -4.99495 -0.39833 -0.80392 -0.04778 -0.09442 0.58524
1540820306.751537085 -1.88888 -4.33989 -0.30160 -0.79347 -0.12326 -0.10459 0.58675
1540820306.839243174 -1.66168 -3.67767 -0.20108 -0.78294 -0.17934 -0.10781 0.58585
1540820306.926950216 -1.46870 -3.00952 -0.09703 -0.76895 -0.22047 -0.11363 0.58924
1540820307.014652014 -1.32175 -2.34172 0.00793 -0.77080 -0.22267 -0.10254 0.58803
1540820307.146205187 -1.17360 -1.33722 0.16601 -0.78644 -0.17744 -0.04564 0.58986
1540820307.233910084 -1.13122 -0.66281 0.26974 -0.79118 -0.17055 -0.01249 0.58719
1540820307.321583033 -1.08379 0.01348 0.36285 -0.78564 -0.19728 0.00558 0.58636
1540820307.409137249 -1.06255 0.69411 0.44605 -0.76401 -0.25894 0.01005 0.59088
1540820307.496574163 -1.07243 1.37421 0.52037 -0.72835 -0.34061 0.01192 0.59443
1540820307.627494097 -1.15490 2.36668 0.61967 -0.65840 -0.47117 0.01963 0.58662
1540820307.714527130 -1.27843 2.98999 0.68154 -0.60628 -0.53990 0.04421 0.58222
1540820307.801262140 -1.45553 3.57034 0.73706 -0.55786 -0.59195 0.08632 0.57527
1540820307.887503147 -1.66896 4.10545 0.77780 -0.51151 -0.63542 0.13221 0.56313
1540820307.973031044 -1.90993 4.59330 0.80184 -0.45028 -0.68179 0.16715 0.55179
1540820308.099749088 -2.32163 5.20508 0.81256 -0.34396 -0.73599 0.22101 0.53959
1540820308.183040142 -2.60569 5.53457 0.80084 -0.27028 -0.76786 0.24054 0.52866
1540820308.265327215 -2.89469 5.79362 0.76997 -0.19662 -0.79326 0.25886 0.51485
1540820308.346676111 -3.17558 5.98754 0.71891 0.15527 0.81321 -0.27995 -0.48601
1540820308.467460155 -3.57923 6.14524 0.61326 0.12733 0.83654 -0.32895 -0.41926
1540820308.547587156 -3.84771 6.12073 0.53140 0.09140 0.84771 -0.36074 -0.37802
1540820308.667776108 -4.20438 6.06470 0.40602 0.06221 0.85601 -0.40652 -0.31324
1540820308.748192072 -4.42489 5.93438 0.31872 0.06271 0.85736 -0.43878 -0.26167
1540820308.829005241 -4.63192 5.78141 0.23915 0.05429 0.85665 -0.46358 -0.21977
1540820308.951063156 -4.92074 5.48438 0.12440 0.06408 0.85081 -0.49330 -0.16935
1540820309.032959223 -5.10173 5.24206 0.05575 0.09220 0.84422 -0.51132 -0.13171
1540820309.115160227 -5.28845 4.97316 -0.00851 0.11689 0.83608 -0.52614 -0.10235
1540820309.238944054 -5.58110 4.52042 -0.08976 0.11871 0.83235 -0.53271 -0.09658
1540820309.321981192 -5.78868 4.18876 -0.14025 0.10670 0.83302 -0.53186 -0.10876
1540820309.405595064 -5.99486 3.82958 -0.18636 0.10454 0.83275 -0.53113 -0.11617
1540820309.489758015 -6.20228 3.44520 -0.22881 0.11050 0.83234 -0.53018 -0.11794
1540820309.616978168 -6.52197 2.82528 -0.29026 0.11945 0.83021 -0.53161 -0.11780
1540820309.702296019 -6.73677 2.38306 -0.33389 0.16844 0.82091 -0.53849 -0.08813
1540820309.787493229 -6.96545 1.92554 -0.37087 0.18661 0.81500 -0.54340 -0.07527
1540820309.872121096 -7.21075 1.45730 -0.40310 0.17122 0.81817 -0.54226 -0.08505
1540820309.997573137 -7.59639 0.73287 -0.43973 0.14313 0.82266 -0.54002 -0.10545
1540820310.080146074 -7.85636 0.23249 -0.45198 0.14032 0.82199 -0.54104 -0.10913
1540820310.162051201 -8.12048 -0.27944 -0.45519 0.13504 0.82303 -0.54003 -0.11291
1540820310.284405231 -8.51876 -1.07867 -0.44713 0.12271 0.81512 -0.55257 -0.12325
1540820310.365887165 -8.78285 -1.62856 -0.43611 0.12136 0.81485 -0.55382 -0.12076
1540820310.447345018 -9.04852 -2.18919 -0.42612 0.11314 0.81682 -0.55302 -0.11903
1540820310.569829226 -9.44519 -3.05686 -0.41146 0.08507 0.81349 -0.56361 -0.11553
1540820310.652026176 -9.70456 -3.65635 -0.39437 0.07104 0.80631 -0.57825 -0.10224
1540820310.734514236 -9.96062 -4.27085 -0.35826 0.04306 0.79285 -0.60049 -0.09459
1540820310.857339144 -10.32469 -5.20218 -0.25984 -0.02753 0.76062 -0.64106 -0.09874
1540820310.937776089 -10.54212 -5.81135 -0.17312 -0.06899 0.74530 -0.65664 -0.09269
1540820311.016832113 -10.73335 -6.40576 -0.07722 -0.10749 0.73270 -0.66708 -0.08121
1540820311.133522034 -10.97296 -7.26944 0.07874 -0.18766 0.69956 -0.68480 -0.08030
1540820311.210983038 -11.09803 -7.82709 0.18627 0.24798 -0.67128 0.69309 0.08669
1540820311.327907085 -11.22440 -8.63111 0.34676 0.32869 -0.63463 0.69458 0.08226
1540820311.406648159 -11.25490 -9.13866 0.45824 0.38304 -0.60019 0.69822 0.07445
1540820311.526082039 -11.21203 -9.83601 0.62194 0.45186 -0.56564 0.68852 0.04256
1540820311.606631041 -11.13763 -10.25509 0.71781 0.48950 -0.56691 0.66253 -0.00740
1540820311.688084126 -11.02349 -10.64233 0.80654 0.52728 -0.56534 0.63165 -0.05815
1540820311.812404156 -10.78861 -11.17078 0.93212 0.58203 -0.54300 0.59143 -0.12884
1540820311.896860123 -10.58278 -11.47832 1.01424 0.61321 -0.52244 0.56882 -0.16579
1540820311.982639074 -10.34167 -11.75800 1.09361 0.64678 -0.48906 0.55317 -0.19104
1540820312.069807053 -10.07008 -12.00738 1.16447 0.69271 -0.41652 0.55377 -0.19997
1540820312.157512188 -9.78412 -12.21550 1.21251 0.73604 -0.34404 0.54757 -0.20015
1540820312.289072037 -9.34500 -12.43763 1.22518 0.78341 -0.30801 0.49133 -0.22361
1540820312.376779079 -9.04166 -12.52859 1.20572 0.80705 -0.28963 0.44581 -0.25697
1540820312.464485168 -8.72291 -12.54289 1.16923 0.82415 -0.25611 0.40247 -0.30531
1540820312.552191019 -8.39813 -12.49187 1.12060 0.83062 -0.22722 0.35517 -0.36372
1540820312.639898062 -8.06972 -12.41079 1.06611 0.83142 -0.20813 0.31220 -0.40982
1540820312.727604151 -7.73942 -12.29140 1.00416 0.82434 -0.19566 0.28139 -0.45055
1540820312.859163046 -7.24429 -12.04871 0.89392 0.81044 -0.19658 0.24822 -0.49287
1540820312.946870089 -6.91392 -11.86179 0.81305 -0.80299 0.22182 -0.21911 0.50793
1540820313.034576178 -6.57796 -11.65026 0.72917 -0.79955 0.22112 -0.20877 0.51791
1540820313.122282028 -6.23965 -11.40540 0.63321 -0.79786 0.20190 -0.20937 0.52803
1540820313.209989071 -5.89880 -11.14251 0.52780 -0.79685 0.17318 -0.21629 0.53690
1540820313.341548204 -5.39520 -10.71220 0.36246 -0.79823 0.13145 -0.22347 0.54370
1540820313.429254055 -5.07447 -10.39693 0.25115 -0.80154 0.12409 -0.20969 0.54604
1540820313.516961098 -4.76196 -10.06096 0.14575 -0.80424 0.11563 -0.19548 0.54920
1540820313.604667187 -4.46121 -9.70032 0.04613 -0.80621 0.10462 -0.18389 0.55251
1540820313.692373037 -4.16374 -9.32182 -0.04472 -0.80773 0.09650 -0.17101 0.55590
1540820313.780080080 -3.87010 -8.92357 -0.12638 -0.80430 0.10080 -0.15283 0.56532
1540820313.911639214 -3.44726 -8.28905 -0.23167 -0.79680 0.10130 -0.14042 0.57891
1540820313.999345064 -3.16972 -7.84718 -0.29230 -0.79732 0.08700 -0.13538 0.58171
1540820314.087052107 -2.89803 -7.38849 -0.33869 -0.79648 0.07110 -0.12581 0.58714
1540820314.174758196 -2.63368 -6.91433 -0.36696 -0.79378 0.04998 -0.11591 0.59497
1540820314.262464046 -2.38880 -6.42282 -0.37745 -0.78872 0.01599 -0.10178 0.60606
1540820314.350171089 -2.15547 -5.91920 -0.37473 -0.77490 -0.03070 -0.09297 0.62445
1540820314.481730223 -1.84273 -5.15431 -0.35111 -0.75078 -0.10482 -0.08783 0.64624
1540820314.569436073 -1.67472 -4.64396 -0.32572 -0.73706 -0.14835 -0.07608 0.65494
1540820314.657143116 -1.52895 -4.13930 -0.30024 -0.73903 -0.17138 -0.03907 0.65034
1540820314.744826078 -1.40796 -3.63936 -0.27206 -0.73857 -0.19411 0.00759 0.64558
1540820314.832332134 -1.31253 -3.14457 -0.24149 -0.71953 -0.24913 0.03019 0.64753
1540820314.919331074 -1.24249 -2.66204 -0.20926 -0.68518 -0.31537 0.04176 0.65523
1540820315.048147202 -1.20130 -1.98188 -0.16144 -0.62795 -0.40652 0.06274 0.66067
1540820315.132597208 -1.20806 -1.56683 -0.13462 -0.59063 -0.45940 0.08154 0.65838
1540820315.215804100 -1.24346 -1.18694 -0.11270 -0.55680 -0.49889 0.11659 0.65382
1540820315.338176250 -1.35805 -0.70177 -0.08523 -0.51111 -0.55227 0.19009 0.63058
1540820315.418020248 -1.45338 -0.43388 -0.07034 -0.47366 -0.58872 0.24356 0.60807
1540820315.496529102 -1.55886 -0.20404 -0.05815 -0.42705 -0.62166 0.30037 0.58391
1540820315.612256050 -1.73198 0.07128 -0.04518 -0.36081 -0.66956 0.37090 0.53286
1540820315.688477039 -1.85362 0.21178 -0.03959 0.31211 0.70134 -0.40564 -0.49615
1540820315.802324057 -2.03454 0.34969 -0.03535 0.23459 0.74414 -0.44927 -0.43518
1540820315.878418207 -2.15522 0.39224 -0.03852 0.18087 0.76758 -0.47503 -0.39045
1540820315.993665218 -2.30219 0.42385 -0.04361 0.09344 0.78677 -0.52138 -0.31690
1540820316.071528196 -2.37449 0.40556 -0.04407 0.03514 0.78851 -0.55755 -0.25719
1540820316.190281153 -2.44836 0.35236 -0.04855 -0.05249 0.78442 -0.59799 -0.15602
1540820316.270960093 -2.47405 0.30214 -0.04994 -0.11388 0.77516 -0.61548 -0.08568
1540820316.352953196 -2.48172 0.24345 -0.04782 -0.17554 0.75396 -0.63291 -0.01210
1540820316.478236198 -2.45966 0.14987 -0.04424 -0.27460 0.71291 -0.63891 0.09033
1540820316.562866211 -2.42708 0.08937 -0.04348 -0.34520 0.67444 -0.63518 0.15006
1540820316.647935152 -2.38237 0.03949 -0.04485 -0.41240 0.63276 -0.62210 0.20624
1540820316.733231068 -2.32405 0.00471 -0.04715 0.47494 -0.59007 0.60000 -0.25738
1540820316.861291170 -2.21784 -0.02679 -0.05788 0.55523 -0.52037 0.56102 -0.32587
1540820316.946507215 -2.13783 -0.02841 -0.06917 0.59817 -0.47928 0.52821 -0.36535
1540820317.031526089 -2.05049 -0.01539 -0.08141 0.62825 -0.43711 0.49325 -0.41345
1540820317.116439104 -1.95334 0.01542 -0.09404 0.65630 -0.39208 0.45498 -0.45666
1540820317.243830204 -1.80788 0.10281 -0.10765 -0.69530 0.31291 -0.40039 0.50826
1540820317.328928232 -1.70906 0.17259 -0.11945 -0.71310 0.25462 -0.36766 0.53989
1540820317.414288044 -1.61064 0.25118 -0.13433 -0.72743 0.20850 -0.33278 0.56270
1540820317.500118017 -1.52419 0.34955 -0.14912 -0.73546 0.17830 -0.30209 0.57969
1540820317.586646080 -1.44784 0.46609 -0.16414 -0.73610 0.14500 -0.27318 0.60208
1540820317.717849016 -1.34631 0.66432 -0.18503 -0.72893 0.09211 -0.23431 0.63661
1540820317.805555105 -1.29532 0.80618 -0.20174 -0.72536 0.05354 -0.21081 0.65311
1540820317.893262148 -1.25908 0.95100 -0.22314 -0.72253 0.01194 -0.18669 0.66554
1540820317.980968237 -1.24774 1.09721 -0.25376 -0.71914 -0.02348 -0.15457 0.67705
1540820318.068674088 -1.25267 1.24159 -0.29374 -0.71308 -0.05708 -0.12328 0.68780
1540820318.156381130 -1.26958 1.39164 -0.34518 -0.70875 -0.09236 -0.09938 0.69229
1540820318.287940025 -1.32623 1.61481 -0.44038 -0.70241 -0.13819 -0.05840 0.69578
1540820318.375632048 -1.38677 1.75977 -0.51554 -0.69736 -0.15675 -0.02317 0.69899
1540820318.463170052 -1.46350 1.89858 -0.59983 -0.69808 -0.16162 0.02129 0.69721
1540820318.550379038 -1.54896 2.03482 -0.68723 -0.69403 -0.16797 0.05928 0.69756
1540820318.637081146 -1.63993 2.16784 -0.77583 -0.69369 -0.15961 0.10473 0.69452
1540820318.765900135 -1.76697 2.34247 -0.84068 -0.71277 -0.16763 0.12738 0.66905
1540820318.850927114 -1.83510 2.44078 -0.76934 -0.69138 -0.16133 0.15123 0.68782
1540820318.935400248 -1.89966 2.53764 -0.72547 -0.68496 -0.17713 0.16343 0.68757
1540820319.019320250 -1.96469 2.62938 -0.73282 -0.68256 -0.19543 0.18092 0.68058
1540820319.144197226 -2.06794 2.75947 -0.85466 -0.67962 -0.25111 0.22099 0.65286
1540820319.226791143 -2.09582 2.79433 -0.80178 -0.65778 -0.26857 0.23587 0.66299
1540820319.308939219 -2.11486 2.82449 -0.76579 -0.65570 -0.27185 0.23793 0.66298
1540820319.431328058 -2.14278 2.87231 -0.82254 -0.66305 -0.26525 0.24765 0.65473
1540820319.512453079 -2.14949 2.89637 -0.81369 -0.66628 -0.26831 0.24989 0.64933
1540820319.593488216 -2.14584 2.91244 -0.78831 -0.63940 -0.26524 0.24827 0.67762
1540820319.714712143 -2.13810 2.93529 -0.80254 -0.66124 -0.26249 0.24646 0.65811
1540820319.795345068 -2.13454 2.94489 -0.80241 -0.66476 -0.26113 0.23996 0.65751
1540820319.875976086 -2.12590 2.92920 -0.80289 -0.66747 -0.26345 0.23845 0.65438
1540820319.996965170 -2.11281 2.92406 -0.80363 -0.66838 -0.26126 0.24041 0.65361
1540820320.077660084 -2.10956 2.92234 -0.80337 -0.66818 -0.26080 0.23951 0.65433
1540820320.158359051 -2.10573 2.91673 -0.80419 -0.66808 -0.26113 0.24003 0.65411
1540820320.279414177 -2.10506 2.91666 -0.80154 -0.66802 -0.26125 0.23973 0.65424
1540820320.360120058 -2.10584 2.91610 -0.79800 -0.66817 -0.26123 0.24008 0.65396
1540820320.481179237 -2.10698 2.91663 -0.79256 -0.66829 -0.26135 0.23996 0.65384
1540820320.561879158 -2.11253 2.91837 -0.78848 -0.66852 -0.26139 0.23929 0.65383
1540820320.642576218 -2.11712 2.92219 -0.78643 -0.66873 -0.26127 0.23960 0.65355
1540820320.763621092 -2.11603 2.92458 -0.78332 -0.66871 -0.26129 0.23972 0.65352
1540820320.844318151 -2.11517 2.92709 -0.78179 -0.66869 -0.26150 0.23985 0.65341
1540820320.925022125 -2.11508 2.92918 -0.77929 -0.66875 -0.26144 0.23962 0.65346
1540820321.046083212 -2.11605 2.93085 -0.77357 -0.66884 -0.26137 0.23971 0.65336
1540820321.126784086 -2.11497 2.93178 -0.77036 -0.66893 -0.26141 0.23979 0.65322
1540820321.207488060 -2.11391 2.93237 -0.76754 -0.66889 -0.26147 0.23985 0.65322
1540820321.328551054 -2.11384 2.93354 -0.76345 -0.66886 -0.26160 0.23991 0.65318
1540820321.409259081 -2.11076 2.93086 -0.76053 -0.66887 -0.26154 0.23991 0.65319
1540820321.489976168 -2.11076 2.93162 -0.75710 -0.66890 -0.26153 0.24001 0.65312
1540820321.611068249 -2.11262 2.93426 -0.75034 -0.66902 -0.26126 0.24022 0.65303
1540820321.691795111 -2.11231 2.93606 -0.74505 -0.66904 -0.26118 0.24028 0.65302
1540820321.812858105 -2.11467 2.93936 -0.73728 -0.66912 -0.26122 0.24026 0.65293
1540820321.893562078 -2.11478 2.94229 -0.73214 -0.66899 -0.26087 0.24046 0.65313
1540820321.974260092 -2.11674 2.94300 -0.72611 -0.66920 -0.26078 0.24050 0.65294
1540820322.095292091 -2.11835 2.94713 -0.71852 -0.66915 -0.26047 0.24083 0.65298
1540820322.175978184 -2.11872 2.94765 -0.71309 -0.66925 -0.26041 0.24087 0.65289
1540820322.256664038 -2.11865 2.94987 -0.70807 -0.66921 -0.26045 0.24090 0.65291
1540820322.377697229 -2.12031 2.95237 -0.69997 -0.66919 -0.26049 0.24081 0.65295
1540820322.458388090 -2.12153 2.95270 -0.69426 -0.66908 -0.26024 0.24093 0.65311
1540820322.539090157 -2.12445 2.95215 -0.68776 -0.66904 -0.26009 0.24112 0.65315
1540820322.660143137 -2.12625 2.95415 -0.67953 -0.66910 -0.26008 0.24110 0.65310
1540820322.740848064 -2.12561 2.95480 -0.67491 -0.66900 -0.26010 0.24118 0.65316
1540820322.861913204 -2.12730 2.95744 -0.66731 -0.66904 -0.26010 0.24113 0.65314
1540820322.942632198 -2.12630 2.95642 -0.66251 -0.66900 -0.26021 0.24112 0.65315
1540820323.023355246 -2.12686 2.95692 -0.65712 -0.66898 -0.26004 0.24121 0.65319
1540820323.144454241 -2.12885 2.95809 -0.64798 -0.66900 -0.25997 0.24119 0.65320
1540820323.225193024 -2.12834 2.95552 -0.64137 -0.66896 -0.25995 0.24116 0.65326
1540820323.305930138 -2.12796 2.95512 -0.63519 -0.66897 -0.26001 0.24112 0.65325
1540820323.427045107 -2.12959 2.95533 -0.62546 -0.66892 -0.25982 0.24125 0.65333
1540820323.507787228 -2.12947 2.95115 -0.61853 -0.66895 -0.25986 0.24124 0.65329
1540820323.588538170 -2.12942 2.94903 -0.61133 -0.66879 -0.25986 0.24130 0.65343
1540820323.709660053 -2.13029 2.94670 -0.60004 -0.66874 -0.25990 0.24117 0.65351
1540820323.790422201 -2.12971 2.94127 -0.59220 -0.66863 -0.25982 0.24115 0.65366
1540820323.871185064 -2.12862 2.93773 -0.58454 -0.66870 -0.25984 0.24111 0.65360
1540820323.992337227 -2.12986 2.93556 -0.57315 -0.66863 -0.25974 0.24117 0.65369
1540820324.073098183 -2.12734 2.92966 -0.56425 -0.66841 -0.25981 0.24142 0.65379
1540820324.194225073 -2.11896 2.92543 -0.55158 -0.66819 -0.26000 0.24155 0.65389
1540820324.274981022 -2.11594 2.91903 -0.54322 -0.66816 -0.26007 0.24161 0.65388
1540820324.355739117 -2.11312 2.91515 -0.53511 -0.66817 -0.26003 0.24184 0.65379
1540820324.476848125 -2.10800 2.91177 -0.52293 -0.66819 -0.26012 0.24182 0.65375
1540820324.557579041 -2.10444 2.90206 -0.51335 -0.66796 -0.26002 0.24165 0.65408
1540820324.638309240 -2.10155 2.89417 -0.50353 -0.66797 -0.26023 0.24169 0.65398
1540820324.759408236 -2.09779 2.88591 -0.48973 -0.66779 -0.26006 0.24172 0.65421
1540820324.840148211 -2.09261 2.87180 -0.47976 -0.66791 -0.26019 0.24155 0.65410
1540820324.920896053 -2.07067 2.86891 -0.47043 -0.66762 -0.26051 0.24228 0.65400
1540820325.042031050 -2.06268 2.86331 -0.45669 -0.66754 -0.26070 0.24219 0.65404
1540820325.122791052 -2.05617 2.85475 -0.44717 -0.66742 -0.26081 0.24233 0.65407
1540820325.243939161 -2.04834 2.84744 -0.43268 -0.66727 -0.26064 0.24231 0.65430
1540820325.324705124 -2.04187 2.83764 -0.42254 -0.66712 -0.26076 0.24251 0.65433
1540820325.405476093 -2.03375 2.83116 -0.41270 -0.66717 -0.26085 0.24240 0.65428
1540820325.526651144 -2.02374 2.82372 -0.39780 -0.66706 -0.26072 0.24235 0.65447
1540820325.607442141 -2.01539 2.81377 -0.38745 -0.66712 -0.26080 0.24243 0.65434
1540820325.688241243 -2.00761 2.80617 -0.37729 -0.66711 -0.26043 0.24473 0.65364
1540820325.809459209 -1.99877 2.79871 -0.36182 -0.66748 -0.26001 0.24417 0.65364
1540820325.890275240 -1.99111 2.78843 -0.35119 -0.66767 -0.26010 0.24329 0.65374
