1468940222.408643961 -0.00058 0.00880 0.00043 -0.66953 -0.01403 -0.08467 0.73781
1468940222.496773958 -0.01050 0.00349 0.00222 -0.69606 -0.03473 -0.07750 0.71295
1468940222.628971100 -0.04565 0.00260 0.00403 -0.68284 -0.03964 -0.05215 0.72762
1468940222.717101097 -0.06990 0.00045 0.00125 -0.68250 -0.04850 -0.05010 0.72755
1468940222.805232048 -0.09761 -0.00181 -0.00181 -0.68520 -0.05353 -0.04331 0.72509
1468940222.893362999 -0.12676 -0.00352 -0.00430 -0.69034 -0.05616 -0.03546 0.72043
1468940223.025558949 -0.17195 -0.00620 -0.00705 -0.69578 -0.06362 -0.02207 0.71509
1468940223.113689899 -0.20119 -0.00965 -0.00922 -0.69888 -0.06924 -0.01352 0.71175
1468940223.201820135 -0.22926 -0.01387 -0.01178 -0.70173 -0.07507 -0.00648 0.70844
1468940223.289951086 -0.25629 -0.01748 -0.01500 -0.70631 -0.07928 0.00277 0.70344
1468940223.422147036 -0.29279 -0.02287 -0.02012 -0.71242 -0.08179 0.01684 0.69676
1468940223.510277987 -0.31617 -0.02718 -0.02325 -0.71536 -0.08357 0.02823 0.69317
1468940223.598408937 -0.33831 -0.03131 -0.02673 -0.71801 -0.08994 0.03612 0.68925
1468940223.686538935 -0.35637 -0.03435 -0.02996 -0.72059 -0.09458 0.04387 0.68547
1468940223.818735123 -0.37291 -0.03877 -0.03174 -0.72049 -0.10048 0.05045 0.68429
1468940223.906866074 -0.37613 -0.04092 -0.03181 -0.71992 -0.10363 0.05015 0.68444
1468940223.994997025 -0.37461 -0.04236 -0.03202 -0.71959 -0.10493 0.04868 0.68470
1468940224.083127975 -0.36870 -0.04206 -0.03377 -0.72084 -0.10268 0.04867 0.68373
1468940224.215323925 -0.35303 -0.03869 -0.03768 -0.72168 -0.10143 0.04620 0.68319
1468940224.303455114 -0.33477 -0.03344 -0.04082 -0.72268 -0.09973 0.04371 0.68255
1468940224.391585112 -0.30869 -0.02682 -0.04390 -0.72487 -0.09812 0.03938 0.68073
1468940224.479716063 -0.27487 -0.02140 -0.04421 -0.72443 -0.09120 0.02826 0.68271
1468940224.611912012 -0.22368 -0.01311 -0.04487 -0.72433 -0.08261 0.01410 0.68435
1468940224.700042963 -0.19117 -0.00775 -0.04465 -0.72403 -0.08021 0.00405 0.68508
1468940224.788173914 -0.15787 -0.00294 -0.04316 -0.72270 -0.07485 -0.00669 0.68706
1468940224.876303911 -0.12394 -0.00123 -0.04092 -0.72264 -0.06409 -0.01333 0.68811
1468940225.008500099 -0.07575 -0.00017 -0.03849 -0.72180 -0.04614 -0.03125 0.68986
1468940225.096631050 -0.04532 0.00017 -0.03737 -0.71990 -0.03410 -0.03890 0.69215
1468940225.184762001 -0.01762 0.00014 -0.03524 -0.71865 -0.02453 -0.04458 0.69350
1468940225.272892952 0.00661 -0.00022 -0.03265 -0.71769 -0.01950 -0.05504 0.69391
1468940225.405088902 0.03196 -0.00310 -0.02801 -0.71429 -0.01082 -0.06537 0.69671
1468940225.493218899 0.04230 -0.00409 -0.02522 -0.71278 -0.00591 -0.06848 0.69801
1468940225.581350088 0.04596 -0.00500 -0.02375 -0.71144 -0.00418 -0.06994 0.69924
1468940225.669481039 0.04243 -0.00509 -0.02370 -0.71142 -0.00720 -0.06949 0.69929
1468940225.801676989 0.02504 -0.00444 -0.02438 -0.71093 -0.01154 -0.06174 0.70045
1468940225.889807940 0.00717 -0.00427 -0.02552 -0.71156 -0.01509 -0.05198 0.70054
1468940225.977937937 -0.01343 -0.00425 -0.02777 -0.71239 -0.02081 -0.04305 0.70016
1468940226.066069126 -0.03585 -0.00509 -0.03021 -0.71328 -0.02519 -0.02834 0.69985
1468940226.198265076 -0.06969 -0.00705 -0.03346 -0.71521 -0.03478 -0.01357 0.69791
1468940226.286396027 -0.09049 -0.00912 -0.03606 -0.71673 -0.04072 -0.00387 0.69615
1468940226.374526978 -0.10704 -0.01094 -0.03791 -0.71742 -0.04504 0.00253 0.69518
1468940226.462656975 -0.11978 -0.01269 -0.03883 -0.71841 -0.04735 0.00693 0.69397
1468940226.594854116 -0.13287 -0.01619 -0.03988 -0.71892 -0.04963 0.00896 0.69327
1468940226.682984114 -0.13903 -0.01868 -0.04181 -0.71989 -0.05106 0.00942 0.69214
1468940226.771115065 -0.14342 -0.02083 -0.04459 -0.72125 -0.05133 0.01045 0.69069
1468940226.859246016 -0.14628 -0.02241 -0.04781 -0.72349 -0.05176 0.01117 0.68830
1468940226.991441965 -0.14792 -0.02490 -0.04917 -0.72536 -0.04839 0.01147 0.68657
1468940227.079572916 -0.14915 -0.02575 -0.04328 -0.72508 -0.05025 0.01118 0.68674
1468940227.167702913 -0.15038 -0.02559 -0.03040 -0.72296 -0.05233 0.01057 0.68883
1468940227.255834103 -0.15209 -0.02462 -0.01199 -0.71938 -0.05547 0.00886 0.69234
1468940227.388030052 -0.15579 -0.02201 0.02291 -0.71271 -0.06178 0.00930 0.69867
1468940227.476161003 -0.15889 -0.02069 0.04775 -0.70766 -0.06848 0.00819 0.70318
1468940227.564291954 -0.16125 -0.01967 0.06946 -0.70962 -0.07481 0.00713 0.70056
1468940227.652421951 -0.16287 -0.02049 0.08910 -0.70369 -0.07912 0.00552 0.70607
1468940227.784617901 -0.16280 -0.02291 0.11265 -0.69509 -0.07755 0.00726 0.71469
1468940227.872749090 -0.16197 -0.02388 0.12173 -0.69051 -0.07734 0.00723 0.71914
1468940227.960880041 -0.16143 -0.02456 0.12287 -0.68915 -0.07835 0.00656 0.72035
1468940228.049010992 -0.16037 -0.02513 0.11564 -0.69005 -0.07807 0.00671 0.71951
1468940228.181206942 -0.15812 -0.02487 0.09318 -0.69555 -0.07845 0.00371 0.71418
1468940228.269338131 -0.15762 -0.02647 0.07546 -0.69608 -0.08293 0.00031 0.71315
1468940228.357468128 -0.15750 -0.02984 0.05554 -0.69720 -0.07899 0.00436 0.71250
1468940228.445599079 -0.15760 -0.03462 0.03265 -0.69273 -0.07708 0.00604 0.71704
1468940228.577795029 -0.15670 -0.04214 -0.00919 -0.68829 -0.07590 0.00408 0.72145
1468940228.665925980 -0.15766 -0.04751 -0.04238 -0.69096 -0.07608 0.00395 0.71886
1468940228.754056931 -0.15949 -0.05276 -0.07831 -0.69839 -0.07719 0.00810 0.71149
1468940228.842186928 -0.15979 -0.05825 -0.11206 -0.70036 -0.07644 0.00459 0.70967
1468940228.974383116 -0.15692 -0.06333 -0.15668 -0.69404 -0.08318 -0.00073 0.71512
1468940229.062514067 -0.15337 -0.06659 -0.18643 -0.69095 -0.08098 0.00045 0.71836
1468940229.150645018 -0.15173 -0.06985 -0.21675 -0.69030 -0.08686 -0.00122 0.71829
1468940229.238775969 -0.15019 -0.07212 -0.24990 -0.69485 -0.09013 0.00333 0.71348
1468940229.370971918 -0.14696 -0.07579 -0.29998 -0.69401 -0.09531 0.00332 0.71362
1468940229.459101915 -0.14385 -0.07809 -0.32995 -0.69423 -0.09217 0.00689 0.71379
1468940229.547233105 -0.14145 -0.08100 -0.35619 -0.70281 -0.08887 0.00658 0.70578
1468940229.635364056 -0.14055 -0.08422 -0.37455 -0.70708 -0.08935 0.00469 0.70145
1468940229.767560005 -0.14342 -0.09018 -0.37785 -0.72141 -0.08361 0.00377 0.68743
1468940229.855690956 -0.14681 -0.09185 -0.36061 -0.72392 -0.07785 0.00782 0.68543
1468940229.943820953 -0.15068 -0.08996 -0.32951 -0.71972 -0.08210 0.00674 0.68936
1468940230.031951904 -0.15415 -0.08521 -0.29206 -0.72405 -0.08531 -0.00012 0.68446
1468940230.164148092 -0.15825 -0.07653 -0.22999 -0.72818 -0.08082 0.00464 0.68059
1468940230.252279043 -0.16219 -0.07017 -0.18421 -0.73684 -0.08537 0.00847 0.67061
1468940230.340409994 -0.16594 -0.06540 -0.13093 -0.73504 -0.07704 0.01707 0.67342
1468940230.428539991 -0.17018 -0.06166 -0.07391 -0.73000 -0.07389 0.02155 0.67910
1468940230.560737133 -0.17925 -0.05931 0.01535 -0.72380 -0.07327 0.04110 0.68488
1468940230.648867130 -0.18515 -0.05990 0.07341 -0.70991 -0.07860 0.04005 0.69874
1468940230.736998081 -0.19167 -0.06173 0.12482 -0.70344 -0.08331 0.04503 0.70441
1468940230.825129032 -0.19838 -0.06476 0.16801 -0.70005 -0.08745 0.04902 0.70702
1468940230.957324982 -0.20449 -0.06387 0.21918 -0.69637 -0.09159 0.04866 0.71015
1468940231.045455933 -0.20632 -0.06437 0.24531 -0.69098 -0.09261 0.04762 0.71534
1468940231.133585930 -0.20667 -0.06331 0.26247 -0.68766 -0.09318 0.04743 0.71846
1468940231.221717119 -0.20571 -0.06274 0.26907 -0.68819 -0.09081 0.05058 0.71804
1468940231.353913069 -0.19935 -0.05753 0.25804 -0.69186 -0.08762 0.04491 0.71529
1468940231.442044020 -0.19464 -0.05453 0.23816 -0.69511 -0.08520 0.04267 0.71257
1468940231.530174971 -0.18936 -0.04991 0.20898 -0.69471 -0.09710 0.02537 0.71225
1468940231.618304968 -0.18578 -0.04767 0.17204 -0.69462 -0.09267 0.02758 0.71285
1468940231.750502110 -0.17984 -0.04979 0.10012 -0.69306 -0.08427 0.02797 0.71539
1468940231.838632107 -0.17448 -0.05258 0.04333 -0.69266 -0.07803 0.02218 0.71668
1468940231.926763058 -0.16696 -0.05531 -0.01657 -0.69252 -0.07566 0.00848 0.71737
1468940232.014894009 -0.15697 -0.05656 -0.07953 -0.70192 -0.06565 -0.00146 0.70923
1468940232.147089958 -0.14625 -0.06384 -0.16502 -0.71144 -0.06727 -0.00660 0.69949
1468940232.235220909 -0.14298 -0.07024 -0.21440 -0.71769 -0.07326 -0.00673 0.69246
1468940232.323350906 -0.14059 -0.07779 -0.25261 -0.72218 -0.07706 -0.00686 0.68736
1468940232.411482096 -0.13985 -0.08529 -0.28309 -0.72850 -0.08409 -0.00249 0.67986
1468940232.543678045 -0.14042 -0.09851 -0.31880 -0.73654 -0.09101 -0.00580 0.67022
1468940232.631808996 -0.14123 -0.10734 -0.33539 -0.74151 -0.08993 -0.00341 0.66488
1468940232.719939947 -0.14281 -0.11282 -0.34297 -0.74250 -0.09364 -0.00383 0.66325
1468940232.808069944 -0.14361 -0.11417 -0.34152 -0.74415 -0.08812 -0.00235 0.66217
1468940232.940266132 -0.14598 -0.10747 -0.32307 -0.74857 -0.08038 -0.00291 0.65816
1468940233.028397083 -0.14731 -0.09737 -0.29959 -0.74057 -0.07490 0.00335 0.66778
1468940233.116528034 -0.14989 -0.08662 -0.27037 -0.73552 -0.07253 0.00289 0.67361
1468940233.204658985 -0.15287 -0.07684 -0.23843 -0.74817 -0.05816 0.00614 0.66092
1468940233.336854935 -0.15861 -0.06875 -0.18596 -0.73489 -0.06716 0.00320 0.67484
1468940233.424984932 -0.16084 -0.06547 -0.14940 -0.72592 -0.06739 0.00304 0.68446
1468940233.513116121 -0.16262 -0.06338 -0.11487 -0.71974 -0.06578 0.00622 0.69109
1468940233.601247072 -0.16425 -0.06360 -0.08590 -0.71553 -0.06211 0.01601 0.69563
1468940233.733443022 -0.16676 -0.06519 -0.06054 -0.70735 -0.07065 0.01425 0.70318
1468940233.821573973 -0.16774 -0.06549 -0.05591 -0.70902 -0.07258 0.01749 0.70123
1468940233.909703970 -0.16870 -0.06720 -0.05495 -0.71128 -0.07330 0.01895 0.69882
1468940233.997834921 -0.16864 -0.07001 -0.05649 -0.71293 -0.07332 0.01947 0.69712
1468940234.130031109 -0.16899 -0.08169 -0.05875 -0.71525 -0.07343 0.02150 0.69467
1468940234.218162060 -0.17093 -0.09376 -0.05811 -0.71545 -0.08131 0.01899 0.69366
1468940234.306293011 -0.17331 -0.11362 -0.05718 -0.71577 -0.07917 0.02282 0.69346
1468940234.394423962 -0.17293 -0.13805 -0.05974 -0.71422 -0.07432 0.02041 0.69567
1468940234.526619911 -0.16913 -0.18288 -0.06401 -0.71951 -0.07162 0.01815 0.69054
1468940234.614749908 -0.16164 -0.21434 -0.06609 -0.72307 -0.06542 0.02384 0.68726
1468940234.702881098 -0.15389 -0.24733 -0.07004 -0.72530 -0.06303 0.01738 0.68532
1468940234.791012049 -0.14307 -0.28185 -0.07561 -0.72591 -0.05691 0.01671 0.68522
1468940234.923207998 -0.12645 -0.33376 -0.08391 -0.73281 -0.05919 0.01429 0.67770
1468940235.011338949 -0.11365 -0.36750 -0.08510 -0.73399 -0.05916 0.01679 0.67637
1468940235.099468946 -0.10039 -0.39963 -0.08308 -0.73863 -0.06408 0.01379 0.67092
1468940235.187600136 -0.08632 -0.43148 -0.07711 -0.73920 -0.06485 0.00943 0.67029
1468940235.319796085 -0.06842 -0.47384 -0.06895 -0.74118 -0.06466 0.00404 0.66818
1468940235.407927036 -0.05963 -0.49653 -0.06620 -0.74196 -0.06521 -0.00313 0.66725
1468940235.496057987 -0.05266 -0.51414 -0.06500 -0.74037 -0.06103 -0.00609 0.66940
1468940235.584187984 -0.04977 -0.51984 -0.06666 -0.74035 -0.05780 -0.00661 0.66970
1468940235.716383934 -0.04950 -0.50565 -0.07473 -0.74027 -0.05399 -0.00888 0.67007
1468940235.804515123 -0.05371 -0.48239 -0.08190 -0.73958 -0.05461 -0.01150 0.67075
1468940235.892646074 -0.06175 -0.45007 -0.08824 -0.73871 -0.05571 -0.01234 0.67160
1468940235.980777025 -0.07252 -0.41341 -0.09303 -0.73519 -0.05601 -0.01073 0.67546
1468940236.112972975 -0.09264 -0.35383 -0.09723 -0.73059 -0.05921 -0.00781 0.68020
1468940236.201103926 -0.10713 -0.31302 -0.09869 -0.72734 -0.06168 -0.00297 0.68349
1468940236.289233923 -0.12020 -0.27141 -0.09826 -0.72332 -0.06277 0.00101 0.68765
1468940236.377365112 -0.13271 -0.22961 -0.09770 -0.72010 -0.06213 0.00666 0.69105
1468940236.509561062 -0.15129 -0.16991 -0.09910 -0.71837 -0.06510 0.01237 0.69250
1468940236.597692013 -0.16269 -0.13447 -0.10199 -0.71914 -0.06568 0.01662 0.69155
1468940236.685822964 -0.17237 -0.10231 -0.10620 -0.72176 -0.06466 0.02065 0.68881
1468940236.773952961 -0.18200 -0.07362 -0.11037 -0.72448 -0.06585 0.02459 0.68570
1468940236.906148911 -0.19401 -0.03854 -0.11765 -0.72386 -0.07228 0.02716 0.68562
1468940236.994280100 -0.19887 -0.02069 -0.12200 -0.72426 -0.07363 0.02806 0.68501
1468940237.082411051 -0.20144 -0.01134 -0.12344 -0.72521 -0.07095 0.03184 0.68413
1468940237.170542002 -0.20256 -0.01284 -0.12144 -0.72374 -0.07125 0.03408 0.68554
1468940237.302737951 -0.19983 -0.03449 -0.11641 -0.72118 -0.07490 0.03556 0.68776
1468940237.390867949 -0.19392 -0.05902 -0.11252 -0.72039 -0.07445 0.03814 0.68851
1468940237.478998899 -0.18482 -0.08964 -0.10936 -0.72064 -0.07288 0.03647 0.68851
1468940237.567130089 -0.17288 -0.12428 -0.10724 -0.72096 -0.07120 0.03544 0.68839
1468940237.699326038 -0.15459 -0.18131 -0.10650 -0.72480 -0.06916 0.02743 0.68493
1468940237.787456989 -0.14034 -0.22198 -0.10574 -0.72664 -0.06228 0.02526 0.68373
1468940237.875586987 -0.12589 -0.26313 -0.10451 -0.72726 -0.05816 0.01787 0.68366
1468940237.963717937 -0.11032 -0.30356 -0.10348 -0.72784 -0.05122 0.01210 0.68373
1468940238.095914125 -0.08887 -0.36174 -0.10461 -0.73066 -0.04105 0.00230 0.68150
1468940238.184045076 -0.07657 -0.40053 -0.10654 -0.73085 -0.03135 -0.00003 0.68182
1468940238.272176027 -0.06572 -0.43774 -0.11068 -0.73061 -0.02737 -0.01093 0.68216
1468940238.360306025 -0.05720 -0.47194 -0.11260 -0.73138 -0.02483 -0.01973 0.68123
1468940238.492502928 -0.04580 -0.51449 -0.11313 -0.73251 -0.01997 -0.03027 0.67979
1468940238.580632925 -0.03770 -0.53761 -0.11516 -0.73561 -0.01062 -0.03757 0.67628
1468940238.668764114 -0.03138 -0.55439 -0.11594 -0.73614 -0.00876 -0.05365 0.67465
1468940238.756895065 -0.02611 -0.56107 -0.11793 -0.73819 -0.00401 -0.05802 0.67208
1468940238.889091015 -0.02176 -0.55293 -0.12095 -0.73909 0.00180 -0.06250 0.67070
1468940238.977221966 -0.02171 -0.53579 -0.12324 -0.73790 0.00271 -0.06332 0.67192
1468940239.065351963 -0.02625 -0.51127 -0.12402 -0.73649 -0.00040 -0.06228 0.67357
1468940239.153482914 -0.03316 -0.48004 -0.12435 -0.73495 -0.00357 -0.05586 0.67581
1468940239.285679102 -0.04917 -0.42268 -0.12298 -0.73215 -0.01269 -0.04260 0.67969
1468940239.373810053 -0.06294 -0.37976 -0.12378 -0.73111 -0.01906 -0.03313 0.68119
1468940239.461941004 -0.07693 -0.33419 -0.12681 -0.72993 -0.02566 -0.02519 0.68257
1468940239.550071001 -0.09078 -0.28762 -0.13147 -0.72794 -0.03139 -0.01933 0.68465
1468940239.682267904 -0.10922 -0.22159 -0.13955 -0.72792 -0.03539 -0.01517 0.68457
1468940239.770397902 -0.12032 -0.18435 -0.14396 -0.72767 -0.03253 -0.01385 0.68501
1468940239.858529091 -0.13072 -0.15536 -0.14680 -0.72839 -0.02830 -0.00965 0.68451
1468940239.946660042 -0.14088 -0.13573 -0.14883 -0.72851 -0.02818 -0.00667 0.68442
1468940240.078855991 -0.15321 -0.12029 -0.15022 -0.72947 -0.03161 -0.00410 0.68327
1468940240.166986942 -0.15818 -0.11687 -0.15129 -0.73177 -0.03486 -0.00101 0.68066
1468940240.255116940 -0.16040 -0.11894 -0.15127 -0.73211 -0.03729 0.00028 0.68017
1468940240.343248129 -0.15965 -0.12622 -0.14953 -0.73219 -0.03637 0.00206 0.68012
1468940240.475444078 -0.15549 -0.14731 -0.14413 -0.72920 -0.03381 0.00260 0.68346
1468940240.563575029 -0.15036 -0.16478 -0.14124 -0.72948 -0.03261 0.00228 0.68322
1468940240.651705980 -0.14488 -0.18387 -0.13931 -0.72963 -0.03010 0.00153 0.68318
1468940240.739835978 -0.13893 -0.20170 -0.13847 -0.73028 -0.02645 0.00109 0.68264
1468940240.872031927 -0.13040 -0.21995 -0.13947 -0.73193 -0.02271 -0.00278 0.68100
1468940240.960163116 -0.12425 -0.22794 -0.14069 -0.73269 -0.01995 -0.00563 0.68024
1468940241.048294067 -0.11721 -0.23381 -0.14231 -0.73340 -0.01720 -0.00968 0.67951
1468940241.136425018 -0.11084 -0.23787 -0.14631 -0.73607 -0.01306 -0.01550 0.67661
1468940241.268620968 -0.12252 -0.24153 -0.15418 -0.73816 -0.01887 -0.02136 0.67402
1468940241.356750965 -0.15958 -0.24243 -0.15730 -0.73774 -0.02891 -0.00756 0.67443
1468940241.444881916 -0.21595 -0.24344 -0.15933 -0.73376 -0.03766 0.00676 0.67833
1468940241.533013105 -0.27862 -0.24676 -0.16172 -0.73252 -0.06328 0.02382 0.67738
1468940241.665209055 -0.34580 -0.25529 -0.16572 -0.73634 -0.08764 0.07561 0.66664
1468940241.753340006 -0.34642 -0.25851 -0.16630 -0.73600 -0.09439 0.08657 0.66476
1468940241.841470003 -0.29762 -0.25469 -0.16403 -0.73549 -0.08006 0.07271 0.66885
1468940241.929600954 -0.21139 -0.24759 -0.15766 -0.72894 -0.05682 0.03670 0.68123
1468940242.061796904 -0.05028 -0.23669 -0.14547 -0.73270 -0.02415 -0.03982 0.67895
1468940242.149928093 0.05406 -0.23594 -0.13290 -0.73899 0.00540 -0.08545 0.66825
1468940242.238059044 0.13448 -0.23772 -0.12155 -0.74062 0.02803 -0.12403 0.65978
1468940242.326189041 0.17518 -0.24042 -0.11584 -0.73898 0.04261 -0.15696 0.65380
1468940242.458385944 0.14164 -0.23879 -0.11522 -0.72786 0.05601 -0.15558 0.66549
1468940242.546515942 0.06276 -0.23105 -0.12241 -0.72844 0.04472 -0.12768 0.67162
1468940242.634647131 -0.04718 -0.22664 -0.13096 -0.73454 0.01687 -0.09055 0.67229
1468940242.722778082 -0.16997 -0.23179 -0.13255 -0.73284 0.00133 -0.03650 0.67942
1468940242.854974031 -0.33975 -0.25125 -0.12535 -0.72442 -0.04695 0.02625 0.68726
1468940242.943104982 -0.42349 -0.26523 -0.11988 -0.72768 -0.07009 0.07018 0.67871
1468940243.031234980 -0.47162 -0.27462 -0.11389 -0.72435 -0.08655 0.09759 0.67698
1468940243.119365931 -0.47618 -0.27629 -0.10697 -0.71731 -0.09063 0.10938 0.68212
1468940243.251562119 -0.39666 -0.26162 -0.10264 -0.71676 -0.07007 0.11341 0.68446
1468940243.339693069 -0.29365 -0.24213 -0.10231 -0.71185 -0.06950 0.07004 0.69537
1468940243.427824020 -0.15937 -0.21999 -0.10130 -0.72432 -0.04334 0.01269 0.68798
1468940243.515954018 -0.01252 -0.20907 -0.09207 -0.72570 -0.01487 -0.06319 0.68494
1468940243.648149967 0.16497 -0.22100 -0.06613 -0.71854 0.05064 -0.15299 0.67655
1468940243.736280918 0.20200 -0.23624 -0.04961 -0.70647 0.08232 -0.18966 0.67687
1468940243.824412107 0.16582 -0.23505 -0.04603 -0.69383 0.08544 -0.18526 0.69064
1468940243.912543058 0.06074 -0.21995 -0.05513 -0.68949 0.06064 -0.15444 0.70504
1468940244.044739008 -0.19348 -0.21189 -0.06789 -0.68868 -0.02026 -0.04191 0.72357
1468940244.132869959 -0.35074 -0.23332 -0.06922 -0.68714 -0.06318 0.04296 0.72249
1468940244.220999956 -0.43317 -0.25205 -0.06942 -0.69655 -0.08226 0.11203 0.70392
1468940244.309130907 -0.41722 -0.25185 -0.06602 -0.69629 -0.08009 0.12460 0.70231
1468940244.441327095 -0.23590 -0.22441 -0.06453 -0.69745 -0.03521 0.04919 0.71407
1468940244.529458046 -0.07022 -0.21534 -0.05562 -0.70640 -0.00474 -0.03242 0.70705
1468940244.617588997 0.07688 -0.22829 -0.03981 -0.70292 0.04044 -0.12447 0.69912
1468940244.705718994 0.16755 -0.25189 -0.02832 -0.69626 0.09887 -0.17545 0.68896
1468940244.837914944 0.14451 -0.25217 -0.03898 -0.69334 0.11846 -0.16607 0.69113
1468940244.926046133 0.03686 -0.22736 -0.05645 -0.70073 0.06488 -0.11025 0.70186
1468940245.014177084 -0.07279 -0.21360 -0.06984 -0.70037 0.02273 -0.05286 0.71145
1468940245.102308035 -0.14212 -0.20274 -0.08131 -0.70438 0.00952 -0.01741 0.70954
1468940245.234503984 -0.19422 -0.19671 -0.09831 -0.72304 -0.01632 -0.00356 0.69061
1468940245.322633982 -0.20933 -0.19539 -0.06568 -0.72416 -0.03765 -0.01066 0.68852
1468940245.410764933 -0.21268 -0.19317 0.03396 -0.72610 -0.05110 0.01141 0.68559
1468940245.498896122 -0.20225 -0.20256 0.16789 -0.67732 -0.04816 0.01288 0.73400
1468940245.631092072 -0.18471 -0.22303 0.25893 -0.62423 -0.03505 0.01591 0.78029
1468940245.719223022 -0.17320 -0.22423 0.19163 -0.62812 -0.01802 0.01162 0.77782
1468940245.807353020 -0.16333 -0.22701 0.03549 -0.67565 -0.00867 -0.00799 0.73713
1468940245.895483971 -0.15250 -0.23691 -0.12494 -0.73009 -0.00516 -0.03807 0.68227
1468940246.027679920 -0.13733 -0.24305 -0.18520 -0.76942 0.00511 -0.02769 0.63812
1468940246.115811110 -0.13312 -0.23628 -0.07912 -0.74921 -0.00009 -0.00240 0.66233
1468940246.203942060 -0.13107 -0.23914 0.08926 -0.70901 -0.01524 0.01806 0.70480
1468940246.292072058 -0.13440 -0.25519 0.24552 -0.66417 -0.03473 0.02529 0.74634
1468940246.424268961 -0.14108 -0.26552 0.32936 -0.61136 -0.03584 0.02828 0.79004
1468940246.512398958 -0.14252 -0.25301 0.25961 -0.62806 -0.02509 0.02337 0.77741
1468940246.600529909 -0.14436 -0.23443 0.09683 -0.67696 -0.01385 0.01514 0.73573
1468940246.688661098 -0.14849 -0.23104 -0.09512 -0.74098 -0.01725 -0.01462 0.67115
1468940246.820857048 -0.15583 -0.24782 -0.20879 -0.79035 -0.01944 -0.01400 0.61219
1468940246.908987999 -0.15384 -0.22837 -0.10554 -0.75329 -0.01928 -0.00383 0.65739
1468940246.997117996 -0.15239 -0.22071 0.06737 -0.69699 -0.02906 0.01424 0.71635
1468940247.085248947 -0.15252 -0.22936 0.21460 -0.64834 -0.04533 0.01378 0.75988
1468940247.217445135 -0.14822 -0.23390 0.27018 -0.61089 -0.04279 0.01336 0.79044
1468940247.305576086 -0.14083 -0.21736 0.16801 -0.64331 -0.02011 0.02027 0.76507
1468940247.393707037 -0.14134 -0.20120 -0.02018 -0.71770 -0.00596 -0.00102 0.69632
1468940247.481837034 -0.14076 -0.20854 -0.16209 -0.77119 0.01033 -0.00696 0.63649
1468940247.614032984 -0.13879 -0.21940 -0.19280 -0.77395 0.00760 -0.00953 0.63312
1468940247.702163935 -0.14540 -0.23655 -0.17104 -0.76883 -0.00750 -0.01068 0.63932
1468940247.790295124 -0.15688 -0.25300 -0.14080 -0.77140 -0.01614 0.01166 0.63604
1468940247.878426075 -0.16537 -0.27829 -0.11383 -0.77193 -0.02388 0.03245 0.63443
1468940248.010622025 -0.16545 -0.29875 -0.08040 -0.76938 -0.01566 0.04605 0.63694
1468940248.098752975 -0.16048 -0.28763 -0.06781 -0.76439 -0.02323 0.02338 0.64391
1468940248.186882973 -0.15433 -0.26375 -0.05690 -0.75792 -0.01531 0.01957 0.65188
1468940248.275013924 -0.14551 -0.24639 -0.04014 -0.74238 -0.00306 0.03678 0.66896
1468940248.407210112 -0.13260 -0.28149 -0.00450 -0.72348 -0.01588 0.05291 0.68813
1468940248.495341063 -0.11094 -0.36521 0.02350 -0.71707 -0.01464 0.07501 0.69280
1468940248.583472013 -0.07580 -0.48358 0.04492 -0.71613 -0.00646 0.09764 0.69107
1468940248.671602011 -0.03232 -0.60232 0.05606 -0.72425 0.00495 0.06778 0.68618
1468940248.803797960 0.01623 -0.70933 0.06443 -0.73363 0.03510 -0.01998 0.67835
1468940248.891928911 0.02355 -0.70516 0.06740 -0.73696 0.04737 -0.06165 0.67145
1468940248.980060101 0.00653 -0.63806 0.06677 -0.72042 0.02793 -0.06582 0.68984
1468940249.068191051 -0.02344 -0.51801 0.06184 -0.71444 -0.00157 -0.03721 0.69871
1468940249.200387001 -0.06234 -0.29288 0.05748 -0.69103 -0.01504 -0.02193 0.72234
1468940249.288516998 -0.09142 -0.16698 0.05627 -0.67871 -0.03753 -0.04071 0.73232
1468940249.376647949 -0.11658 -0.09198 0.05355 -0.68400 -0.03915 -0.02061 0.72814
1468940249.464778900 -0.13264 -0.08788 0.05416 -0.69504 -0.03904 -0.00841 0.71786
1468940249.596975088 -0.13064 -0.20895 0.06190 -0.69449 -0.04681 0.02072 0.71768
1468940249.685106039 -0.11536 -0.34879 0.05941 -0.69487 -0.04041 0.04188 0.71678
1468940249.773236036 -0.09936 -0.49374 0.04900 -0.71216 -0.03121 0.04670 0.69977
1468940249.861366987 -0.08535 -0.60130 0.03853 -0.72905 -0.00958 0.02319 0.68400
1468940249.993562937 -0.08450 -0.65622 0.03563 -0.74154 0.00093 -0.01389 0.67076
1468940250.081694126 -0.09537 -0.62227 0.03948 -0.72977 -0.01040 -0.00983 0.68354
1468940250.169825077 -0.11074 -0.52950 0.03793 -0.71774 -0.02953 0.00299 0.69568
1468940250.257955074 -0.12586 -0.39548 0.03766 -0.70329 -0.03619 0.01869 0.70974
1468940250.390151978 -0.14870 -0.18848 0.04050 -0.67433 -0.03994 -0.00403 0.73733
1468940250.478281975 -0.16116 -0.09815 0.03474 -0.68636 -0.03720 -0.00939 0.72625
1468940250.566412926 -0.17046 -0.08948 0.03711 -0.69434 -0.03910 -0.01184 0.71848
1468940250.654544115 -0.17547 -0.16251 0.05242 -0.68107 -0.04440 0.01251 0.73076
1468940250.786740065 -0.16119 -0.36952 0.06028 -0.67756 -0.04696 0.05292 0.73205
1468940250.874871016 -0.14369 -0.51210 0.05204 -0.69951 -0.04461 0.04833 0.71159
1468940250.963001013 -0.12552 -0.61166 0.04500 -0.71744 -0.02182 0.04314 0.69495
1468940251.051131964 -0.11551 -0.64963 0.04362 -0.73394 -0.01906 0.02398 0.67853
1468940251.183327913 -0.11321 -0.60387 0.04957 -0.71817 -0.02867 0.02921 0.69466
1468940251.271459103 -0.11629 -0.50677 0.04139 -0.70895 -0.03183 0.03827 0.70350
1468940251.359590054 -0.12145 -0.38114 0.03257 -0.70221 -0.02520 0.03313 0.71075
1468940251.447720051 -0.12995 -0.26417 0.02174 -0.70015 -0.01995 0.02180 0.71338
1468940251.579916954 -0.14981 -0.16813 0.01315 -0.70721 -0.01965 0.01217 0.70663
1468940251.668046951 -0.16409 -0.14222 0.01055 -0.70687 -0.02318 -0.00441 0.70695
1468940251.756177902 -0.19425 -0.12731 0.00528 -0.72106 -0.03463 -0.01269 0.69189
1468940251.844309092 -0.23788 -0.12176 0.00897 -0.72632 -0.03743 0.00587 0.68631
1468940251.976505041 -0.32917 -0.12774 0.03644 -0.71890 -0.06599 0.04028 0.69080
1468940252.064635992 -0.39169 -0.12958 0.08281 -0.72359 -0.09185 0.06363 0.68112
1468940252.152765989 -0.43400 -0.13954 0.15978 -0.71141 -0.10423 0.09336 0.68870
1468940252.240896940 -0.45354 -0.15417 0.24433 -0.68287 -0.12518 0.10083 0.71264
1468940252.373093128 -0.40630 -0.16764 0.33465 -0.65032 -0.11273 0.08569 0.74634
1468940252.461224079 -0.33377 -0.16512 0.36135 -0.64606 -0.08116 0.04766 0.75746
1468940252.549355030 -0.24425 -0.15937 0.36861 -0.65075 -0.04685 0.00906 0.75779
1468940252.637485027 -0.14333 -0.15652 0.36313 -0.64868 -0.02286 -0.04955 0.75911
1468940252.769680977 0.00111 -0.16210 0.32788 -0.64005 -0.00712 -0.11119 0.76021
1468940252.857811928 0.08028 -0.17001 0.28261 -0.64298 0.02375 -0.12286 0.75559
1468940252.945943117 0.14103 -0.17715 0.22018 -0.65009 0.04266 -0.12839 0.74771
1468940253.034074068 0.18455 -0.18379 0.14790 -0.65356 0.06110 -0.12828 0.74342
1468940253.166270018 0.21657 -0.18927 0.02896 -0.66631 0.06995 -0.13627 0.72978
1468940253.254400015 0.21230 -0.19139 -0.04305 -0.67608 0.07151 -0.13325 0.72114
1468940253.342530966 0.18481 -0.19002 -0.10150 -0.69414 0.06747 -0.12193 0.70622
1468940253.430661917 0.13281 -0.19045 -0.14150 -0.70804 0.05446 -0.09926 0.69704
1468940253.562858105 0.02635 -0.19039 -0.17230 -0.72146 0.02651 -0.06192 0.68917
1468940253.650989056 -0.05316 -0.19261 -0.18224 -0.72957 0.01808 -0.02838 0.68308
1468940253.739119053 -0.14224 -0.19956 -0.18549 -0.73218 -0.00643 -0.00433 0.68107
1468940253.827250004 -0.23422 -0.20991 -0.18322 -0.73123 -0.03251 0.01654 0.68115
1468940253.959445953 -0.35654 -0.22894 -0.16944 -0.72698 -0.05373 0.05709 0.68217
1468940254.047576904 -0.41523 -0.23444 -0.13777 -0.73190 -0.06188 0.07353 0.67461
1468940254.135708094 -0.45011 -0.22700 -0.06568 -0.73243 -0.07742 0.08196 0.67144
1468940254.223839045 -0.46763 -0.21926 0.03794 -0.71575 -0.09368 0.08163 0.68722
1468940254.356034994 -0.47426 -0.22156 0.20102 -0.67064 -0.09632 0.07597 0.73157
1468940254.444164991 -0.47229 -0.22846 0.28785 -0.64155 -0.08417 0.07466 0.75879
1468940254.532295942 -0.47021 -0.23375 0.33068 -0.62795 -0.08003 0.07626 0.77036
1468940254.620427132 -0.46992 -0.23161 0.31496 -0.62787 -0.07459 0.07013 0.77156
1468940254.752623081 -0.47581 -0.21939 0.19003 -0.65549 -0.06233 0.07631 0.74875
1468940254.840754032 -0.48072 -0.21961 0.07518 -0.68092 -0.06171 0.07651 0.72573
1468940254.928884029 -0.48168 -0.22831 -0.03746 -0.70724 -0.07006 0.08102 0.69881
1468940255.017014980 -0.46113 -0.24073 -0.12465 -0.72160 -0.08767 0.07981 0.68208
1468940255.149210930 -0.36336 -0.25035 -0.18892 -0.73515 -0.07416 0.06728 0.67047
1468940255.237342119 -0.26793 -0.25149 -0.19879 -0.72927 -0.05753 0.03334 0.68099
1468940255.325473070 -0.16123 -0.25340 -0.19849 -0.72971 -0.02485 -0.00216 0.68330
1468940255.413603067 -0.05683 -0.25735 -0.19021 -0.72706 -0.00100 -0.03569 0.68564
1468940255.545799017 0.08092 -0.26594 -0.16990 -0.72623 0.04841 -0.06252 0.68289
1468940255.633929968 0.12507 -0.25988 -0.13654 -0.73186 0.05938 -0.06017 0.67619
1468940255.722060919 0.14262 -0.23975 -0.06255 -0.72984 0.04910 -0.05527 0.67961
1468940255.810192108 0.14280 -0.22377 0.05028 -0.70103 0.03110 -0.03370 0.71166
1468940255.942388058 0.13271 -0.20763 0.22731 -0.66321 -0.00518 0.01803 0.74820
1468940256.030519009 0.13026 -0.19906 0.31207 -0.63762 -0.03560 -0.00701 0.76949
1468940256.118649006 0.12865 -0.19181 0.33781 -0.62332 -0.04398 -0.01009 0.78066
1468940256.206779957 0.12780 -0.18579 0.28319 -0.63041 -0.02280 -0.00009 0.77592
1468940256.338975906 0.10838 -0.19358 0.10572 -0.66136 0.01041 -0.02655 0.74953
1468940256.427107096 0.06481 -0.20508 -0.00732 -0.69222 0.01396 -0.02494 0.72112
1468940256.515238047 -0.00335 -0.21660 -0.07465 -0.71586 0.00418 0.01659 0.69803
1468940256.603368044 -0.07175 -0.24711 -0.09463 -0.71333 -0.02414 0.05546 0.69822
1468940256.735563993 -0.11678 -0.34082 -0.07874 -0.69861 -0.04470 0.06817 0.71084
1468940256.823694944 -0.11472 -0.43157 -0.05390 -0.70308 -0.01754 0.06531 0.70789
1468940256.911826134 -0.11213 -0.52095 -0.02661 -0.71528 0.00212 0.03001 0.69819
1468940256.999957085 -0.12379 -0.58871 -0.00396 -0.72354 0.02328 -0.01289 0.68977
1468940257.132153034 -0.17493 -0.61308 0.00573 -0.72213 0.03155 -0.04684 0.68945
1468940257.220283031 -0.21714 -0.57311 0.00350 -0.71928 0.02175 -0.04263 0.69307
1468940257.308413982 -0.26094 -0.50152 0.00595 -0.71387 0.00953 -0.00841 0.70016
1468940257.396544933 -0.30265 -0.40754 0.01090 -0.70262 -0.00469 0.00179 0.71155
1468940257.528741121 -0.36911 -0.26026 0.02252 -0.70024 -0.01592 0.01320 0.71361
1468940257.616872072 -0.41559 -0.18113 0.03374 -0.69603 -0.03364 0.00892 0.71717
1468940257.705002069 -0.45672 -0.14046 0.04309 -0.70132 -0.04543 0.01376 0.71127
1468940257.793133020 -0.48911 -0.15516 0.05455 -0.69362 -0.05843 0.02506 0.71753
1468940257.925328970 -0.50758 -0.26127 0.06155 -0.67766 -0.07207 0.05442 0.72981
1468940258.013459921 -0.49823 -0.35644 0.05278 -0.69187 -0.06159 0.09287 0.71337
1468940258.101591110 -0.48021 -0.45359 0.04182 -0.70749 -0.06317 0.12038 0.69352
1468940258.189721107 -0.45443 -0.53342 0.03719 -0.71394 -0.07954 0.13456 0.68254
1468940258.321918011 -0.40658 -0.59866 0.06171 -0.70982 -0.09150 0.13359 0.68552
1468940258.410048008 -0.37389 -0.59209 0.08795 -0.70108 -0.08813 0.09827 0.70076
1468940258.498178959 -0.34403 -0.55153 0.10950 -0.69776 -0.06915 0.08128 0.70834
1468940258.586309910 -0.31834 -0.49415 0.12616 -0.68995 -0.05171 0.06621 0.71897
1468940258.718506098 -0.28119 -0.39989 0.13878 -0.68469 -0.03407 0.04803 0.72645
1468940258.806637049 -0.25465 -0.33530 0.13771 -0.68832 -0.02665 0.03788 0.72393
1468940258.894767046 -0.22987 -0.26737 0.13339 -0.68620 -0.02819 0.02103 0.72656
1468940258.982897997 -0.20863 -0.19846 0.12611 -0.68173 -0.02623 0.00802 0.73109
1468940259.115093946 -0.17898 -0.12812 0.10751 -0.67709 -0.02501 -0.00555 0.73546
1468940259.203224897 -0.15613 -0.12545 0.08660 -0.67663 -0.02454 0.00252 0.73591
1468940259.291356087 -0.12533 -0.15401 0.06478 -0.67864 -0.02478 0.01249 0.73395
1468940259.379486084 -0.08594 -0.20153 0.04086 -0.69049 -0.02696 0.01212 0.72274
1468940259.511682034 -0.02632 -0.30249 0.00543 -0.71024 -0.02243 0.00204 0.70360
1468940259.599812984 0.01162 -0.37703 -0.00831 -0.71334 -0.02857 -0.00766 0.70019
1468940259.687943935 0.04652 -0.44951 -0.01146 -0.71391 -0.02041 -0.01892 0.69969
1468940259.776075125 0.07757 -0.50665 -0.01325 -0.72271 -0.00649 -0.03316 0.69033
1468940259.908271074 0.11197 -0.52995 -0.01150 -0.72878 -0.00760 -0.04204 0.68342
1468940259.996402025 0.12941 -0.49499 -0.01194 -0.72473 -0.00850 -0.04190 0.68771
1468940260.084532022 0.13885 -0.42909 -0.01350 -0.71641 -0.00326 -0.03356 0.69686
1468940260.172662973 0.13483 -0.34320 -0.01244 -0.70988 -0.00162 -0.03005 0.70368
1468940260.304858923 0.10580 -0.20433 -0.00945 -0.70833 0.00315 -0.02073 0.70557
1468940260.392990112 0.06947 -0.12100 -0.00977 -0.70814 0.00267 -0.03265 0.70531
1468940260.481121063 0.01415 -0.05785 -0.01357 -0.71501 0.01040 -0.02982 0.69840
1468940260.569251060 -0.06168 -0.02214 -0.01321 -0.71622 0.00479 -0.00532 0.69784
1468940260.701447010 -0.18480 -0.00777 -0.01127 -0.71039 -0.02302 0.03047 0.70277
1468940260.789577961 -0.25281 -0.01559 -0.01190 -0.70190 -0.04177 0.05203 0.70914
1468940260.877708912 -0.30831 -0.03923 -0.01103 -0.69916 -0.06484 0.07523 0.70804
1468940260.965840101 -0.33762 -0.07623 -0.00581 -0.69032 -0.07992 0.08738 0.71375
1468940261.098036051 -0.30923 -0.13543 0.01011 -0.68278 -0.07411 0.10117 0.71978
1468940261.186166048 -0.24043 -0.16770 0.02710 -0.69475 -0.05518 0.09745 0.71048
1468940261.274296999 -0.14986 -0.20393 0.04203 -0.70752 -0.04077 0.07290 0.70174
1468940261.362427950 -0.05824 -0.23964 0.02441 -0.72669 -0.03856 0.00991 0.68581
1468940261.494623899 0.06644 -0.28924 -0.07586 -0.74326 -0.00102 -0.02976 0.66834
1468940261.582755089 0.13320 -0.32287 -0.16412 -0.76506 0.02501 -0.06405 0.64028
1468940261.670885086 0.18288 -0.35773 -0.23981 -0.78274 0.04736 -0.09590 0.61309
1468940261.759016037 0.20038 -0.38127 -0.27745 -0.79460 0.07938 -0.10701 0.59233
1468940261.891211987 0.13650 -0.36060 -0.24532 -0.78532 0.06432 -0.09433 0.60848
1468940261.979342937 0.04890 -0.31895 -0.17984 -0.76665 0.04763 -0.06201 0.63729
1468940262.067474127 -0.05998 -0.27419 -0.09047 -0.74827 0.02906 -0.01414 0.66261
1468940262.155604124 -0.17534 -0.23947 0.01483 -0.72587 -0.00578 0.02822 0.68723
1468940262.287801027 -0.31389 -0.21603 0.16550 -0.67090 -0.04495 0.07752 0.73611
1468940262.375931025 -0.38014 -0.21129 0.22021 -0.64335 -0.06617 0.08282 0.75819
1468940262.464061975 -0.43096 -0.20587 0.21591 -0.63900 -0.07645 0.09393 0.75961
1468940262.552192926 -0.46793 -0.20314 0.15686 -0.64234 -0.09156 0.09172 0.75538
1468940262.684389114 -0.49618 -0.20788 -0.00868 -0.67471 -0.09329 0.07877 0.72792
1468940262.772520065 -0.49819 -0.21978 -0.13844 -0.70814 -0.09531 0.05939 0.69709
1468940262.860650063 -0.49202 -0.23828 -0.24907 -0.74441 -0.08836 0.05333 0.65970
1468940262.948781013 -0.48403 -0.25275 -0.32348 -0.76746 -0.08543 0.05750 0.63277
1468940263.080976963 -0.46685 -0.25472 -0.36996 -0.78740 -0.08252 0.06779 0.60712
1468940263.169107914 -0.43218 -0.23480 -0.35267 -0.78976 -0.07603 0.06821 0.60485
1468940263.257239103 -0.37051 -0.19742 -0.31136 -0.78531 -0.06133 0.06987 0.61208
1468940263.345369101 -0.29336 -0.14769 -0.24230 -0.77650 -0.05830 0.05162 0.62529
1468940263.477565050 -0.16720 -0.07646 -0.08218 -0.74344 -0.05045 0.02360 0.66648
1468940263.565696001 -0.08847 -0.04382 0.04300 -0.71373 -0.04790 0.00104 0.69878
1468940263.653826952 -0.02749 -0.02772 0.15291 -0.69141 -0.04862 -0.01555 0.72065
1468940263.741957903 0.00922 -0.02378 0.22581 -0.66809 -0.05327 -0.03590 0.74130
1468940263.874154091 0.03387 -0.04268 0.26082 -0.63928 -0.05500 -0.03497 0.76620
1468940263.962285042 0.04641 -0.04727 0.21744 -0.64708 -0.04625 -0.01967 0.76076
1468940264.050415039 0.05493 -0.05420 0.12696 -0.66480 -0.03905 -0.01804 0.74578
1468940264.138545990 0.05316 -0.07921 0.00990 -0.68441 -0.04689 -0.02260 0.72723
1468940264.270741940 0.04863 -0.13953 -0.16046 -0.73133 -0.02978 -0.00108 0.68138
1468940264.358873129 0.05181 -0.20122 -0.23862 -0.74940 -0.01258 -0.00366 0.66198
1468940264.447004080 0.05905 -0.28872 -0.27986 -0.76094 0.01447 0.00031 0.64866
1468940264.535134077 0.07024 -0.39208 -0.28223 -0.76813 0.03761 -0.00263 0.63919
1468940264.667330027 0.09952 -0.56095 -0.23469 -0.76595 0.07643 -0.02249 0.63794
1468940264.755460978 0.11283 -0.66606 -0.18615 -0.77348 0.09496 -0.07001 0.62275
1468940264.843591928 0.10988 -0.73764 -0.13862 -0.77277 0.11850 -0.09644 0.61603
1468940264.931723118 0.09102 -0.76460 -0.10071 -0.77154 0.11168 -0.11791 0.61511
1468940265.063919067 0.05470 -0.71925 -0.06882 -0.75539 0.08709 -0.10379 0.64112
1468940265.152049065 0.02240 -0.63998 -0.06374 -0.74804 0.05536 -0.08202 0.65624
1468940265.240180016 -0.01328 -0.53696 -0.05953 -0.73735 0.04433 -0.04476 0.67257
1468940265.328310966 -0.05025 -0.42205 -0.05295 -0.72912 0.03417 -0.02576 0.68305
1468940265.460506916 -0.10722 -0.24447 -0.03944 -0.72760 0.01467 -0.01110 0.68576
1468940265.548638105 -0.15047 -0.13978 -0.02875 -0.72391 -0.01425 -0.01499 0.68959
1468940265.636768103 -0.19700 -0.05324 -0.02396 -0.72919 -0.03171 -0.00652 0.68354
1468940265.724899054 -0.24954 0.01377 -0.03301 -0.73031 -0.05681 -0.00690 0.68071
1468940265.857095003 -0.33602 0.04667 -0.05842 -0.72580 -0.09454 0.02227 0.68102
1468940265.945225954 -0.37168 0.02841 -0.06944 -0.71654 -0.09454 0.05916 0.68857
1468940266.033356905 -0.38381 -0.01422 -0.07820 -0.71236 -0.10138 0.07682 0.69019
1468940266.121486902 -0.38058 -0.07574 -0.08692 -0.70877 -0.10790 0.08524 0.69191
1468940266.253684044 -0.35584 -0.19312 -0.09877 -0.71005 -0.09621 0.07921 0.69304
1468940266.341814041 -0.33646 -0.27783 -0.10948 -0.72274 -0.07499 0.07621 0.68280
1468940266.429944992 -0.31813 -0.36197 -0.12098 -0.73313 -0.05635 0.06780 0.67435
1468940266.518075943 -0.30322 -0.43278 -0.13100 -0.74317 -0.04618 0.04643 0.66589
1468940266.650272131 -0.29604 -0.47257 -0.13434 -0.75289 -0.03947 0.03386 0.65609
1468940266.738403082 -0.29850 -0.44497 -0.13024 -0.74844 -0.03676 0.03937 0.66101
1468940266.826533079 -0.30284 -0.39420 -0.12718 -0.73599 -0.03653 0.03579 0.67506
1468940266.914664030 -0.30897 -0.33395 -0.12082 -0.73230 -0.03702 0.03175 0.67923
1468940267.046859980 -0.30945 -0.26598 -0.05326 -0.71179 -0.05242 0.03855 0.69937
1468940267.134990931 -0.28563 -0.24627 0.02646 -0.69111 -0.06402 0.05385 0.71789
1468940267.223122120 -0.23994 -0.23800 0.10846 -0.66361 -0.07973 0.03439 0.74302
1468940267.311252117 -0.17485 -0.23516 0.17173 -0.64666 -0.07474 0.01482 0.75896
1468940267.443448067 -0.05400 -0.22951 0.19611 -0.64255 -0.04447 -0.02851 0.76442
1468940267.531579018 0.02940 -0.22586 0.16065 -0.64781 -0.01666 -0.03414 0.76085
1468940267.619709969 0.10201 -0.22403 0.09235 -0.66190 0.00968 -0.06742 0.74649
1468940267.707840919 0.15353 -0.22497 0.00511 -0.69134 0.04312 -0.07444 0.71738
1468940267.840037107 0.17699 -0.22914 -0.13949 -0.74135 0.07382 -0.07452 0.66287
1468940267.928168058 0.14833 -0.23266 -0.22807 -0.76611 0.07122 -0.07230 0.63464
1468940268.016298056 0.08567 -0.23520 -0.28430 -0.77552 0.04999 -0.05388 0.62703
1468940268.104429007 0.00234 -0.23141 -0.30226 -0.77843 0.02481 -0.02626 0.62669
1468940268.236624956 -0.12117 -0.20517 -0.26770 -0.77166 -0.00098 0.02382 0.63559
1468940268.324755907 -0.17929 -0.17646 -0.19627 -0.74688 -0.00451 0.04591 0.66336
1468940268.412887096 -0.21932 -0.14920 -0.09371 -0.70814 -0.00441 0.04935 0.70434
1468940268.501017094 -0.25646 -0.13593 0.01752 -0.66747 -0.01397 0.05668 0.74234
1468940268.633213043 -0.32849 -0.14043 0.13811 -0.62422 -0.04960 0.06614 0.77687
1468940268.721343994 -0.38646 -0.15378 0.17196 -0.61238 -0.08357 0.07537 0.78251
1468940268.809474945 -0.44276 -0.16541 0.16614 -0.61175 -0.11266 0.08654 0.77819
1468940268.897606134 -0.48897 -0.17273 0.12248 -0.62912 -0.13349 0.10174 0.75897
1468940269.029802084 -0.52527 -0.17899 0.00500 -0.67909 -0.15165 0.11127 0.70955
1468940269.117932081 -0.51698 -0.18067 -0.08147 -0.71901 -0.16107 0.09600 0.66923
1468940269.206063032 -0.47881 -0.17593 -0.14069 -0.75274 -0.16219 0.07896 0.63312
1468940269.294193983 -0.41878 -0.16363 -0.15610 -0.76511 -0.15588 0.05291 0.62250
1468940269.426389933 -0.31547 -0.13522 -0.09891 -0.74543 -0.11750 0.04069 0.65489
1468940269.514521122 -0.25019 -0.12147 -0.02672 -0.72072 -0.10415 0.03471 0.68448
1468940269.602652073 -0.18838 -0.11687 0.05341 -0.69968 -0.09483 0.03488 0.70728
1468940269.690782070 -0.12120 -0.12382 0.13304 -0.67155 -0.07410 0.03361 0.73648
1468940269.822978020 -0.00807 -0.14681 0.22104 -0.63716 -0.04611 0.01762 0.76915
1468940269.911108971 0.07183 -0.16183 0.23959 -0.63854 -0.03014 -0.00245 0.76899
1468940269.999239922 0.15134 -0.17102 0.21865 -0.63658 -0.01890 -0.03716 0.77008
1468940270.087369919 0.21620 -0.17775 0.15875 -0.64415 -0.01378 -0.07094 0.76147
1468940270.219567060 0.26682 -0.19029 0.01861 -0.69200 0.02663 -0.09140 0.71559
1468940270.307697058 0.26128 -0.20019 -0.08388 -0.71871 0.05833 -0.08801 0.68725
1468940270.395828009 0.22013 -0.20870 -0.16608 -0.73797 0.07193 -0.08388 0.66573
1468940270.483958960 0.14168 -0.20965 -0.20192 -0.74277 0.06901 -0.05059 0.66406
1468940270.616154909 -0.00138 -0.18721 -0.17231 -0.74965 0.03624 0.00669 0.66080
1468940270.704286098 -0.08715 -0.17403 -0.10449 -0.72484 0.00665 0.01138 0.68879
1468940270.792416096 -0.18078 -0.17426 -0.03484 -0.69529 -0.01426 0.03327 0.71782
1468940270.880547047 -0.28493 -0.18559 0.00787 -0.67432 -0.04041 0.05893 0.73498
1468940271.012742996 -0.41150 -0.21030 0.02579 -0.66279 -0.06668 0.11265 0.73727
1468940271.100873947 -0.43164 -0.21318 0.01836 -0.67140 -0.07630 0.12665 0.72620
1468940271.189004898 -0.38427 -0.20221 0.00449 -0.68825 -0.06266 0.10701 0.71480
1468940271.277135134 -0.29145 -0.18809 -0.01193 -0.70263 -0.04074 0.04754 0.70880
1468940271.409331083 -0.12050 -0.17973 -0.03303 -0.72106 -0.01284 -0.04244 0.69146
1468940271.497462034 -0.00985 -0.18573 -0.03301 -0.71727 0.01554 -0.10025 0.68937
1468940271.585592985 0.05339 -0.19302 -0.02935 -0.70943 0.04903 -0.13080 0.69080
1468940271.673723936 0.02413 -0.18414 -0.04028 -0.70437 0.01918 -0.13366 0.69688
1468940271.805920124 -0.15115 -0.17513 -0.08674 -0.69631 -0.05655 -0.04735 0.71394
1468940271.894051075 -0.27127 -0.18401 -0.10850 -0.69188 -0.09317 0.04334 0.71467
1468940271.982181072 -0.30374 -0.18538 -0.11580 -0.70151 -0.10209 0.11006 0.69666
1468940272.070312023 -0.21507 -0.16549 -0.11042 -0.70783 -0.07254 0.09534 0.69615
1468940272.202507973 -0.00854 -0.14240 -0.10271 -0.72388 0.00624 -0.01381 0.68976
1468940272.290638924 0.06417 -0.15297 -0.10881 -0.72761 0.05144 -0.07002 0.68046
1468940272.378770113 0.02962 -0.16538 -0.12881 -0.72891 0.04229 -0.06657 0.68005
1468940272.466900110 -0.09176 -0.17206 -0.15562 -0.73109 -0.03033 -0.00804 0.68156
1468940272.599096060 -0.23065 -0.18911 -0.18800 -0.73543 -0.07927 0.10026 0.66544
1468940272.687227011 -0.19215 -0.19476 -0.18133 -0.73473 -0.04855 0.10150 0.66896
1468940272.775357962 -0.07548 -0.19702 -0.16423 -0.72007 0.00451 0.05805 0.69145
1468940272.863488913 0.04162 -0.20631 -0.15756 -0.71786 0.03350 -0.04144 0.69414
1468940272.995685101 0.06869 -0.23717 -0.16447 -0.72009 0.07576 -0.11034 0.68085
1468940273.083815098 -0.05891 -0.24881 -0.17264 -0.72289 0.02194 -0.07179 0.68687
1468940273.171946049 -0.22130 -0.25611 -0.18120 -0.74727 -0.04425 0.00130 0.66304
1468940273.260077000 -0.31722 -0.24708 -0.10128 -0.73332 -0.05868 0.06629 0.67409
1468940273.392272949 -0.36348 -0.23935 0.11279 -0.65713 -0.08237 0.07127 0.74586
1468940273.480403900 -0.37597 -0.25465 0.15782 -0.62322 -0.08323 0.05490 0.77566
1468940273.568534136 -0.38713 -0.26179 0.05865 -0.66114 -0.07571 0.04208 0.74525
1468940273.656665087 -0.39746 -0.28200 -0.12078 -0.74171 -0.07952 0.03196 0.66522
1468940273.788861036 -0.37359 -0.28396 -0.13122 -0.76185 -0.06767 0.04701 0.64249
1468940273.876991987 -0.32995 -0.25876 0.03252 -0.68312 -0.06611 0.03348 0.72653
1468940273.965122938 -0.28958 -0.26341 0.15429 -0.60748 -0.05556 0.02283 0.79206
1468940274.053252935 -0.25929 -0.26420 0.11217 -0.60977 -0.04377 0.01644 0.79120
1468940274.185450077 -0.20252 -0.25703 -0.16020 -0.75902 -0.04029 -0.01555 0.64964
1468940274.273580074 -0.15015 -0.24189 -0.14536 -0.76299 -0.00967 0.00903 0.64628
1468940274.361711025 -0.09552 -0.21078 0.01893 -0.67821 -0.02429 0.00181 0.73447
1468940274.449841976 -0.04295 -0.20445 0.15188 -0.60786 -0.03926 -0.00484 0.79306
1468940274.582037926 0.03353 -0.18330 0.03792 -0.64636 -0.01944 -0.04515 0.76145
1468940274.670169115 0.07889 -0.19572 -0.17214 -0.75865 0.00522 -0.05588 0.64907
1468940274.758299112 0.11564 -0.20934 -0.20023 -0.77310 0.04285 -0.02453 0.63236
1468940274.846430063 0.15075 -0.18004 -0.05660 -0.69882 0.01865 -0.03011 0.71442
1468940274.978626013 0.18872 -0.16408 0.11252 -0.61598 -0.00505 -0.06091 0.78539
1468940275.066756964 0.20530 -0.16015 0.06766 -0.63259 0.00817 -0.07923 0.77038
1468940275.154887915 0.19606 -0.16725 -0.05814 -0.68125 0.05864 -0.10777 0.72170
1468940275.243017912 0.06653 -0.16855 -0.13793 -0.71139 0.05598 -0.05560 0.69835
1468940275.375214100 -0.24276 -0.18359 -0.14170 -0.69140 -0.07551 0.09604 0.71207
1468940275.463345051 -0.30514 -0.19405 -0.13585 -0.69518 -0.08165 0.15370 0.69745
1468940275.551476002 -0.20629 -0.18751 -0.14458 -0.69958 -0.02299 0.07612 0.71011
1468940275.639606953 -0.07224 -0.20139 -0.16375 -0.71223 0.04919 -0.03611 0.69928
1468940275.771802902 -0.07765 -0.24204 -0.17124 -0.71415 0.11056 -0.08295 0.68622
1468940275.859934092 -0.21972 -0.23388 -0.17767 -0.75093 0.01088 -0.01108 0.66020
1468940275.948064089 -0.29370 -0.22116 -0.08561 -0.72229 -0.03511 0.03909 0.68959
1468940276.036195040 -0.29264 -0.20793 0.05212 -0.68650 -0.06053 0.03281 0.72386
1468940276.168390989 -0.27255 -0.18870 0.08043 -0.62955 -0.06592 -0.00449 0.77414
1468940276.256521940 -0.26847 -0.18534 -0.07737 -0.68968 -0.06370 -0.01304 0.72119
1468940276.344653130 -0.24963 -0.21418 -0.19933 -0.75707 -0.04327 0.00025 0.65189
1468940276.432783127 -0.22353 -0.20673 -0.15449 -0.75055 -0.02037 0.02990 0.65982
1468940276.564979076 -0.17901 -0.16875 0.04852 -0.68259 -0.04215 0.03004 0.72896
1468940276.653110027 -0.14516 -0.16066 0.11153 -0.64832 -0.06306 0.00173 0.75875
1468940276.741240978 -0.11912 -0.12823 0.05849 -0.65085 -0.06466 -0.01313 0.75633
1468940276.829371929 -0.09354 -0.13449 -0.06114 -0.69312 -0.06005 -0.00204 0.71831
1468940276.961568117 -0.02627 -0.31367 -0.14441 -0.71473 -0.03106 -0.01419 0.69857
1468940277.049698114 0.00256 -0.38378 -0.14247 -0.72911 0.00179 -0.02081 0.68408
1468940277.137829065 -0.00491 -0.29950 -0.11003 -0.72986 -0.01396 0.00418 0.68344
1468940277.225960016 -0.02392 -0.13960 -0.09520 -0.69358 -0.02302 -0.00608 0.71999
1468940277.358155966 -0.05234 -0.09628 -0.10801 -0.70291 -0.06918 -0.00418 0.70789
1468940277.446286917 -0.05498 -0.21601 -0.11520 -0.69372 -0.05805 -0.00731 0.71786
1468940277.534416914 -0.07807 -0.27709 -0.11671 -0.71546 -0.03249 0.02750 0.69736
1468940277.622548103 -0.12646 -0.17969 -0.08831 -0.72154 -0.04529 0.03072 0.69021
1468940277.754744053 -0.20510 -0.07032 -0.08619 -0.73395 -0.04256 0.01785 0.67763
1468940277.842875004 -0.24876 -0.18992 -0.08038 -0.69751 -0.06316 0.01189 0.71369
1468940277.931005955 -0.30328 -0.30669 -0.07632 -0.70200 -0.06925 0.04566 0.70733
1468940278.019135952 -0.36477 -0.26645 -0.01461 -0.70497 -0.09001 0.05174 0.70159
1468940278.151333094 -0.43564 -0.11426 0.02159 -0.71450 -0.08331 0.01343 0.69453
1468940278.239463091 -0.45445 -0.16633 -0.00882 -0.70037 -0.09649 0.00945 0.70716
1468940278.327594042 -0.45775 -0.29484 -0.07499 -0.70658 -0.08166 0.08061 0.69827
1468940278.415724993 -0.43093 -0.35220 -0.17051 -0.75754 -0.07905 0.08557 0.64231
1468940278.547920942 -0.26935 -0.31475 -0.18713 -0.79172 -0.00398 -0.01435 0.61071
1468940278.636052132 -0.19980 -0.28474 -0.08369 -0.76161 0.02079 -0.04885 0.64586
1468940278.724182129 -0.21132 -0.24929 0.00102 -0.71914 0.00286 -0.04764 0.69322
1468940278.812313080 -0.28233 -0.20772 0.01816 -0.68799 -0.04563 -0.00687 0.72425
1468940278.944509029 -0.31599 -0.17903 -0.02902 -0.69652 -0.07284 0.07215 0.71018
1468940279.032639980 -0.19204 -0.18307 -0.04526 -0.68775 -0.03244 0.03037 0.72459
1468940279.120770931 -0.04360 -0.19165 -0.06599 -0.69662 0.03799 -0.04763 0.71485
1468940279.208900928 -0.01629 -0.19576 -0.10039 -0.70095 0.06636 -0.06587 0.70705
1468940279.341097116 -0.15656 -0.20114 -0.15574 -0.71242 -0.08120 0.03589 0.69611
1468940279.429228067 -0.09065 -0.19135 -0.14954 -0.71459 -0.03183 0.05260 0.69684
1468940279.517359018 0.04495 -0.17856 -0.14349 -0.70698 0.01774 -0.04111 0.70582
1468940279.605489969 0.09331 -0.19401 -0.17547 -0.71996 0.05486 -0.09086 0.68586
1468940279.737685919 0.01337 -0.20465 -0.13917 -0.71932 -0.00689 -0.00913 0.69458
1468940279.825817108 0.01026 -0.16483 -0.01035 -0.69376 -0.04785 0.01350 0.71848
1468940279.913947105 0.01858 -0.13088 0.08190 -0.64419 -0.06587 -0.01570 0.76186
1468940280.002078056 0.02988 -0.11728 0.06227 -0.63709 -0.06366 -0.03941 0.76714
