1540821366.765526533 0.00562 -0.01531 0.20576 -0.66185 -0.03580 -0.07472 0.74505
1540821366.854881525 0.00159 -0.01516 0.24009 -0.66646 -0.04099 -0.06554 0.74152
1540821366.944101572 0.00600 -0.01711 0.27692 -0.67164 -0.03675 -0.06151 0.73740
1540821367.062905550 0.01218 -0.02019 0.32341 -0.67713 -0.02492 -0.05894 0.73307
1540821367.151948690 0.01586 -0.01892 0.35530 -0.67572 -0.01557 -0.05754 0.73475
1540821367.241041660 0.01607 -0.00946 0.38359 -0.67937 -0.01149 -0.05523 0.73163
1540821367.330206633 0.01772 0.00161 0.41004 -0.68047 -0.01287 -0.06142 0.73009
1540821367.449244499 0.01897 0.01816 0.42877 -0.68701 -0.00739 -0.06199 0.72396
1540821367.538649559 0.02204 0.03338 0.43837 -0.69120 0.00631 -0.07014 0.71922
1540821367.658059597 0.02001 0.06687 0.45077 -0.67972 0.01321 -0.07625 0.72937
1540821367.747860670 0.01601 0.09955 0.45529 -0.67945 0.02301 -0.07672 0.72934
1540821367.837908506 0.00875 0.13264 0.45845 -0.68236 0.02971 -0.07037 0.72702
1540821367.958356619 -0.00003 0.16987 0.46727 -0.67698 0.03575 -0.07100 0.73170
1540821368.048985481 -0.00229 0.19417 0.46698 -0.68440 0.03800 -0.06297 0.72538
1540821368.139815569 -0.00020 0.21688 0.46966 -0.67606 0.02647 -0.05115 0.73459
1540821368.261082649 0.01147 0.23718 0.46980 -0.68808 0.00550 -0.04473 0.72424
1540821368.351964712 0.03788 0.24557 0.47412 -0.68120 0.00518 -0.04728 0.73055
1540821368.442761660 0.06769 0.25330 0.47712 -0.68540 -0.00238 -0.05605 0.72600
1540821368.563771486 0.10215 0.26354 0.48344 -0.68376 -0.00572 -0.06590 0.72671
1540821368.654510498 0.11191 0.27128 0.48672 -0.68035 -0.00696 -0.07101 0.72940
1540821368.745276690 0.10512 0.27704 0.48497 -0.67839 -0.00536 -0.07470 0.73088
1540821368.866389513 0.07907 0.28132 0.47496 -0.67454 0.00130 -0.07495 0.73442
1540821368.957303524 0.05610 0.28216 0.46100 -0.67486 0.01244 -0.07083 0.73443
1540821369.048292637 0.03752 0.28198 0.44301 -0.67758 0.02368 -0.06278 0.73238
1540821369.169754505 0.03675 0.28140 0.42036 -0.68366 0.03814 -0.04805 0.72722
1540821369.260962486 0.05195 0.28181 0.41110 -0.68258 0.03168 -0.05243 0.72824
1540821369.352229595 0.06785 0.28982 0.39822 -0.68273 0.02217 -0.06042 0.72783
1540821369.443526506 0.07427 0.30694 0.38054 -0.67358 0.00810 -0.05996 0.73664
1540821369.534799576 0.07586 0.32718 0.34932 -0.66846 -0.00923 -0.05138 0.74191
1540821369.625934601 0.07713 0.33448 0.30967 -0.66179 -0.01201 -0.04425 0.74829
1540821369.716867685 0.07731 0.32486 0.26990 -0.67058 -0.00669 -0.04425 0.74049
1540821369.837811708 0.07772 0.28694 0.23634 -0.69165 0.00384 -0.05273 0.72029
1540821369.928348541 0.07888 0.24853 0.22742 -0.69541 0.01082 -0.07753 0.71434
1540821370.018816710 0.08141 0.21452 0.21930 -0.70397 0.02135 -0.10565 0.70200
1540821370.109335661 0.07926 0.19830 0.21598 -0.70530 0.02503 -0.12462 0.69742
1540821370.199976683 0.07421 0.20443 0.21387 -0.70293 0.02396 -0.13077 0.69872
1540821370.290752649 0.06904 0.22628 0.21327 -0.69737 0.02358 -0.12914 0.70458
1540821370.381658554 0.06295 0.26002 0.21497 -0.68613 0.01878 -0.12019 0.71724
1540821370.502985477 0.05426 0.30766 0.22269 -0.67334 0.00689 -0.10532 0.73176
1540821370.594003677 0.04548 0.33370 0.22535 -0.67589 -0.00182 -0.09393 0.73099
1540821370.684978485 0.03807 0.34011 0.22417 -0.67928 -0.01103 -0.08534 0.72882
1540821370.775831699 0.03613 0.32345 0.21848 -0.68860 -0.00812 -0.08411 0.72020
1540821370.866536617 0.03709 0.29125 0.21141 -0.69650 0.00533 -0.09236 0.71156
1540821370.957163572 0.03805 0.26131 0.20272 -0.70346 0.01918 -0.09535 0.70405
1540821371.078005552 0.03872 0.24165 0.20287 -0.70686 0.03887 -0.08845 0.70072
1540821371.168712616 0.04017 0.23936 0.23211 -0.69614 0.04141 -0.09947 0.70977
1540821371.259523630 0.04320 0.24250 0.27669 -0.68546 0.03251 -0.11134 0.71881
1540821371.350475550 0.04661 0.24734 0.31802 -0.68179 0.02008 -0.12347 0.72078
1540821371.441563606 0.04745 0.25309 0.33987 -0.68113 0.00500 -0.13321 0.71992
1540821371.532768488 0.04571 0.26010 0.32987 -0.68105 -0.00408 -0.13650 0.71939
1540821371.624032497 0.04037 0.26759 0.28916 -0.68717 0.01077 -0.11782 0.71680
1540821371.715305567 0.02943 0.27210 0.24049 -0.69352 0.03154 -0.09164 0.71389
1540821371.836935520 0.01319 0.27145 0.20165 -0.70009 0.05218 -0.06418 0.70925
1540821371.928113699 0.01426 0.25417 0.19833 -0.70409 0.05789 -0.07007 0.70427
1540821372.019289494 0.03272 0.22313 0.20697 -0.70316 0.06991 -0.09423 0.70129
1540821372.110539675 0.06283 0.19846 0.21860 -0.70281 0.07761 -0.11596 0.69755
1540821372.201934576 0.09215 0.20128 0.23331 -0.70194 0.06932 -0.12599 0.69757
1540821372.293478489 0.10739 0.23342 0.25345 -0.69195 0.04855 -0.12534 0.70932
1540821372.385123491 0.10107 0.28538 0.27303 -0.67797 0.01954 -0.10870 0.72674
1540821372.507280588 0.05849 0.35079 0.28437 -0.66466 -0.02055 -0.06783 0.74378
1540821372.598650694 0.01349 0.37276 0.27104 -0.67221 -0.03954 -0.03382 0.73853
1540821372.689560652 -0.02509 0.36139 0.24705 -0.68293 -0.03516 -0.01109 0.72956
1540821372.779904604 -0.04273 0.32247 0.22268 -0.69459 -0.00417 -0.00528 0.71938
1540821372.869797707 -0.03516 0.27047 0.20729 -0.70622 0.03035 -0.02975 0.70672
1540821372.959540606 -0.01160 0.22222 0.20658 -0.71122 0.05792 -0.06366 0.69768
1540821373.049446583 0.02015 0.19324 0.22244 -0.70625 0.06718 -0.10290 0.69722
1540821373.169850588 0.05831 0.20274 0.25697 -0.69542 0.05387 -0.13564 0.70362
1540821373.260560513 0.07307 0.24127 0.28115 -0.68469 0.02676 -0.13523 0.71568
1540821373.351518631 0.06961 0.29300 0.29339 -0.67379 -0.00400 -0.11378 0.73010
1540821373.442586660 0.04900 0.33678 0.28636 -0.66866 -0.02962 -0.08810 0.73774
1540821373.533544540 0.02723 0.35391 0.25986 -0.66677 -0.03181 -0.06509 0.74174
1540821373.624249697 0.01074 0.34188 0.22154 -0.67910 -0.00929 -0.04373 0.73268
1540821373.744750500 -0.00210 0.28605 0.18465 -0.70773 0.03769 -0.04562 0.70400
1540821373.835001707 -0.00651 0.23016 0.18894 -0.71272 0.06855 -0.06485 0.69507
1540821373.925372601 -0.00530 0.17949 0.22353 -0.71109 0.08523 -0.10199 0.69042
1540821374.016025543 -0.00031 0.14936 0.28014 -0.71200 0.07915 -0.14657 0.68214
1540821374.106977701 0.00571 0.14774 0.34082 -0.71027 0.05991 -0.17337 0.67961
1540821374.198155642 0.01334 0.17401 0.39066 -0.70212 0.03366 -0.18366 0.68714
1540821374.289520502 0.01760 0.22147 0.42464 -0.68360 -0.00891 -0.18112 0.70697
1540821374.411589622 0.01308 0.30079 0.42886 -0.66771 -0.06645 -0.14538 0.72705
1540821374.503042698 0.00388 0.35213 0.39978 -0.66481 -0.08990 -0.10630 0.73392
1540821374.594118595 -0.00511 0.37943 0.35077 -0.67438 -0.08342 -0.06586 0.73070
1540821374.684681654 -0.01368 0.37795 0.29840 -0.68896 -0.06661 -0.03415 0.72093
1540821374.774741650 -0.02068 0.35265 0.25598 -0.70037 -0.03729 -0.01985 0.71253
1540821374.864377499 -0.02281 0.31363 0.22776 -0.71398 -0.00119 -0.02433 0.69975
1540821374.953801632 -0.01655 0.27786 0.21952 -0.72237 0.02002 -0.03487 0.69033
1540821375.073085546 0.00721 0.25456 0.23453 -0.72687 0.01719 -0.06551 0.68343
1540821375.162697554 0.01481 0.25365 0.24911 -0.71832 0.02536 -0.07309 0.69139
1540821375.252487659 0.00073 0.26088 0.26373 -0.70403 0.02668 -0.07473 0.70572
1540821375.342466593 -0.02826 0.27164 0.27340 -0.69855 0.03135 -0.06302 0.71209
1540821375.432603598 -0.06001 0.28222 0.28555 -0.69849 0.02287 -0.04029 0.71412
1540821375.552835703 -0.08608 0.29255 0.31348 -0.70716 -0.00010 -0.02199 0.70671
1540821375.642812490 -0.08103 0.29422 0.34314 -0.71232 -0.01442 -0.03603 0.70078
1540821375.732545614 -0.05906 0.29504 0.37702 -0.70490 -0.02754 -0.06036 0.70620
1540821375.822130680 -0.02556 0.29440 0.40254 -0.69872 -0.04406 -0.08499 0.70897
1540821375.911713600 0.01316 0.29222 0.40869 -0.69823 -0.04992 -0.10684 0.70610
1540821376.001389503 0.04346 0.28985 0.39454 -0.69513 -0.04415 -0.11898 0.70759
1540821376.121196508 0.05685 0.28654 0.34541 -0.69177 -0.02167 -0.10769 0.71371
1540821376.211257696 0.04554 0.28468 0.29878 -0.69183 0.00647 -0.08627 0.71686
1540821376.301467657 0.02315 0.28265 0.25498 -0.69714 0.03957 -0.05893 0.71341
1540821376.391801596 -0.00666 0.28115 0.22802 -0.69687 0.06214 -0.03077 0.71384
1540821376.482288599 -0.03806 0.28046 0.22156 -0.69941 0.06374 -0.01144 0.71178
1540821376.572870493 -0.06439 0.28220 0.23925 -0.69749 0.04796 0.00360 0.71498
1540821376.693540573 -0.08529 0.28790 0.28959 -0.69904 0.01800 0.00313 0.71485
1540821376.783797503 -0.08627 0.29227 0.33555 -0.70424 -0.00962 -0.01257 0.70978
1540821376.873725653 -0.07177 0.29533 0.38055 -0.69842 -0.03390 -0.03983 0.71377
1540821376.963355541 -0.04571 0.30053 0.41074 -0.69059 -0.05294 -0.07022 0.71788
1540821377.052851677 -0.01471 0.30492 0.41841 -0.68932 -0.05249 -0.09060 0.71685
1540821377.172189474 0.01898 0.31155 0.39898 -0.68541 -0.03847 -0.10468 0.71956
1540821377.261818647 0.03470 0.31587 0.36723 -0.68723 -0.02924 -0.10872 0.71767
1540821377.351635695 0.04319 0.32153 0.32600 -0.69523 -0.02026 -0.10149 0.71130
1540821377.441636562 0.04681 0.32802 0.28320 -0.69733 -0.01319 -0.09098 0.71084
1540821377.531749487 0.04858 0.33314 0.24099 -0.69677 -0.00669 -0.08313 0.71243
1540821377.621904612 0.04935 0.33732 0.20192 -0.69929 -0.00213 -0.07536 0.71085
1540821377.742094517 0.04730 0.34272 0.16236 -0.69558 -0.00334 -0.06623 0.71538
1540821377.832200527 0.04602 0.34590 0.14120 -0.69392 -0.00763 -0.06332 0.71722
1540821377.922287703 0.04523 0.34821 0.12451 -0.69649 -0.01170 -0.06143 0.71483
1540821378.012353659 0.04536 0.34819 0.11083 -0.69887 -0.01193 -0.06170 0.71248
1540821378.102389574 0.04621 0.34584 0.10098 -0.69175 -0.00935 -0.06137 0.71946
1540821378.192411661 0.04748 0.34559 0.09025 -0.68932 -0.00562 -0.05893 0.72203
1540821378.312483549 0.04741 0.34600 0.07619 -0.69009 -0.00671 -0.04766 0.72212
1540821378.402570486 0.04671 0.34478 0.06613 -0.69362 -0.00442 -0.04457 0.71894
1540821378.492654562 0.04719 0.34198 0.05725 -0.69830 -0.00029 -0.04551 0.71435
1540821378.582764626 0.04775 0.34102 0.05124 -0.69660 0.00167 -0.04375 0.71612
1540821378.672911644 0.04845 0.34224 0.04456 -0.69702 0.00199 -0.04154 0.71585
1540821378.763104677 0.04986 0.34254 0.03787 -0.69745 0.00605 -0.04039 0.71547
1540821378.883432627 0.05183 0.34320 0.02963 -0.69663 0.00760 -0.03570 0.71650
1540821378.973741531 0.05390 0.34411 0.02182 -0.70132 0.00951 -0.03350 0.71199
1540821379.064099550 0.05625 0.34387 0.01574 -0.70258 0.01226 -0.03062 0.71084
1540821379.154503584 0.05781 0.34379 0.01258 -0.70272 0.01065 -0.02718 0.71087
1540821379.244948626 0.05975 0.34544 0.01082 -0.70308 0.00900 -0.02607 0.71058
1540821379.335417509 0.06224 0.34666 0.00756 -0.70534 0.01138 -0.02410 0.70836
1540821379.456100702 0.06234 0.34811 0.00316 -0.70409 0.01163 -0.01739 0.70980
1540821379.546664476 0.06243 0.34875 0.00199 -0.70656 0.00994 -0.01705 0.70738
1540821379.637250662 0.06333 0.34796 0.00178 -0.70615 0.01099 -0.01755 0.70776
1540821379.727848530 0.06439 0.34823 0.00130 -0.70670 0.01212 -0.01848 0.70717
1540821379.818468571 0.06501 0.34814 0.00104 -0.70690 0.01219 -0.01925 0.70695
1540821379.909114599 0.06527 0.34812 -0.00029 -0.70807 0.01263 -0.01821 0.70579
1540821380.029985666 0.06650 0.34780 -0.00127 -0.70763 0.01144 -0.02047 0.70620
1540821380.120645523 0.06573 0.34777 -0.00214 -0.70987 0.00956 -0.02062 0.70396
1540821380.211283684 0.06601 0.34779 -0.00192 -0.70962 0.00981 -0.02120 0.70420
1540821380.301930666 0.06607 0.34768 -0.00200 -0.71012 0.00936 -0.02141 0.70369
1540821380.392585516 0.06583 0.34769 -0.00197 -0.71005 0.00973 -0.02074 0.70378
1540821380.483258486 0.06597 0.34767 -0.00193 -0.71007 0.00956 -0.02100 0.70376
1540821380.573934555 0.06608 0.34764 -0.00191 -0.71014 0.00918 -0.02134 0.70368
1540821380.694821596 0.06605 0.34761 -0.00189 -0.71019 0.00927 -0.02123 0.70363
1540821380.785443544 0.06603 0.34761 -0.00190 -0.71018 0.00928 -0.02106 0.70364
1540821380.876018524 0.06595 0.34761 -0.00194 -0.71029 0.00937 -0.02092 0.70354
1540821380.966577530 0.06599 0.34761 -0.00193 -0.71028 0.00932 -0.02095 0.70355
1540821381.057100534 0.06603 0.34763 -0.00192 -0.71029 0.00923 -0.02112 0.70353
1540821381.147572517 0.06601 0.34762 -0.00194 -0.71031 0.00926 -0.02105 0.70352
1540821381.268111706 0.06601 0.34756 -0.00198 -0.71035 0.00931 -0.02102 0.70347
1540821381.358553648 0.06594 0.34757 -0.00197 -0.71040 0.00929 -0.02093 0.70343
1540821381.449231625 0.06594 0.34759 -0.00200 -0.71036 0.00932 -0.02096 0.70346
1540821381.540157557 0.06595 0.34762 -0.00203 -0.71040 0.00937 -0.02101 0.70342
1540821381.631334543 0.06595 0.34764 -0.00205 -0.71043 0.00941 -0.02098 0.70339
1540821381.722729683 0.06594 0.34765 -0.00207 -0.71044 0.00945 -0.02091 0.70339
1540821381.814205647 0.06593 0.34768 -0.00209 -0.71048 0.00951 -0.02089 0.70335
1540821381.905759573 0.06594 0.34769 -0.00209 -0.71047 0.00952 -0.02092 0.70335
1540821382.027623653 0.06592 0.34773 -0.00211 -0.71054 0.00961 -0.02092 0.70328
1540821382.118705511 0.06590 0.34775 -0.00210 -0.71053 0.00966 -0.02100 0.70329
1540821382.209582567 0.06589 0.34774 -0.00209 -0.71055 0.00964 -0.02101 0.70327
1540821382.300303698 0.06588 0.34771 -0.00210 -0.71055 0.00961 -0.02100 0.70327
1540821382.390762568 0.06589 0.34770 -0.00210 -0.71053 0.00960 -0.02099 0.70329
1540821382.480899572 0.06589 0.34770 -0.00213 -0.71051 0.00960 -0.02099 0.70331
1540821382.600644588 0.06589 0.34769 -0.00220 -0.71050 0.00963 -0.02095 0.70332
1540821382.690207481 0.06589 0.34767 -0.00220 -0.71050 0.00965 -0.02095 0.70332
1540821382.779610634 0.06589 0.34770 -0.00219 -0.71054 0.00967 -0.02093 0.70328
1540821382.868888617 0.06591 0.34766 -0.00218 -0.71053 0.00961 -0.02086 0.70329
1540821382.958100557 0.06590 0.34765 -0.00218 -0.71054 0.00959 -0.02086 0.70328
1540821383.077013493 0.06589 0.34764 -0.00221 -0.71059 0.00962 -0.02085 0.70323
1540821383.166190624 0.06588 0.34765 -0.00222 -0.71060 0.00961 -0.02088 0.70322
1540821383.255350590 0.06588 0.34766 -0.00222 -0.71063 0.00961 -0.02089 0.70319
1540821383.344500542 0.06587 0.34764 -0.00224 -0.71062 0.00963 -0.02087 0.70320
1540821383.433624506 0.06588 0.34762 -0.00224 -0.71063 0.00963 -0.02082 0.70319
1540821383.552398682 0.06591 0.34761 -0.00228 -0.71067 0.00963 -0.02075 0.70315
1540821383.641457558 0.06592 0.34763 -0.00228 -0.71068 0.00960 -0.02074 0.70315
1540821383.730493546 0.06592 0.34764 -0.00227 -0.71069 0.00963 -0.02075 0.70314
1540821383.819512606 0.06591 0.34761 -0.00227 -0.71070 0.00962 -0.02074 0.70313
1540821383.908529520 0.06585 0.34741 -0.00221 -0.71076 0.00953 -0.02085 0.70306
1540821384.027220488 0.06584 0.34744 -0.00221 -0.71087 0.00961 -0.02080 0.70295
1540821384.116211653 0.06583 0.34741 -0.00222 -0.71083 0.00964 -0.02078 0.70299
1540821384.205172539 0.06580 0.34742 -0.00218 -0.71091 0.00966 -0.02077 0.70291
1540821384.294119596 0.06581 0.34741 -0.00218 -0.71091 0.00967 -0.02075 0.70291
1540821384.383068562 0.06581 0.34742 -0.00216 -0.71093 0.00969 -0.02072 0.70290
1540821384.501659632 0.06583 0.34739 -0.00215 -0.71090 0.00971 -0.02067 0.70292
1540821384.590588570 0.06583 0.34739 -0.00214 -0.71091 0.00971 -0.02065 0.70292
1540821384.679513693 0.06583 0.34740 -0.00212 -0.71091 0.00972 -0.02066 0.70291
1540821384.768439531 0.06583 0.34739 -0.00211 -0.71091 0.00974 -0.02065 0.70291
1540821384.886994600 0.06584 0.34741 -0.00209 -0.71095 0.00973 -0.02062 0.70287
1540821384.975901604 0.06585 0.34739 -0.00210 -0.71091 0.00973 -0.02060 0.70291
1540821385.064800501 0.06584 0.34740 -0.00210 -0.71091 0.00970 -0.02063 0.70291
1540821385.153704643 0.06585 0.34740 -0.00211 -0.71091 0.00970 -0.02063 0.70291
1540821385.242602587 0.06586 0.34740 -0.00210 -0.71092 0.00970 -0.02060 0.70291
1540821385.361143589 0.06589 0.34740 -0.00210 -0.71092 0.00972 -0.02054 0.70291
1540821385.450054646 0.06588 0.34740 -0.00211 -0.71093 0.00975 -0.02053 0.70290
1540821385.538959503 0.06588 0.34740 -0.00212 -0.71092 0.00975 -0.02053 0.70290
1540821385.627868652 0.06589 0.34740 -0.00213 -0.71090 0.00974 -0.02051 0.70292
1540821385.716766596 0.06588 0.34739 -0.00214 -0.71089 0.00974 -0.02054 0.70294
1540821385.835278511 0.06590 0.34739 -0.00215 -0.71088 0.00973 -0.02052 0.70295
1540821385.924156666 0.06590 0.34739 -0.00217 -0.71087 0.00971 -0.02053 0.70296
1540821386.013053656 0.06591 0.34738 -0.00218 -0.71086 0.00971 -0.02052 0.70297
1540821386.101955652 0.06590 0.34738 -0.00218 -0.71084 0.00969 -0.02055 0.70299
1540821386.220497608 0.06592 0.34740 -0.00220 -0.71083 0.00969 -0.02052 0.70299
1540821386.309395552 0.06590 0.34739 -0.00222 -0.71085 0.00972 -0.02056 0.70298
1540821386.398285627 0.06588 0.34741 -0.00222 -0.71084 0.00945 -0.02052 0.70300
1540821386.487174511 0.06586 0.34737 -0.00222 -0.71087 0.00953 -0.02082 0.70295
1540821386.576071501 0.06587 0.34738 -0.00222 -0.71089 0.00963 -0.02073 0.70293
1540821386.694603682 0.06588 0.34735 -0.00223 -0.71087 0.00971 -0.02064 0.70295
1540821386.783496618 0.06586 0.34735 -0.00222 -0.71093 0.00961 -0.02062 0.70289
1540821386.872398615 0.06584 0.34736 -0.00223 -0.71090 0.00959 -0.02058 0.70293
1540821386.961305618 0.06583 0.34735 -0.00223 -0.71089 0.00966 -0.02064 0.70293
1540821387.050211668 0.06584 0.34735 -0.00225 -0.71092 0.00964 -0.02059 0.70290
1540821387.168727636 0.06585 0.34735 -0.00228 -0.71093 0.00972 -0.02060 0.70290
1540821387.257606506 0.06585 0.34736 -0.00228 -0.71091 0.00965 -0.02060 0.70291
1540821387.346491575 0.06586 0.34736 -0.00228 -0.71092 0.00964 -0.02057 0.70290
1540821387.435375690 0.06586 0.34735 -0.00229 -0.71092 0.00975 -0.02071 0.70290
1540821387.553895712 0.06588 0.34734 -0.00229 -0.71083 0.00964 -0.02066 0.70300
1540821387.642780542 0.06586 0.34735 -0.00226 -0.71088 0.00956 -0.02075 0.70294
1540821387.731661558 0.06587 0.34734 -0.00224 -0.71078 0.00959 -0.02080 0.70304
1540821387.820556641 0.06588 0.34737 -0.00223 -0.71082 0.00953 -0.02084 0.70301
1540821387.909460545 0.06588 0.34737 -0.00224 -0.71074 0.00956 -0.02093 0.70308
1540821388.027999640 0.06591 0.34734 -0.00224 -0.71095 0.00942 -0.02078 0.70287
1540821388.116889477 0.06588 0.34732 -0.00225 -0.71096 0.00939 -0.02084 0.70286
1540821388.205782652 0.06588 0.34732 -0.00225 -0.71129 0.00935 -0.02095 0.70253
1540821388.294670582 0.06578 0.34736 -0.00223 -0.71158 0.00901 -0.02119 0.70223
1540821388.383551598 0.06569 0.34742 -0.00217 -0.71227 0.00874 -0.02125 0.70153
1540821388.502053499 0.06558 0.34749 -0.00218 -0.71294 0.00890 -0.02101 0.70085
1540821388.590926647 0.06560 0.34809 -0.00213 -0.71578 0.00699 -0.02141 0.69796
1540821388.679782629 0.06552 0.35028 -0.00230 -0.72542 0.00581 -0.02066 0.68797
1540821388.768587589 0.06487 0.35618 -0.00265 -0.74702 0.00589 -0.02080 0.66445
1540821388.886917591 0.06868 0.37609 0.00234 -0.77230 0.02550 -0.01805 0.63449
1540821388.975737572 0.07403 0.41048 0.01841 -0.77099 0.03826 -0.00486 0.63568
1540821389.064767599 0.08607 0.46160 0.05021 -0.76539 0.04332 0.01022 0.64203
1540821389.154023647 0.10883 0.52906 0.10987 -0.74779 0.02860 0.02148 0.66297
1540821389.243501663 0.14231 0.60415 0.18935 -0.74391 0.00988 0.03106 0.66748
1540821389.363026619 0.20263 0.71614 0.33069 -0.73701 -0.02591 0.02315 0.67499
1540821389.452623606 0.25244 0.80604 0.46187 -0.73670 -0.05551 0.01116 0.67384
1540821389.542039633 0.29714 0.89831 0.59488 -0.74882 -0.07756 0.01226 0.65810
1540821389.631148577 0.33681 0.99413 0.71207 -0.78194 -0.09659 0.01342 0.61568
1540821389.719868660 0.36963 1.09753 0.80402 -0.82514 -0.10453 0.02075 0.55479
1540821389.838113546 0.40342 1.25794 0.88205 0.88278 0.10404 -0.03487 -0.45680
1540821389.927269697 0.41873 1.41834 0.91295 0.89839 0.10634 -0.05079 -0.42309
1540821390.017077684 0.42530 1.62308 0.92124 0.89510 0.12192 -0.07152 -0.42286
1540821390.107427597 0.42245 1.86886 0.90571 0.88966 0.14045 -0.09386 -0.42424
1540821390.198171616 0.41248 2.15973 0.87299 0.87536 0.18421 -0.09676 -0.43641
1540821390.289173603 0.38541 2.49011 0.82694 0.85536 0.23557 -0.10273 -0.44980
1540821390.410455704 0.31055 2.97957 0.74969 0.81323 0.31346 -0.12447 -0.47425
1540821390.500941515 0.21759 3.37188 0.69114 0.77132 0.37687 -0.14239 -0.49270
1540821390.590812683 0.08478 3.77284 0.64580 0.73414 0.42890 -0.17121 -0.49778
1540821390.679863691 -0.08887 4.17492 0.62135 0.69241 0.47968 -0.20475 -0.49855
1540821390.767884493 -0.30138 4.56808 0.62031 -0.63737 -0.53615 0.23542 0.50088
1540821390.883527517 -0.63610 5.05472 0.64747 0.55870 0.60970 -0.27499 -0.49041
1540821390.969177485 -0.91833 5.38390 0.67750 0.49031 0.66564 -0.29199 -0.48089
1540821391.054110527 -1.22276 5.67317 0.71079 0.42426 0.71421 -0.30379 -0.46650
1540821391.166504622 -1.65136 5.98756 0.75598 0.38705 0.74982 -0.32746 -0.42512
1540821391.250501633 -1.99243 6.16849 0.79136 0.36287 0.77245 -0.34648 -0.38935
1540821391.334486485 -2.34591 6.31820 0.82879 0.31820 0.79846 -0.35855 -0.36423
1540821391.446561575 -2.83211 6.44742 0.88197 0.23369 0.83012 -0.37861 -0.33608
1540821391.530452490 -3.20120 6.47931 0.92426 0.15466 0.84683 -0.38315 -0.33488
1540821391.641720533 -3.67948 6.44099 0.96001 0.07088 0.85735 -0.37099 -0.34970
1540821391.724732637 -4.02284 6.36672 0.96056 0.03408 0.85876 -0.36012 -0.36289
1540821391.835007668 -4.44226 6.20342 0.92147 0.05630 0.85914 -0.36711 -0.35206
1540821391.917576551 -4.73002 6.03197 0.86898 0.08270 0.85951 -0.38145 -0.33000
1540821392.027771711 -5.08034 5.72083 0.78159 0.12448 0.86028 -0.40464 -0.28405
1540821392.110581636 -5.33788 5.43577 0.71654 0.13214 0.86468 -0.41678 -0.24730
1540821392.193430662 -5.58753 5.10528 0.65616 0.14302 0.86817 -0.43108 -0.20000
1540821392.304060698 -5.93764 4.59493 0.60406 0.16005 0.86511 -0.45643 -0.13281
1540821392.387604475 -6.21837 4.16127 0.59837 0.15960 0.86339 -0.46595 -0.10943
1540821392.499983549 -6.60722 3.51863 0.61761 0.17252 0.86136 -0.46808 -0.09589
1540821392.585042477 -6.92919 2.99533 0.64579 0.16908 0.86273 -0.46606 -0.09945
1540821392.670212507 -7.25892 2.44234 0.67440 0.14180 0.86837 -0.46005 -0.11906
1540821392.782705545 -7.70631 1.67656 0.69736 0.09848 0.87369 -0.45202 -0.15046
1540821392.866101503 -8.03030 1.08148 0.69593 0.11225 0.87187 -0.45290 -0.14874
1540821392.976424694 -8.45968 0.26882 0.66029 0.14693 0.86665 -0.45694 -0.13613
1540821393.059037685 -8.77711 -0.35591 0.60634 0.17332 0.85910 -0.46454 -0.12694
1540821393.169293642 -9.21407 -1.21246 0.50961 0.18643 0.84797 -0.48032 -0.12442
1540821393.252084494 -9.54889 -1.87849 0.43883 0.17063 0.84241 -0.49369 -0.13226
1540821393.335124493 -9.89572 -2.57092 0.38370 0.14483 0.83655 -0.51408 -0.12222
1540821393.446691513 -10.37200 -3.53971 0.35781 0.09263 0.82481 -0.54938 -0.09640
1540821393.530415535 -10.72649 -4.29046 0.38748 0.04028 0.81680 -0.56935 -0.08400
1540821393.640762568 -11.18353 -5.30392 0.49172 -0.02773 0.81140 -0.58071 -0.06029
1540821393.722484589 -11.50160 -6.06399 0.59414 -0.08879 0.81069 -0.57661 -0.04925
1540821393.830308676 -11.88386 -7.07962 0.75007 -0.20061 0.78685 -0.58124 -0.05272
1540821393.911337614 -12.12073 -7.84465 0.89146 -0.27605 0.75827 -0.58852 -0.04958
1540821394.020651579 -12.36986 -8.86254 1.09352 -0.42108 0.68752 -0.58652 -0.07741
1540821394.104218483 -12.48391 -9.61116 1.24518 -0.54216 0.60391 -0.57610 -0.09728
1540821394.217714548 -12.49862 -10.53826 1.42984 0.67885 -0.49298 0.53768 0.08383
1540821394.304566622 -12.39901 -11.14656 1.53712 0.76150 -0.42330 0.49008 0.02758
1540821394.392917633 -12.24841 -11.68769 1.60190 0.81100 -0.40251 0.42262 -0.04069
1540821394.482635498 -11.99659 -12.09711 1.65976 0.83710 -0.37642 0.36831 -0.14806
1540821394.573654652 -11.67986 -12.41067 1.72685 0.82412 -0.35944 0.33550 -0.28120
1540821394.696600676 -11.17970 -12.70163 1.87644 0.81855 -0.32084 0.30438 -0.36661
1540821394.790031672 -10.76492 -12.85990 2.01702 0.83472 -0.27938 0.29181 -0.37420
1540821394.884797573 -10.32800 -12.97213 2.13531 0.85920 -0.21532 0.30065 -0.35359
1540821394.981099606 -9.88778 -13.02236 2.21709 0.87052 -0.15747 0.32121 -0.33797
1540821395.078912497 -9.44117 -12.97931 2.24458 0.87126 -0.12907 0.33241 -0.33726
1540821395.144854546 -9.13954 -12.94289 2.22662 0.86959 -0.11250 0.33758 -0.34233
1540821395.244716644 -8.70068 -12.86428 2.16749 0.87070 -0.09817 0.33755 -0.34397
1540821395.345610619 -8.27490 -12.74641 2.06016 0.87598 -0.09933 0.31651 -0.35018
1540821395.447505474 -7.86666 -12.56665 1.90262 0.88794 -0.10618 0.25674 -0.36656
1540821395.550331593 -7.46880 -12.32082 1.72073 0.89100 -0.14800 0.17310 -0.39274
1540821395.653839588 -7.05563 -12.00215 1.53313 0.89135 -0.15813 0.12012 -0.40750
1540821395.723039627 -6.76587 -11.75666 1.40741 0.89318 -0.14645 0.11469 -0.40943
1540821395.826892614 -6.32597 -11.33508 1.20700 0.89854 -0.10992 0.12650 -0.40564
1540821395.930764675 -5.88401 -10.84996 1.00104 0.89658 -0.08893 0.13861 -0.41113
1540821396.034765482 -5.44238 -10.29415 0.80132 0.89384 -0.06895 0.15685 -0.41436
1540821396.104204655 -5.15334 -9.88656 0.66994 0.89459 -0.03737 0.18051 -0.40709
1540821396.208417654 -4.74313 -9.21540 0.47628 0.89285 -0.04646 0.18293 -0.40889
1540821396.312530518 -4.36056 -8.45763 0.31222 0.88464 -0.06762 0.16206 -0.43194
1540821396.381901503 -4.11222 -7.90505 0.23154 0.87961 -0.05262 0.15557 -0.44645
1540821396.485831499 -3.75598 -7.01130 0.16296 0.87634 -0.02032 0.14413 -0.45917
1540821396.589614630 -3.43098 -6.03966 0.16345 0.86863 -0.00649 0.11778 -0.48122
1540821396.691564560 -3.15203 -5.02639 0.21836 0.86825 -0.01930 0.04126 -0.49403
1540821396.790322542 -2.88906 -4.00095 0.31619 -0.85700 -0.00240 0.00672 0.51527
1540821396.886617661 -2.62699 -2.97689 0.44155 -0.85444 -0.03603 0.01950 0.51793
1540821396.980312586 -2.38421 -1.96652 0.56175 -0.85650 -0.07042 0.01970 0.51094
1540821397.072061539 -2.15808 -0.96967 0.65826 -0.84925 -0.10641 0.01953 0.51679
1540821397.162494659 -1.94865 0.01518 0.71904 -0.83515 -0.16821 0.00760 0.52362
1540821397.251762629 -1.76083 0.98833 0.75365 -0.80423 -0.26547 -0.00486 0.53170
1540821397.340159655 -1.61746 1.95273 0.78379 -0.74303 -0.39054 -0.02130 0.54307
1540821397.456804514 -1.53457 3.19185 0.82519 -0.60576 -0.58620 -0.03692 0.53672
1540821397.543454647 -1.59093 4.03694 0.85797 -0.49899 -0.69591 -0.00371 0.51644
1540821397.629354477 -1.74436 4.77309 0.88296 0.40790 0.77652 -0.07177 -0.47486
1540821397.743110657 -2.02930 5.59069 0.89964 0.33974 0.83662 -0.14877 -0.40312
1540821397.828369617 -2.28915 6.08723 0.90026 0.29114 0.86638 -0.20951 -0.34746
1540821397.913841486 -2.58574 6.48716 0.89820 0.19651 0.88917 -0.26771 -0.31478
1540821398.027888536 -2.97410 6.89932 0.89082 0.08537 0.90564 -0.30940 -0.27713
1540821398.113182545 -3.25527 7.07797 0.88806 0.00288 0.90985 -0.33173 -0.24923
1540821398.198202610 -3.50688 7.16045 0.88380 -0.00767 0.91445 -0.34240 -0.21560
1540821398.311045647 -3.81168 7.15957 0.87518 0.05685 0.91446 -0.36082 -0.17420
1540821398.395285606 -4.03030 7.06794 0.87329 0.08384 0.90722 -0.37738 -0.16588
1540821398.479188681 -4.25251 6.92792 0.87772 0.10661 0.90299 -0.38359 -0.16153
1540821398.590455532 -4.55250 6.64901 0.89753 0.10434 0.90161 -0.38510 -0.16710
1540821398.673495531 -4.78164 6.37820 0.90612 0.10656 0.90034 -0.38603 -0.17032
1540821398.783893585 -5.08512 5.95516 0.89746 0.12508 0.89654 -0.38997 -0.16880
1540821398.866755486 -5.31675 5.59590 0.87094 0.12872 0.89349 -0.39486 -0.17085
1540821398.977618694 -5.63170 5.06594 0.80742 0.12575 0.89296 -0.39561 -0.17409
1540821399.060947657 -5.86724 4.62732 0.73855 0.14687 0.89037 -0.40294 -0.15268
1540821399.144587517 -6.10536 4.14826 0.66366 0.16288 0.88600 -0.41575 -0.12502
1540821399.257034540 -6.45204 3.44616 0.57447 0.15172 0.88389 -0.42803 -0.11185
1540821399.342216492 -6.73070 2.86960 0.51790 0.15315 0.87911 -0.43853 -0.10678
1540821399.456176519 -7.12200 2.04686 0.44960 0.18550 0.86784 -0.45223 -0.08906
1540821399.540952682 -7.42737 1.40638 0.39473 0.20445 0.85789 -0.46453 -0.08024
1540821399.624896526 -7.74814 0.75504 0.33316 0.20342 0.85453 -0.47061 -0.08326
1540821399.735896587 -8.19476 -0.13355 0.24651 0.20470 0.84965 -0.47792 -0.08821
1540821399.818995476 -8.54861 -0.82267 0.18946 0.22897 0.83527 -0.49347 -0.07989
1540821399.929948568 -9.05242 -1.76486 0.12889 0.25217 0.81212 -0.52125 -0.07194
1540821400.013350487 -9.46395 -2.48351 0.10516 0.21838 0.80929 -0.53838 -0.08663
1540821400.097115517 -9.89870 -3.21921 0.12007 0.14794 0.80939 -0.55671 -0.11432
1540821400.209219694 -10.47424 -4.22943 0.20393 0.04776 0.81180 -0.56514 -0.13901
1540821400.292402506 -10.88197 -4.99314 0.29590 -0.00815 0.81624 -0.56244 -0.13174
1540821400.401698589 -11.37908 -6.01423 0.43051 -0.10009 0.81372 -0.55910 -0.12350
1540821400.482598543 -11.70221 -6.78471 0.54050 -0.18868 0.79592 -0.56199 -0.12276
1540821400.590007544 -12.05335 -7.81518 0.72765 -0.31000 0.74815 -0.57452 -0.11872
1540821400.671188593 -12.22063 -8.58605 0.91264 -0.39844 0.69562 -0.58740 -0.11098
1540821400.781196594 -12.29280 -9.58023 1.21105 -0.50490 0.61807 -0.59477 -0.09651
1540821400.865230560 -12.22338 -10.27227 1.46316 0.58479 -0.54613 0.59461 0.07876
1540821400.979717493 -11.97468 -11.08401 1.79957 0.66636 -0.49139 0.56076 0.00712
1540821401.067692518 -11.73642 -11.63832 2.02187 0.71398 -0.46877 0.51728 -0.05389
1540821401.157625675 -11.45781 -12.15733 2.20309 0.77606 -0.43449 0.45316 -0.06006
1540821401.249698639 -11.14561 -12.64207 2.32766 0.82922 -0.40148 0.38235 -0.07081
1540821401.344334602 -10.78123 -13.08103 2.39816 0.87618 -0.34453 0.32037 -0.10476
1540821401.442022562 -10.38501 -13.48831 2.40872 0.92992 -0.21277 0.27061 -0.12942
1540821401.542953491 -9.95475 -13.80868 2.35039 0.95449 -0.13705 0.20372 -0.16927
1540821401.647092581 -9.50766 -14.02176 2.24735 0.95606 -0.07917 0.14646 -0.24132
1540821401.718067646 -9.19567 -14.08477 2.15847 0.95408 -0.03714 0.12809 -0.26823
1540821401.826153517 -8.73829 -14.07634 2.01340 0.94383 0.00023 0.12353 -0.30647
1540821401.935415506 -8.29300 -13.93917 1.86764 0.92776 0.01374 0.14055 -0.34541
1540821402.008425474 -8.01235 -13.77349 1.77496 0.91928 0.00376 0.15771 -0.36061
1540821402.117546558 -7.62431 -13.41515 1.65276 0.90739 -0.00063 0.17882 -0.38034
1540821402.225780487 -7.27735 -12.95117 1.53749 0.90507 -0.02607 0.18209 -0.38342
1540821402.297420502 -7.06188 -12.59569 1.45997 0.90342 -0.04555 0.17607 -0.38828
1540821402.404336691 -6.75122 -11.99682 1.34333 0.89862 -0.09976 0.14865 -0.40055
1540821402.510624647 -6.43708 -11.34221 1.21605 0.88752 -0.17751 0.11491 -0.40939
1540821402.581154585 -6.22613 -10.88743 1.10988 0.87092 -0.25013 0.09368 -0.41249
1540821402.686587572 -5.88911 -10.18782 0.91369 0.83963 -0.34349 0.06189 -0.41618
1540821402.791661501 -5.50057 -9.46577 0.69980 0.83224 -0.35467 0.06832 -0.42061
1540821402.861538649 -5.20862 -8.96944 0.55977 0.83053 -0.35626 0.06877 -0.42257
1540821402.966185570 -4.71452 -8.20623 0.35889 0.84670 -0.29430 0.09660 -0.43261
1540821403.070745707 -4.18003 -7.40406 0.17407 0.85809 -0.16465 0.13430 -0.46748
1540821403.175016642 -3.64141 -6.54407 0.04888 -0.84936 0.07213 -0.15072 0.50066
1540821403.243893623 -3.29733 -5.93905 0.02072 -0.83749 0.02529 -0.16121 0.52151
1540821403.344672680 -2.83950 -5.00509 0.06453 -0.82037 -0.06641 -0.18995 0.53527
1540821403.441792488 -2.47596 -4.06352 0.17669 -0.80492 -0.14336 -0.21167 0.53549
1540821403.536434650 -2.20012 -3.12447 0.30807 -0.79930 -0.17698 -0.19727 0.53934
1540821403.629020691 -2.00000 -2.19279 0.44513 -0.80125 -0.19495 -0.15973 0.54266
1540821403.720016479 -1.86581 -1.26528 0.59703 -0.80207 -0.21684 -0.11624 0.54419
1540821403.839965582 -1.77438 -0.03761 0.80301 -0.82764 -0.18938 -0.01980 0.52797
1540821403.929049492 -1.72966 0.87332 0.92793 -0.83460 -0.20205 0.02449 0.51188
1540821404.017549515 -1.69525 1.77822 1.01383 -0.82268 -0.25926 0.05123 0.50335
1540821404.105500698 -1.70049 2.67799 1.07854 -0.77452 -0.35414 0.08633 0.51697
1540821404.192826509 -1.73533 3.56453 1.14933 -0.68434 -0.47605 0.10891 0.54147
1540821404.308036566 -1.88228 4.66736 1.28783 -0.49353 -0.66053 0.10633 0.55572
1540821404.393133640 -2.06802 5.37241 1.41384 -0.31486 -0.78042 0.07682 0.53470
1540821404.477016687 -2.28721 5.93435 1.51696 0.18095 0.85411 -0.07687 -0.48149
1540821404.587829590 -2.59335 6.48415 1.59341 0.08373 0.91443 -0.09764 -0.38377
1540821404.670760632 -2.83608 6.74106 1.60917 0.08049 0.93893 -0.12645 -0.30974
1540821404.781915665 -3.16523 6.89681 1.59407 0.09928 0.95106 -0.18454 -0.22710
1540821404.865889549 -3.42897 6.89775 1.55671 0.08247 0.95843 -0.20157 -0.18433
1540821404.978515625 -3.80969 6.76713 1.48462 0.04452 0.95914 -0.22438 -0.16651
1540821405.063247681 -4.09093 6.54513 1.41289 0.05291 0.95857 -0.22848 -0.16171
1540821405.148043633 -4.35960 6.23695 1.33338 0.09575 0.95151 -0.24858 -0.15382
1540821405.260950565 -4.72691 5.68765 1.21316 0.15787 0.93293 -0.29200 -0.13944
1540821405.345532656 -5.02295 5.18534 1.12583 0.18011 0.92164 -0.31843 -0.12939
1540821405.430203676 -5.34386 4.62316 1.04234 0.17823 0.91837 -0.33017 -0.12573
1540821405.543563604 -5.79609 3.80409 0.91534 0.19763 0.91261 -0.34059 -0.10992
1540821405.629325628 -6.15744 3.14703 0.79278 0.21984 0.90132 -0.35870 -0.10305
1540821405.715833664 -6.54090 2.45210 0.65864 0.23419 0.88517 -0.38787 -0.10578
1540821405.831432581 -7.08496 1.47327 0.48254 0.26092 0.86218 -0.42210 -0.10197
1540821405.917065620 -7.51598 0.72559 0.35071 0.25946 0.85715 -0.43214 -0.10595
1540821406.001667500 -7.95128 -0.02340 0.19894 0.25777 0.85626 -0.43457 -0.10731
1540821406.113584518 -8.55097 -1.03550 -0.02401 0.22508 0.84077 -0.47765 -0.11954
1540821406.197279692 -9.02305 -1.81576 -0.16667 0.15580 0.82659 -0.51788 -0.15582
1540821406.308551550 -9.64578 -2.89723 -0.26524 0.06211 0.80204 -0.55837 -0.20271
1540821406.392122507 -10.08179 -3.74035 -0.24701 -0.00697 0.78380 -0.57746 -0.22834
1540821406.503945589 -10.57671 -4.90296 -0.12639 -0.09403 0.76796 -0.58491 -0.24348
1540821406.587114573 -10.87875 -5.77929 -0.00641 -0.16745 0.75409 -0.58872 -0.23818
1540821406.669606686 -11.12267 -6.64963 0.11399 -0.24446 0.73651 -0.59481 -0.20977
1540821406.778442621 -11.34035 -7.78352 0.29316 -0.31526 0.70767 -0.61819 -0.13288
1540821406.860171556 -11.41520 -8.60917 0.47655 -0.35259 0.66208 -0.65523 -0.08945
1540821406.970656633 -11.38699 -9.64858 0.79889 0.39579 -0.61083 0.68379 0.05173
1540821407.055001497 -11.27675 -10.36963 1.09690 0.44659 -0.57674 0.68178 0.05565
1540821407.169598579 -11.03548 -11.25031 1.50065 0.55430 -0.54781 0.62309 0.06648
1540821407.257258654 -10.78589 -11.85917 1.76175 0.66462 -0.51647 0.53991 0.00591
1540821407.347136497 -10.49702 -12.42947 1.99509 0.76471 -0.44484 0.46296 -0.05483
1540821407.440050602 -10.16173 -12.95741 2.19732 0.84795 -0.34027 0.39721 -0.08620
1540821407.536322594 -9.78066 -13.43772 2.34862 0.91942 -0.18257 0.33463 -0.09675
1540821407.636004686 -9.38827 -13.88243 2.42594 0.95351 -0.01822 0.27791 -0.11508
1540821407.738902569 -8.97394 -14.26206 2.41614 0.96371 0.08518 0.22137 -0.12244
1540821407.844973564 -8.58391 -14.58752 2.31786 0.97055 0.08567 0.18276 -0.13151
1540821407.917552710 -8.34508 -14.76394 2.21149 0.96999 0.07549 0.16778 -0.15899
1540821408.029052496 -7.99711 -14.89396 1.98326 0.96919 0.01106 0.15057 -0.19461
1540821408.104869604 -7.76554 -14.91304 1.80798 0.96162 -0.03161 0.14051 -0.23353
1540821408.220126629 -7.41734 -14.75558 1.51956 0.93888 -0.09733 0.12888 -0.30400
1540821408.297354698 -7.17194 -14.54200 1.34746 0.92274 -0.11056 0.12854 -0.34613
1540821408.412598610 -6.77905 -14.07989 1.15130 0.91273 -0.10105 0.13947 -0.37048
1540821408.488641500 -6.52207 -13.67156 1.06965 0.90839 -0.10284 0.14259 -0.37937
1540821408.601570606 -6.12342 -12.97735 0.98334 0.91085 -0.10975 0.14351 -0.37110
1540821408.676443577 -5.86352 -12.46670 0.92100 0.91360 -0.09641 0.14286 -0.36827
1540821408.788632631 -5.47179 -11.64774 0.80969 0.91059 -0.02208 0.17016 -0.37600
1540821408.863258600 -5.22100 -11.07343 0.71482 0.90886 -0.01076 0.17582 -0.37808
1540821408.974446535 -4.87670 -10.16531 0.55014 0.90566 -0.06565 0.14538 -0.39286
1540821409.084761620 -4.54567 -9.21779 0.35505 0.89432 -0.16505 0.08706 -0.40665
1540821409.157716513 -4.32077 -8.57247 0.20473 0.87790 -0.22257 0.04611 -0.42147
1540821409.266200542 -3.93833 -7.56711 0.00524 0.86270 -0.18261 0.04158 -0.46976
1540821409.337970495 -3.65272 -6.86419 -0.07577 -0.84841 0.12976 -0.05134 0.51062
1540821409.444422483 -3.21373 -5.76636 -0.06868 -0.82092 0.01374 -0.08195 0.56496
1540821409.546838522 -2.82162 -4.67685 0.06692 -0.82019 -0.03887 -0.09414 0.56295
1540821409.644511700 -2.49226 -3.61709 0.25681 -0.82449 -0.07580 -0.09204 0.55317
1540821409.739002705 -2.20780 -2.58282 0.44005 -0.82495 -0.11357 -0.08391 0.54728
1540821409.830938578 -1.96357 -1.57176 0.60737 -0.81203 -0.18067 -0.07156 0.55031
1540821409.921449661 -1.76145 -0.57607 0.75984 -0.77577 -0.27795 -0.07277 0.56181
1540821410.010947704 -1.60604 0.39631 0.88099 -0.74579 -0.36600 -0.05541 0.55387
1540821410.099533558 -1.49645 1.34322 0.97576 -0.69870 -0.46113 -0.02316 0.54648
1540821410.216409683 -1.43209 2.54506 1.08019 -0.57089 -0.62350 0.00078 0.53417
1540821410.302937508 -1.47122 3.36298 1.14542 0.48934 0.71524 -0.02003 -0.49857
1540821410.388662577 -1.58249 4.09284 1.19529 0.40982 0.78084 -0.05601 -0.46819
1540821410.502421618 -1.81204 4.92268 1.22504 0.31739 0.84639 -0.08739 -0.41864
1540821410.587656498 -2.02520 5.44095 1.21629 0.31307 0.87105 -0.11088 -0.36190
1540821410.673188686 -2.31210 5.82771 1.19934 0.28660 0.88869 -0.16751 -0.31627
1540821410.787947655 -2.75505 6.19272 1.16776 0.20031 0.90952 -0.24599 -0.26857
1540821410.874317646 -3.11691 6.34961 1.14749 0.08868 0.91899 -0.28969 -0.25233
1540821410.960613489 -3.47346 6.40589 1.13531 -0.01233 0.91941 -0.30840 -0.24376
1540821411.075121641 -3.89810 6.32000 1.13157 -0.06185 0.91228 -0.32878 -0.23625
1540821411.160496712 -4.17646 6.17052 1.13394 -0.06274 0.90546 -0.34916 -0.23299
1540821411.245455503 -4.41982 5.94140 1.13320 -0.01583 0.90554 -0.36436 -0.21675
1540821411.358187675 -4.70440 5.52648 1.12469 0.06882 0.90121 -0.38780 -0.18080
1540821411.442477703 -4.90870 5.16708 1.09895 0.13122 0.89717 -0.39586 -0.14548
1540821411.526706696 -5.11861 4.77151 1.06081 0.14380 0.89288 -0.40709 -0.12791
1540821411.639145613 -5.41212 4.19251 0.99094 0.18649 0.88308 -0.41806 -0.10306
1540821411.723956585 -5.65078 3.72891 0.91884 0.22219 0.87410 -0.42344 -0.08535
1540821411.838082552 -5.99557 3.06998 0.78623 0.30349 0.84870 -0.43097 -0.04325
1540821411.924492598 -6.29256 2.54974 0.66472 0.30342 0.84663 -0.43548 -0.03899
1540821412.011462688 -6.62577 2.00375 0.54099 0.26947 0.85463 -0.44047 -0.05453
1540821412.098262548 -6.99265 1.42805 0.43207 0.23006 0.86221 -0.44497 -0.07527
1540821412.212321520 -7.52000 0.62008 0.31760 0.17102 0.86915 -0.45058 -0.11099
1540821412.296585560 -7.92317 -0.01685 0.25221 0.15436 0.86988 -0.45212 -0.12278
1540821412.408075571 -8.47033 -0.91508 0.20112 0.14400 0.86518 -0.46104 -0.13480
1540821412.491461515 -8.88324 -1.62825 0.19246 0.12785 0.86280 -0.46673 -0.14626
1540821412.574836493 -9.29312 -2.36756 0.19554 0.12022 0.86658 -0.46125 -0.14779
1540821412.686179638 -9.83930 -3.40252 0.22044 0.10306 0.86058 -0.48266 -0.12578
1540821412.770340681 -10.25091 -4.22688 0.28576 0.04223 0.83836 -0.52618 -0.13604
1540821412.882142544 -10.76787 -5.36040 0.44267 -0.05396 0.81507 -0.55363 -0.16204
1540821412.964785576 -11.10755 -6.21692 0.58806 -0.12167 0.80312 -0.55592 -0.17649
1540821413.073475599 -11.49048 -7.35326 0.77901 -0.21591 0.78046 -0.55667 -0.18543
1540821413.154561520 -11.70616 -8.20789 0.92874 -0.31378 0.73817 -0.56540 -0.19228
1540821413.263528585 -11.85631 -9.33715 1.16163 -0.45299 0.64674 -0.58558 -0.18338
1540821413.346441507 -11.83076 -10.14752 1.36057 0.56554 -0.53624 0.59994 0.18076
1540821413.430703640 -11.68110 -10.88363 1.55333 0.66615 -0.41434 0.59484 0.17531
1540821413.545643568 -11.32753 -11.71722 1.74608 0.74254 -0.33938 0.56099 0.13688
1540821413.633853674 -10.99201 -12.25178 1.81463 0.78827 -0.32984 0.51772 0.04244
1540821413.723985672 -10.61584 -12.72130 1.82777 0.84036 -0.28756 0.45707 -0.04672
1540821413.816705704 -10.19807 -13.10940 1.79540 0.88035 -0.23074 0.39313 -0.13111
1540821413.912796497 -9.76085 -13.40961 1.73456 0.91152 -0.15106 0.32601 -0.20009
1540821414.012145519 -9.29809 -13.58434 1.65357 0.93309 -0.05636 0.27802 -0.22105
1540821414.114270687 -8.83434 -13.64282 1.54328 0.93133 -0.01134 0.24384 -0.27024
1540821414.218622684 -8.38116 -13.52634 1.42190 0.90572 0.01555 0.23225 -0.35425
1540821414.288875580 -8.09584 -13.41207 1.34230 0.88453 0.00784 0.22283 -0.40974
1540821414.394237518 -7.71023 -13.12795 1.26338 0.85533 -0.01711 0.20717 -0.47455
1540821414.498720646 -7.35246 -12.78297 1.22425 0.84377 -0.04784 0.19425 -0.49802
1540821414.601878643 -7.03245 -12.38443 1.17723 0.84543 -0.09454 0.17233 -0.49661
1540821414.669993639 -6.81385 -12.10249 1.13548 0.84623 -0.08353 0.18353 -0.49319
1540821414.771405697 -6.50667 -11.65170 1.05907 0.84723 -0.07438 0.19550 -0.48831
1540821414.872207642 -6.20924 -11.16893 0.96023 0.84412 -0.09568 0.18699 -0.49329
1540821414.972582579 -5.92524 -10.64553 0.85289 -0.83766 0.13830 -0.15325 0.50568
1540821415.072520494 -5.63959 -10.09631 0.73407 -0.83409 0.17418 -0.11981 0.50951
1540821415.172054529 -5.34114 -9.52968 0.60094 -0.82369 0.23980 -0.06667 0.50950
1540821415.271361589 -5.01222 -8.93542 0.49001 -0.82342 0.22567 -0.07177 0.51565
1540821415.337462664 -4.76801 -8.52430 0.44079 -0.82439 0.21856 -0.07463 0.51676
1540821415.436487675 -4.37373 -7.87969 0.41436 -0.82945 0.17731 -0.10147 0.51989
1540821415.535300493 -3.96149 -7.20400 0.43391 -0.83485 0.09016 -0.14377 0.52367
1540821415.633564711 -3.57996 -6.49766 0.47168 -0.84218 -0.00006 -0.14140 0.52033
1540821415.730332613 -3.23763 -5.76597 0.53891 -0.84526 -0.08326 -0.12378 0.51311
1540821415.825385571 -2.94637 -5.01245 0.63187 -0.85330 -0.11615 -0.08193 0.50168
1540821415.919081688 -2.69536 -4.23855 0.73824 0.85813 0.13038 0.04312 -0.49473
1540821416.011710644 -2.47430 -3.44621 0.84475 0.86183 0.12481 0.01792 -0.49127
1540821416.103075504 -2.27598 -2.64072 0.94165 0.86251 0.11949 0.00952 -0.49163
1540821416.193305492 -2.09761 -1.82439 1.02644 0.85628 0.13569 0.01908 -0.49800
1540821416.312572479 -1.90183 -0.72007 1.12211 -0.83512 -0.18035 -0.02539 0.51903
1540821416.401429653 -1.79334 0.11534 1.17814 -0.79829 -0.25846 -0.02971 0.54319
1540821416.489703655 -1.71904 0.94272 1.22181 -0.74935 -0.36129 -0.02111 0.55452
1540821416.577428579 -1.69901 1.75274 1.25952 -0.68112 -0.47854 -0.00611 0.55411
1540821416.693150520 -1.74953 2.77139 1.30283 -0.61492 -0.57828 0.02754 0.53545
1540821416.778990507 -1.84502 3.48837 1.31347 -0.60153 -0.61218 0.07058 0.50835
1540821416.864302635 -2.00027 4.16426 1.30869 0.57139 0.65276 -0.11122 -0.48482
1540821416.977599621 -2.29401 4.98385 1.29515 0.44212 0.74715 -0.14971 -0.47316
1540821417.062296629 -2.57714 5.50198 1.28466 0.31198 0.81160 -0.17333 -0.46252
1540821417.146657705 -2.89027 5.90663 1.27055 0.18632 0.85890 -0.18274 -0.44066
1540821417.258586645 -3.29506 6.29530 1.22317 0.05579 0.89127 -0.21005 -0.39800
1540821417.342118502 -3.57498 6.45987 1.16581 0.00863 0.90395 -0.24774 -0.34847
1540821417.453287601 -3.90174 6.49549 1.08316 -0.02919 0.91251 -0.29577 -0.28105
1540821417.536590576 -4.11537 6.42859 1.01963 -0.04241 0.91186 -0.32334 -0.24931
1540821417.619842529 -4.29098 6.26786 0.97396 -0.00427 0.91209 -0.34464 -0.22204
1540821417.730686665 -4.49634 5.92941 0.92356 0.07448 0.90663 -0.37141 -0.18584
1540821417.813654661 -4.65107 5.60671 0.88707 0.16560 0.89374 -0.38809 -0.15227
1540821417.924362659 -4.88105 5.09699 0.84861 0.32272 0.85100 -0.40546 -0.08522
1540821418.007862568 -5.10843 4.67574 0.82814 0.36625 0.82877 -0.41741 -0.06902
1540821418.120059490 -5.49010 4.08088 0.80404 0.37289 0.82486 -0.42036 -0.06214
1540821418.204995632 -5.83593 3.60971 0.78545 0.33628 0.83925 -0.42066 -0.07500
1540821418.290736675 -6.22084 3.11271 0.76381 0.27408 0.85995 -0.41608 -0.11066
1540821418.406049490 -6.77067 2.40887 0.71619 0.15571 0.88572 -0.39955 -0.17782
1540821418.492645502 -7.18085 1.83800 0.67010 0.12646 0.88883 -0.39343 -0.19798
1540821418.578200579 -7.58439 1.21896 0.64060 0.13432 0.88271 -0.40635 -0.19407
1540821418.690322638 -8.11720 0.32717 0.64573 0.13449 0.88141 -0.41043 -0.19126
1540821418.773331642 -8.50988 -0.38134 0.66449 0.13739 0.88022 -0.41271 -0.18974
1540821418.883488655 -9.03419 -1.35731 0.67384 0.13737 0.87060 -0.43569 -0.18265
1540821418.965987682 -9.41880 -2.12780 0.68437 0.12454 0.85095 -0.48581 -0.15611
1540821419.048605680 -9.80138 -2.92635 0.72539 0.09134 0.82730 -0.53909 -0.12890
1540821419.159194708 -10.30431 -4.01729 0.83368 0.00712 0.81636 -0.56540 -0.11757
1540821419.241787672 -10.66026 -4.84079 0.93051 -0.05508 0.81305 -0.56869 -0.11182
1540821419.350837708 -11.08866 -5.94044 1.08438 -0.12788 0.80017 -0.57671 -0.10383
1540821419.431902647 -11.36542 -6.76522 1.22722 -0.18594 0.78532 -0.58093 -0.10595
1540821419.539745569 -11.65714 -7.86453 1.45982 -0.28202 0.74455 -0.59470 -0.11156
1540821419.621323586 -11.80402 -8.68859 1.65450 -0.40261 0.67794 -0.59778 -0.14477
1540821419.731815577 -11.90731 -9.75605 1.88939 -0.54695 0.59230 -0.57235 -0.14980
1540821419.816168547 -11.88085 -10.51563 2.03767 0.65337 -0.52469 0.53291 0.11754
1540821419.931106567 -11.70950 -11.42874 2.19665 0.79258 -0.37344 0.47330 0.09137
1540821420.019389629 -11.47888 -12.00661 2.25458 0.85628 -0.28271 0.42890 0.05389
1540821420.109395504 -11.20079 -12.46742 2.25375 0.88989 -0.22255 0.39779 -0.01829
1540821420.201181650 -10.88170 -12.80201 2.20970 0.89995 -0.20886 0.36583 -0.11243
1540821420.294814587 -10.52531 -13.00763 2.14336 0.90865 -0.19675 0.33055 -0.16242
1540821420.390382528 -10.12321 -13.08875 2.05533 0.90583 -0.17860 0.30646 -0.23166
1540821420.488142490 -9.70227 -13.10844 1.92898 0.90806 -0.15993 0.28488 -0.26210
1540821420.588090658 -9.26539 -13.03940 1.77232 0.90501 -0.13229 0.27606 -0.29537
1540821420.689910650 -8.81516 -12.84721 1.60753 0.88592 -0.11600 0.27502 -0.35505
1540821420.792569637 -8.37463 -12.55857 1.44515 0.87082 -0.15394 0.25901 -0.38844
1540821420.861172676 -8.08588 -12.31906 1.34109 0.85524 -0.19925 0.23703 -0.41556
1540821420.964192629 -7.63732 -11.89807 1.21528 0.84399 -0.20277 0.23628 -0.43674
1540821421.067097664 -7.17650 -11.41746 1.12207 0.84329 -0.19657 0.23509 -0.44153
1540821421.169632673 -6.71940 -10.88462 1.04373 0.85010 -0.18518 0.21486 -0.44371
1540821421.271587610 -6.26590 -10.30034 0.97776 0.84270 -0.18886 0.17221 -0.47385
1540821421.339184523 -5.96519 -9.88924 0.94426 0.83556 -0.21191 0.12859 -0.49030
1540821421.439875603 -5.49150 -9.24828 0.92294 -0.81346 0.26308 -0.07580 0.51316
1540821421.539793491 -4.97928 -8.59123 0.93246 -0.79025 0.30689 -0.04220 0.52872
1540821421.639041662 -4.42584 -7.93311 0.95411 -0.80323 0.26532 -0.05048 0.53093
1540821421.737652540 -3.85295 -7.26507 0.98704 -0.82166 0.16500 -0.06846 0.54126
1540821421.835411549 -3.27430 -6.58371 1.04257 -0.83181 0.04129 -0.10420 0.54363
1540821421.931099653 -2.72648 -5.89619 1.10498 -0.83457 -0.06534 -0.12549 0.53242
1540821422.024673700 -2.22727 -5.20405 1.16264 -0.83051 -0.15847 -0.11215 0.52208
1540821422.116787672 -1.79890 -4.49738 1.22701 -0.81965 -0.22502 -0.07625 0.52127
1540821422.207847595 -1.44216 -3.77857 1.30998 -0.80299 -0.26875 -0.02280 0.53147
1540821422.297782660 -1.13945 -3.06141 1.40264 -0.76633 -0.34743 0.01774 0.54012
1540821422.386444569 -0.89441 -2.35640 1.48634 -0.68926 -0.48484 0.01669 0.53812
1540821422.502782583 -0.66436 -1.48042 1.57523 -0.53992 -0.66975 -0.00119 0.50982
1540821422.588788509 -0.59023 -0.91491 1.62415 0.43417 0.76007 -0.02782 -0.48272
1540821422.673877478 -0.57622 -0.44860 1.65063 0.34115 0.81733 -0.09020 -0.45547
1540821422.786412477 -0.65070 0.00446 1.66900 0.22720 0.85273 -0.22991 -0.41035
1540821422.870589495 -0.70162 0.24250 1.68475 0.15468 0.86096 -0.32118 -0.36287
1540821422.954962492 -0.76936 0.40319 1.70222 0.09715 0.87083 -0.36371 -0.31613
1540821423.068222523 -0.84684 0.53400 1.70388 0.06374 0.88338 -0.40005 -0.23566
1540821423.153825521 -0.88240 0.60368 1.68504 0.06792 0.88921 -0.42046 -0.16705
1540821423.239965677 -0.93624 0.59101 1.66667 0.07056 0.88230 -0.45394 -0.10251
1540821423.355624676 -1.01302 0.53542 1.64745 0.06545 0.86311 -0.50020 -0.02376
1540821423.442961693 -1.08993 0.43380 1.63229 0.04955 0.85318 -0.51864 0.02514
1540821423.530835629 -1.17800 0.30532 1.61063 0.00287 0.84743 -0.52804 0.05502
1540821423.648862600 -1.29444 0.08686 1.55577 -0.08333 0.82702 -0.55017 0.08010
1540821423.737947702 -1.38153 -0.10273 1.48668 -0.15672 0.80389 -0.56643 0.09139
1540821423.827316523 -1.45725 -0.30789 1.40705 -0.23501 0.77111 -0.58364 0.09761
1540821423.916658640 -1.51233 -0.52262 1.32614 -0.28882 0.73986 -0.59515 0.12240
1540821424.005615711 -1.54571 -0.73970 1.24468 -0.33412 0.71284 -0.59720 0.15357
1540821424.123116493 -1.55452 -1.02363 1.13974 -0.39551 0.67718 -0.58832 0.19719
1540821424.210261583 -1.53414 -1.22528 1.06478 -0.42962 0.65265 -0.57217 0.24918
1540821424.296434641 -1.49732 -1.41755 0.99576 -0.46115 0.61806 -0.56115 0.30076
1540821424.409519672 -1.42962 -1.65861 0.91359 0.51340 -0.55232 0.55546 -0.35047
1540821424.492855549 -1.36969 -1.82097 0.86586 0.55318 -0.50513 0.54230 -0.38046
1540821424.574949503 -1.30531 -1.96450 0.82973 0.59135 -0.45666 0.52590 -0.40644
1540821424.682785511 -1.21622 -2.12185 0.79139 0.63911 -0.39469 0.49437 -0.43744
1540821424.762740612 -1.15205 -2.21421 0.76747 0.67135 -0.36129 0.45347 -0.46164
1540821424.868662596 -1.06567 -2.30175 0.75326 0.70429 -0.31568 0.39468 -0.49855
1540821424.974317551 -0.97312 -2.34476 0.76208 -0.72863 0.26571 -0.33826 0.53299
1540821425.053499699 -0.90413 -2.36454 0.78217 -0.73457 0.22486 -0.29966 0.56572
1540821425.159157515 -0.81399 -2.37089 0.81751 -0.74571 0.17649 -0.25242 0.59080
1540821425.265243530 -0.72888 -2.35803 0.85082 -0.75482 0.11153 -0.22013 0.60774
1540821425.345296621 -0.66894 -2.33846 0.86543 -0.75663 0.05376 -0.20453 0.61870
1540821425.452862501 -0.60632 -2.29860 0.86371 -0.76495 0.01311 -0.16631 0.62211
1540821425.534209490 -0.56653 -2.26103 0.84778 -0.77136 -0.00858 -0.13606 0.62163
1540821425.643414497 -0.52763 -2.19298 0.80919 -0.77333 -0.03218 -0.10548 0.62434
1540821425.725772619 -0.51074 -2.13003 0.76694 -0.77299 -0.02236 -0.06810 0.63035
1540821425.836051702 -0.49787 -2.02834 0.69661 -0.76939 -0.01046 -0.02323 0.63828
1540821425.919059515 -0.48792 -1.94246 0.63546 -0.76282 -0.02376 -0.01571 0.64598
1540821426.002293587 -0.47892 -1.84906 0.57269 -0.75599 -0.02417 -0.00487 0.65412
1540821426.113583565 -0.46656 -1.71257 0.49479 -0.74930 0.00589 0.02686 0.66166
1540821426.197260618 -0.45295 -1.60277 0.44316 -0.74349 0.02123 0.04120 0.66714
1540821426.309100628 -0.42343 -1.44773 0.37915 -0.74537 0.02533 0.04327 0.66476
1540821426.393178701 -0.39038 -1.32601 0.33707 -0.74542 0.01878 0.03383 0.66547
1540821426.477472544 -0.35098 -1.19760 0.29919 -0.74537 -0.00736 0.01392 0.66646
1540821426.590224504 -0.29781 -1.01788 0.24948 -0.74314 -0.06163 -0.02296 0.66590
1540821426.675003529 -0.26521 -0.87991 0.21104 -0.73917 -0.08756 -0.02986 0.66714
1540821426.788302660 -0.25015 -0.69153 0.18099 -0.71276 -0.04414 0.08323 0.69506
1540821426.873250484 -0.22812 -0.55858 0.19538 -0.70408 -0.07194 0.08919 0.70082
1540821426.958047628 -0.20180 -0.42516 0.21549 -0.70103 -0.04972 0.12203 0.70086
1540821427.071015596 -0.15694 -0.24694 0.18737 -0.69971 -0.05276 0.12568 0.70130
1540821427.155747652 -0.12518 -0.13206 0.15813 -0.73741 -0.08143 0.05945 0.66788
1540821427.240563631 -0.10749 -0.03764 0.19593 -0.69718 -0.03764 0.09428 0.70967
1540821427.354039669 -0.07322 0.08199 0.16379 -0.72076 -0.05006 0.06408 0.68839
1540821427.439720631 -0.06146 0.14928 0.18504 -0.68900 -0.05090 0.04166 0.72177
1540821427.525799513 -0.06155 0.19430 0.19524 -0.69692 -0.03382 0.05584 0.71417
1540821427.641115665 -0.06753 0.24813 0.16147 -0.73016 -0.05488 0.01513 0.68090
1540821427.727963686 -0.08959 0.27542 0.18749 -0.69485 -0.02078 0.05627 0.71665
1540821427.815069675 -0.10608 0.28451 0.15863 -0.73072 -0.06501 0.01082 0.67949
1540821427.931477547 -0.10947 0.28967 0.17375 -0.70386 -0.03144 0.01736 0.70944
1540821428.018983603 -0.10437 0.28621 0.16965 -0.70741 -0.03029 0.01240 0.70605
1540821428.106643677 -0.10259 0.28520 0.16600 -0.71645 -0.02466 0.00905 0.69714
1540821428.194465637 -0.10258 0.28356 0.16630 -0.71641 -0.02523 0.00837 0.69718
1540821428.311796665 -0.10307 0.28935 0.16559 -0.71647 -0.02612 0.00841 0.69708
1540821428.399911642 -0.10310 0.28933 0.16559 -0.71609 -0.02592 0.00906 0.69747
1540821428.488104582 -0.10300 0.28852 0.16568 -0.71631 -0.02586 0.00883 0.69725
1540821428.576342583 -0.10286 0.28810 0.16562 -0.71625 -0.02583 0.00868 0.69731
1540821428.694046497 -0.10281 0.28806 0.16558 -0.71615 -0.02537 0.00888 0.69742
1540821428.782351494 -0.10274 0.28731 0.16570 -0.71607 -0.02544 0.00885 0.69751
1540821428.870694637 -0.10270 0.28691 0.16569 -0.71609 -0.02545 0.00894 0.69749
1540821428.959052563 -0.10265 0.28674 0.16564 -0.71608 -0.02542 0.00895 0.69750
1540821429.076888561 -0.10272 0.28718 0.16548 -0.71588 -0.02539 0.00892 0.69770
1540821429.165263653 -0.10265 0.28652 0.16559 -0.71590 -0.02541 0.00899 0.69769
1540821429.253639698 -0.10263 0.28639 0.16557 -0.71588 -0.02539 0.00904 0.69770
1540821429.342016697 -0.10261 0.28626 0.16553 -0.71586 -0.02535 0.00908 0.69773
1540821429.430397511 -0.10258 0.28633 0.16547 -0.71578 -0.02533 0.00908 0.69780
1540821429.548240662 -0.10254 0.28701 0.16524 -0.71560 -0.02533 0.00909 0.69799
