1468940295.861861229 0.14235 0.02266 0.02422 -0.68439 -0.03901 -0.10289 0.72076
1468940295.949992180 0.18389 0.01830 0.02751 -0.70777 -0.03555 -0.10166 0.69818
1468940296.082188368 0.20382 0.01323 0.02873 -0.70205 -0.02345 -0.09651 0.70516
1468940296.170318365 0.21860 0.00859 0.02957 -0.70364 -0.01467 -0.09596 0.70390
1468940296.258449316 0.23366 0.00283 0.03321 -0.70493 -0.00735 -0.10108 0.70200
1468940296.346580267 0.24440 -0.00195 0.03547 -0.70276 0.00114 -0.10415 0.70377
1468940296.478776217 0.24790 -0.00202 0.03358 -0.70025 0.00855 -0.10411 0.70621
1468940296.566907167 0.24297 0.00047 0.03253 -0.69853 0.00707 -0.10374 0.70799
1468940296.655037165 0.23233 0.00249 0.03085 -0.69960 0.00251 -0.10230 0.70717
1468940296.743168354 0.21756 0.00336 0.02789 -0.70311 -0.00118 -0.09971 0.70405
1468940296.875364304 0.18702 0.00235 0.02556 -0.70416 -0.00879 -0.09125 0.70410
1468940296.963495255 0.16301 0.00015 0.02499 -0.70369 -0.01343 -0.08762 0.70495
1468940297.051626205 0.13840 -0.00169 0.02378 -0.70418 -0.01476 -0.08070 0.70527
1468940297.139757156 0.11349 -0.00485 0.02199 -0.70456 -0.01617 -0.07523 0.70546
1468940297.271953344 0.07695 -0.00905 0.02034 -0.70555 -0.01801 -0.07262 0.70470
1468940297.360083342 0.05180 -0.01269 0.02322 -0.70591 -0.02077 -0.06593 0.70492
1468940297.448214293 0.02642 -0.01790 0.02915 -0.70471 -0.02409 -0.06323 0.70626
1468940297.536345243 0.00172 -0.02276 0.03664 -0.70845 -0.02526 -0.06531 0.70228
1468940297.668541193 -0.03461 -0.02805 0.05457 -0.72510 -0.03017 -0.07436 0.68395
1468940297.756672382 -0.05433 -0.02752 0.07131 -0.73612 -0.03365 -0.08210 0.67101
1468940297.844802380 -0.07199 -0.02292 0.08957 -0.74759 -0.03923 -0.08811 0.65712
1468940297.932933331 -0.08884 -0.01684 0.10885 -0.75757 -0.04878 -0.09557 0.64387
1468940298.065129280 -0.11250 -0.00621 0.13831 -0.77207 -0.06631 -0.11005 0.62242
1468940298.153260231 -0.12990 -0.00003 0.15914 -0.77790 -0.07545 -0.10774 0.61446
1468940298.241391182 -0.14856 0.00666 0.17818 -0.78714 -0.08712 -0.10880 0.60081
1468940298.329521179 -0.16959 0.01270 0.19609 -0.79283 -0.10010 -0.11040 0.59094
1468940298.461717367 -0.20291 0.02130 0.21805 -0.80313 -0.12156 -0.11271 0.57228
1468940298.549848318 -0.22218 0.02373 0.23052 -0.80841 -0.12590 -0.10700 0.56496
1468940298.637979269 -0.24108 0.02396 0.23833 -0.80999 -0.13544 -0.10621 0.56061
1468940298.726110220 -0.25284 0.01971 0.24018 -0.80028 -0.14060 -0.10211 0.57390
1468940298.858306170 -0.25326 -0.00114 0.22725 -0.77351 -0.13302 -0.08015 0.61447
1468940298.946437359 -0.24169 -0.02343 0.21043 -0.76015 -0.12204 -0.06576 0.63479
1468940299.034567356 -0.22306 -0.05079 0.18953 -0.74706 -0.10890 -0.05930 0.65309
1468940299.122698307 -0.19918 -0.08017 0.16635 -0.73250 -0.09204 -0.04494 0.67302
1468940299.254894257 -0.15883 -0.12557 0.12971 -0.72019 -0.06547 -0.02740 0.69014
1468940299.343025208 -0.12862 -0.15421 0.10558 -0.71046 -0.04996 -0.00514 0.70195
1468940299.431156158 -0.09673 -0.18304 0.08023 -0.69728 -0.02394 0.01892 0.71615
1468940299.519286156 -0.06558 -0.21035 0.05415 -0.69032 0.00050 0.04782 0.72192
1468940299.651482344 -0.02151 -0.24992 0.01251 -0.69898 0.01881 0.04777 0.71330
1468940299.739613295 0.00720 -0.27549 -0.01597 -0.70715 0.03545 0.05941 0.70367
1468940299.827744246 0.03460 -0.30055 -0.04646 -0.70504 0.04043 0.07337 0.70420
1468940299.915875196 0.06312 -0.32130 -0.08040 -0.70505 0.04678 0.08375 0.70264
1468940300.048071384 0.10709 -0.34040 -0.12739 -0.70478 0.05952 0.11916 0.69681
1468940300.136201382 0.14131 -0.34890 -0.15222 -0.70436 0.06472 0.13385 0.69410
1468940300.224332333 0.17691 -0.35150 -0.17140 -0.70276 0.07788 0.13359 0.69442
1468940300.312463284 0.21019 -0.34775 -0.18738 -0.70452 0.08672 0.12402 0.69336
1468940300.444659233 0.25238 -0.33348 -0.20266 -0.70297 0.07745 0.10192 0.69960
1468940300.532790184 0.27620 -0.31854 -0.20668 -0.70089 0.06431 0.09169 0.70443
1468940300.620920181 0.29518 -0.30014 -0.20658 -0.70263 0.04470 0.09109 0.70429
1468940300.709051371 0.30891 -0.27900 -0.20311 -0.70162 0.01187 0.09085 0.70664
1468940300.841247320 0.32754 -0.24497 -0.19282 -0.70109 -0.03267 0.10517 0.70452
1468940300.929378271 0.33888 -0.22586 -0.17919 -0.70348 -0.04999 0.10099 0.70172
1468940301.017509222 0.34677 -0.20919 -0.15845 -0.70487 -0.06982 0.08231 0.70108
1468940301.105640173 0.34834 -0.19461 -0.12968 -0.70572 -0.08901 0.06021 0.70029
1468940301.237836361 0.34540 -0.17863 -0.07521 -0.69917 -0.11022 0.03571 0.70551
1468940301.325966358 0.34014 -0.17117 -0.03442 -0.69710 -0.12540 0.02004 0.70564
1468940301.414097309 0.33344 -0.16316 0.00886 -0.69668 -0.14576 0.00409 0.70240
1468940301.502228260 0.32668 -0.15544 0.05417 -0.69630 -0.16065 -0.01661 0.69935
1468940301.634424210 0.30850 -0.14681 0.11997 -0.69583 -0.17606 -0.05403 0.69419
1468940301.722555161 0.28781 -0.14131 0.15572 -0.69699 -0.17804 -0.07449 0.69062
1468940301.810685158 0.26128 -0.13305 0.18209 -0.70665 -0.17081 -0.10604 0.67840
1468940301.898816347 0.23003 -0.12608 0.20116 -0.70440 -0.15604 -0.12664 0.68076
1468940302.031012297 0.17965 -0.11492 0.21271 -0.70145 -0.11037 -0.14750 0.68850
1468940302.119143248 0.14463 -0.10842 0.20925 -0.70616 -0.07200 -0.15883 0.68624
1468940302.207274199 0.10967 -0.10192 0.19537 -0.70615 -0.04543 -0.15693 0.68895
1468940302.295404196 0.07651 -0.09446 0.17101 -0.70590 -0.02574 -0.15546 0.69057
1468940302.427600384 0.02916 -0.08241 0.12356 -0.70950 0.00723 -0.14201 0.69021
1468940302.515731335 0.00147 -0.07676 0.08792 -0.71215 0.03795 -0.12694 0.68941
1468940302.603862286 -0.02669 -0.07376 0.04972 -0.71148 0.06276 -0.11985 0.68956
1468940302.691993237 -0.05570 -0.07163 0.00831 -0.71377 0.07680 -0.11473 0.68664
1468940302.824189186 -0.10129 -0.06926 -0.05100 -0.70536 0.09991 -0.10933 0.69321
1468940302.912320375 -0.13453 -0.06829 -0.08676 -0.70063 0.10459 -0.10920 0.69732
1468940303.000450373 -0.16800 -0.06553 -0.11833 -0.71109 0.10428 -0.10160 0.68786
1468940303.088581324 -0.19972 -0.06039 -0.14209 -0.72261 0.10497 -0.09184 0.67704
1468940303.220777273 -0.24764 -0.04527 -0.16299 -0.73768 0.09830 -0.07630 0.66358
1468940303.308908224 -0.27752 -0.02861 -0.15865 -0.73603 0.08786 -0.05980 0.66855
1468940303.397039175 -0.30153 -0.00856 -0.14240 -0.72531 0.07191 -0.05168 0.68270
1468940303.485169172 -0.31584 0.00953 -0.11731 -0.72021 0.06382 -0.04091 0.68960
1468940303.617365360 -0.31968 0.02515 -0.06775 -0.73723 0.04267 -0.03893 0.67317
1468940303.705496311 -0.30512 0.02746 -0.03063 -0.73948 0.02885 -0.03992 0.67137
1468940303.793627262 -0.28060 0.02461 0.00522 -0.74064 0.02710 -0.04007 0.67016
1468940303.881758213 -0.25282 0.01710 0.04057 -0.74294 0.02063 -0.03410 0.66817
1468940304.013954163 -0.20761 0.00129 0.08821 -0.75890 0.00074 0.00151 0.65121
1468940304.102084160 -0.17459 -0.00978 0.11481 -0.75719 -0.01739 0.01612 0.65277
1468940304.190215349 -0.13824 -0.01898 0.13759 -0.76227 -0.02769 0.03513 0.64571
1468940304.278346300 -0.10089 -0.02622 0.15816 -0.76300 -0.03719 0.05047 0.64336
1468940304.410542250 -0.04357 -0.03380 0.18383 -0.76178 -0.05533 0.07069 0.64158
1468940304.498673201 -0.00050 -0.03633 0.19857 -0.75771 -0.06209 0.07393 0.64542
1468940304.586803198 0.04722 -0.03687 0.21090 -0.75429 -0.06808 0.07550 0.64863
1468940304.674934387 0.09594 -0.03566 0.22096 -0.75823 -0.07842 0.07519 0.64287
1468940304.807130337 0.16503 -0.03438 0.23329 -0.75798 -0.10137 0.06741 0.64082
1468940304.895261288 0.20706 -0.03361 0.23865 -0.75764 -0.11558 0.05556 0.63995
1468940304.983392239 0.24515 -0.03071 0.24149 -0.75894 -0.11845 0.07045 0.63641
1468940305.071522236 0.27863 -0.02787 0.24078 -0.76352 -0.11803 0.07288 0.63071
1468940305.203719378 0.32346 -0.02343 0.22582 -0.76800 -0.10812 0.08001 0.62617
1468940305.291849375 0.35103 -0.02038 0.20238 -0.77434 -0.08939 0.09208 0.61961
1468940305.379980326 0.37353 -0.01816 0.16809 -0.78120 -0.05977 0.11503 0.61067
1468940305.468111277 0.38821 -0.01742 0.12732 -0.78559 -0.02683 0.13871 0.60240
1468940305.600307226 0.39291 -0.01964 0.05924 -0.79081 0.02130 0.17755 0.58536
1468940305.688438177 0.38417 -0.02302 0.01361 -0.79385 0.04910 0.19902 0.57253
1468940305.776568174 0.36747 -0.02578 -0.02986 -0.78846 0.08164 0.22972 0.56471
1468940305.864699364 0.34379 -0.02725 -0.06975 -0.77595 0.11224 0.25131 0.56757
1468940305.996895313 0.29162 -0.02302 -0.11741 -0.76477 0.14840 0.27826 0.56185
1468940306.085026264 0.24831 -0.01656 -0.13748 -0.75647 0.15395 0.28110 0.57012
1468940306.173157215 0.20283 -0.00724 -0.14687 -0.73970 0.17145 0.29567 0.57967
1468940306.261287212 0.15570 0.00191 -0.14158 -0.72412 0.16922 0.28203 0.60620
1468940306.393484354 0.08818 0.01938 -0.11258 -0.70116 0.16939 0.28692 0.63036
1468940306.481614351 0.04744 0.03232 -0.08169 -0.68782 0.16561 0.28256 0.64780
1468940306.569745302 0.00972 0.04264 -0.04647 -0.68493 0.15910 0.26501 0.65979
1468940306.657876253 -0.02246 0.05209 -0.00769 -0.68608 0.14586 0.24255 0.67022
1468940306.790072203 -0.06074 0.06222 0.05628 -0.68677 0.11355 0.17851 0.69541
1468940306.878203392 -0.08135 0.06959 0.10219 -0.69729 0.08339 0.13953 0.69812
1468940306.966333389 -0.10162 0.07787 0.14623 -0.71312 0.04553 0.10535 0.69159
1468940307.054464340 -0.12285 0.08476 0.18437 -0.73508 0.00019 0.06743 0.67462
1468940307.186660290 -0.15482 0.09722 0.22473 -0.75412 -0.08227 -0.00710 0.65152
1468940307.274791241 -0.17701 0.10822 0.24010 -0.75864 -0.12318 -0.05203 0.63764
1468940307.362922192 -0.19878 0.12090 0.24458 -0.76249 -0.15209 -0.08340 0.62332
1468940307.451052189 -0.22027 0.13280 0.23864 -0.76580 -0.18115 -0.11390 0.60644
1468940307.583248377 -0.25029 0.15002 0.21027 -0.77483 -0.22060 -0.14088 0.57543
1468940307.671379328 -0.26464 0.15993 0.18033 -0.78413 -0.23454 -0.14816 0.55514
1468940307.759510279 -0.27507 0.16739 0.14410 -0.79585 -0.23819 -0.14797 0.53666
1468940307.847641230 -0.28133 0.17044 0.10329 -0.80366 -0.23539 -0.14414 0.52721
1468940307.979837179 -0.27781 0.16323 0.03745 -0.80839 -0.21046 -0.11973 0.53654
1468940308.067967176 -0.26630 0.14901 -0.00426 -0.80404 -0.17324 -0.08439 0.56248
1468940308.156098366 -0.24594 0.13055 -0.04266 -0.79243 -0.11944 -0.03408 0.59718
1468940308.244229317 -0.22031 0.10643 -0.08026 -0.78143 -0.07175 -0.00052 0.61986
1468940308.376425266 -0.17119 0.06697 -0.12949 -0.76238 -0.01280 0.03379 0.64612
1468940308.464556217 -0.12864 0.03966 -0.15273 -0.75306 0.01595 0.04473 0.65623
1468940308.552686214 -0.07933 0.01156 -0.16243 -0.73697 0.03004 0.05167 0.67328
1468940308.640817165 -0.02328 -0.01763 -0.16062 -0.72287 0.04297 0.07054 0.68603
1468940308.773013353 0.07089 -0.06602 -0.14226 -0.72134 0.03384 0.07533 0.68764
1468940308.861144304 0.14222 -0.09651 -0.12046 -0.73380 0.02970 0.07414 0.67466
1468940308.949275255 0.21114 -0.11790 -0.08920 -0.75108 0.02464 0.06074 0.65695
1468940309.037405252 0.26390 -0.12587 -0.04983 -0.77044 0.01447 0.03182 0.63656
1468940309.169602156 0.30933 -0.11003 0.02076 -0.76640 -0.00198 0.00944 0.64229
1468940309.257732391 0.32284 -0.08721 0.07275 -0.75733 -0.00705 0.01617 0.65279
1468940309.345863342 0.32802 -0.05901 0.12314 -0.74883 -0.01376 0.01875 0.66236
1468940309.433994293 0.32857 -0.02625 0.17062 -0.74760 -0.02379 0.01488 0.66355
1468940309.566190243 0.32089 0.02503 0.23588 -0.73449 -0.04160 0.02390 0.67692
1468940309.654321194 0.31193 0.06414 0.26348 -0.71944 -0.03959 0.01681 0.69322
1468940309.742451191 0.29943 0.10949 0.27110 -0.72366 -0.03609 0.01973 0.68893
1468940309.830582380 0.28412 0.14694 0.26854 -0.72939 -0.03327 0.01648 0.68309
1468940309.962778330 0.25479 0.15693 0.25177 -0.71869 -0.03796 0.02459 0.69386
1468940310.050909281 0.23261 0.14103 0.21859 -0.71132 -0.05043 0.02469 0.70062
1468940310.139040232 0.21211 0.11890 0.16428 -0.69980 -0.05972 0.02812 0.71128
1468940310.227170229 0.19478 0.09052 0.09296 -0.69580 -0.05394 0.03641 0.71528
1468940310.359367371 0.17299 0.04416 -0.03139 -0.71253 -0.04583 0.04300 0.69882
1468940310.447497368 0.16238 0.01036 -0.11801 -0.72612 -0.05135 0.03104 0.68495
1468940310.535628319 0.15080 -0.02671 -0.20009 -0.75195 -0.03965 0.00495 0.65800
1468940310.623759270 0.12680 -0.06324 -0.25907 -0.77324 -0.02561 -0.02261 0.63319
1468940310.755955219 0.05399 -0.09307 -0.28554 -0.79379 -0.00500 -0.02985 0.60743
1468940310.844086170 -0.01130 -0.09067 -0.25651 -0.79381 -0.01027 -0.02593 0.60752
1468940310.932216167 -0.07570 -0.07667 -0.19563 -0.78399 -0.01408 -0.00344 0.62060
1468940311.020347357 -0.13044 -0.05733 -0.11481 -0.76900 -0.02311 0.00858 0.63878
1468940311.152543306 -0.18954 -0.03284 0.01884 -0.74560 -0.02794 0.02801 0.66522
1468940311.240674257 -0.21826 -0.02202 0.10090 -0.72969 -0.03319 0.03725 0.68196
1468940311.328805208 -0.24114 -0.01343 0.16662 -0.71813 -0.04026 0.04501 0.69329
1468940311.416935205 -0.26124 -0.01194 0.20647 -0.70957 -0.04005 0.06513 0.70047
1468940311.549131155 -0.28504 -0.01676 0.20562 -0.70298 -0.05098 0.08452 0.70432
1468940311.637262344 -0.29462 -0.02417 0.16457 -0.70280 -0.06835 0.08914 0.70246
1468940311.725393295 -0.29349 -0.03412 0.09837 -0.71104 -0.06963 0.09325 0.69345
1468940311.813524246 -0.27749 -0.04510 0.01892 -0.72255 -0.06150 0.10159 0.68104
1468940311.945720196 -0.22135 -0.05616 -0.09566 -0.75733 -0.05209 0.08149 0.64583
1468940312.033850193 -0.16288 -0.06103 -0.14782 -0.77556 -0.04388 0.05890 0.62699
1468940312.121981382 -0.09186 -0.06529 -0.17306 -0.78384 -0.03255 0.03345 0.61921
1468940312.210112333 -0.01580 -0.06436 -0.17119 -0.78808 -0.00979 0.00139 0.61549
1468940312.342308283 0.08393 -0.04705 -0.11554 -0.78688 0.01777 -0.05142 0.61470
1468940312.430439234 0.12971 -0.02828 -0.04719 -0.77664 0.03350 -0.06789 0.62538
1468940312.518569231 0.15288 -0.00961 0.03991 -0.75660 0.04207 -0.06991 0.64877
1468940312.606700182 0.15462 0.00541 0.13030 -0.74084 0.04566 -0.04905 0.66833
1468940312.738896370 0.12161 0.02125 0.24017 -0.70871 0.02864 -0.01133 0.70483
1468940312.827027321 0.08568 0.03378 0.27593 -0.69789 0.00688 0.00626 0.71614
1468940312.915158272 0.04799 0.04585 0.27649 -0.69485 -0.00237 0.02944 0.71854
1468940313.003288269 0.01673 0.04711 0.24653 -0.69202 -0.00722 0.03588 0.72095
1468940313.135485172 -0.01532 -0.00670 0.19113 -0.68239 -0.02766 0.01669 0.73027
1468940313.223615170 -0.02935 -0.07077 0.16623 -0.69453 -0.02721 0.03728 0.71798
1468940313.311746359 -0.04289 -0.13552 0.15202 -0.70770 -0.03274 0.03895 0.70468
1468940313.399877310 -0.06216 -0.18852 0.14629 -0.72055 -0.04113 0.04072 0.69098
1468940313.532073259 -0.08698 -0.21485 0.14958 -0.72568 -0.04936 0.01873 0.68601
1468940313.620204210 -0.09365 -0.18722 0.15158 -0.72336 -0.04003 0.01234 0.68920
1468940313.708334208 -0.10079 -0.13165 0.15064 -0.72036 -0.03675 0.01754 0.69241
1468940313.796465158 -0.11404 -0.06054 0.15296 -0.71547 -0.04273 0.01275 0.69722
1468940313.928661346 -0.13447 0.04115 0.16303 -0.70868 -0.04310 0.02132 0.70389
1468940314.016792297 -0.13653 0.06686 0.16241 -0.70388 -0.03913 0.03099 0.70857
1468940314.104923248 -0.12964 0.03334 0.15947 -0.69819 -0.03442 0.04653 0.71357
1468940314.193053246 -0.11661 -0.04974 0.15567 -0.69262 -0.03418 0.06370 0.71767
1468940314.325249195 -0.08742 -0.20191 0.13914 -0.70402 -0.02889 0.05701 0.70730
1468940314.413380384 -0.07804 -0.27013 0.12789 -0.72199 -0.02358 0.03939 0.69038
1468940314.501511335 -0.09223 -0.29272 0.14073 -0.73294 -0.03128 0.02073 0.67926
1468940314.589642286 -0.12754 -0.27574 0.18307 -0.71532 -0.05971 0.00384 0.69623
1468940314.721838236 -0.19860 -0.21011 0.26656 -0.68249 -0.11231 -0.03314 0.72146
1468940314.809969187 -0.24768 -0.14406 0.31085 -0.68039 -0.10812 -0.00536 0.72482
1468940314.898099184 -0.29522 -0.06769 0.31918 -0.70307 -0.09150 0.01290 0.70509
1468940314.986230373 -0.34232 0.00369 0.28463 -0.73787 -0.05927 0.04960 0.67051
1468940315.118426323 -0.39026 0.04860 0.18227 -0.76759 -0.01425 0.19472 0.61048
1468940315.206557274 -0.37743 0.03073 0.12144 -0.73254 0.00920 0.27708 0.62171
1468940315.294688225 -0.32817 -0.00106 0.06074 -0.70363 0.06268 0.33414 0.62395
1468940315.382818222 -0.25050 -0.03187 0.00293 -0.67997 0.15033 0.39277 0.60064
1468940315.515014172 -0.10354 -0.06788 -0.02988 -0.65738 0.17934 0.39037 0.61911
1468940315.603145361 0.01028 -0.07951 0.00381 -0.65822 0.15704 0.34864 0.64849
1468940315.691276312 0.11598 -0.08137 0.07993 -0.67883 0.08257 0.23067 0.69222
1468940315.779407263 0.19539 -0.08242 0.18671 -0.67374 0.00324 0.06651 0.73596
1468940315.911603212 0.23476 -0.07362 0.35297 -0.63078 -0.16491 -0.17560 0.73762
1468940315.999733210 0.21746 -0.04969 0.43308 -0.61826 -0.25797 -0.29488 0.68136
1468940316.087864161 0.18041 -0.00563 0.46522 -0.61440 -0.31510 -0.34783 0.63422
1468940316.175995350 0.13868 0.04819 0.44075 -0.64075 -0.33861 -0.31550 0.61257
1468940316.308191299 0.06464 0.12817 0.30148 -0.71584 -0.31367 -0.21766 0.58464
1468940316.396322250 -0.00373 0.15683 0.16278 -0.77000 -0.22583 -0.07650 0.59181
1468940316.484452248 -0.10337 0.15005 0.03461 -0.77631 -0.05429 0.12380 0.61569
1468940316.572583199 -0.21672 0.11575 -0.03077 -0.74586 0.07307 0.26355 0.60737
1468940316.704779387 -0.32201 0.07377 0.05715 -0.67969 0.12739 0.39052 0.60769
1468940316.792910337 -0.33041 0.05351 0.17025 -0.62123 0.12079 0.41627 0.65284
1468940316.881041288 -0.31524 0.02902 0.25988 -0.58008 0.11955 0.41834 0.68863
1468940316.969171286 -0.28085 -0.00101 0.29852 -0.55975 0.11781 0.38994 0.72163
1468940317.101368189 -0.20361 -0.09218 0.23919 -0.57667 0.11581 0.34044 0.73358
1468940317.189498186 -0.13307 -0.19577 0.15809 -0.61860 0.12517 0.28426 0.72170
1468940317.277629375 -0.05975 -0.31957 0.09386 -0.66015 0.15537 0.23539 0.69617
1468940317.365760326 0.00554 -0.43415 0.07100 -0.67111 0.20418 0.16983 0.69216
1468940317.497956276 0.06332 -0.53595 0.07466 -0.68122 0.25137 0.09299 0.68125
1468940317.586087227 0.08966 -0.51765 0.08114 -0.67323 0.25697 0.08951 0.68754
1468940317.674217224 0.11420 -0.42548 0.07827 -0.66610 0.22398 0.08783 0.70599
1468940317.762348175 0.13551 -0.30037 0.06320 -0.65181 0.20189 0.11752 0.72151
1468940317.894544363 0.16367 -0.10595 0.04701 -0.67402 0.21452 0.15913 0.68873
1468940317.982675314 0.18326 -0.03908 0.09403 -0.74050 0.10965 0.01707 0.66283
1468940318.070806265 0.19613 -0.04742 0.21039 -0.72810 -0.07145 -0.15840 0.66308
1468940318.158936262 0.20228 -0.07563 0.33037 -0.62597 -0.22769 -0.33879 0.66448
1468940318.291132212 0.21260 -0.09905 0.43073 -0.55022 -0.36664 -0.46560 0.58826
1468940318.379263163 0.22422 -0.09151 0.42204 -0.56273 -0.37217 -0.46491 0.57331
1468940318.467394352 0.24055 -0.06628 0.33326 -0.61961 -0.35077 -0.39633 0.57963
1468940318.555525303 0.24270 -0.03324 0.16926 -0.70210 -0.23800 -0.23897 0.62714
1468940318.687721252 0.14226 -0.04067 -0.08872 -0.75514 0.14752 0.19347 0.60875
1468940318.775852203 0.02346 -0.06123 -0.11878 -0.72312 0.26002 0.37651 0.51742
1468940318.863982201 -0.05069 -0.06523 -0.01951 -0.67997 0.22897 0.43557 0.54359
1468940318.952113390 -0.10023 -0.07941 0.13533 -0.65131 0.09297 0.37513 0.65302
1468940319.084309340 -0.18378 -0.12005 0.29047 -0.60952 -0.14410 0.02843 0.77904
1468940319.172440290 -0.24043 -0.12418 0.29124 -0.55808 -0.29541 -0.24510 0.73567
1468940319.260571241 -0.27677 -0.11079 0.22351 -0.55154 -0.34757 -0.33947 0.67806
1468940319.348701239 -0.28665 -0.10115 0.11861 -0.63945 -0.26890 -0.18583 0.69589
1468940319.480897188 -0.23712 -0.13378 -0.04056 -0.71076 0.17435 0.31315 0.60527
1468940319.569028378 -0.17848 -0.17853 -0.09127 -0.72243 0.24385 0.32757 0.55797
1468940319.657159328 -0.10257 -0.21773 -0.04052 -0.75320 -0.03128 -0.00571 0.65702
1468940319.745290279 -0.02736 -0.23835 0.04956 -0.67942 -0.25537 -0.25081 0.64052
1468940319.877486229 0.07015 -0.23448 0.16041 -0.65466 -0.27829 -0.36315 0.60175
1468940319.965616226 0.13068 -0.22203 0.21057 -0.74040 -0.00609 -0.00243 0.67213
1468940320.053747177 0.16866 -0.20102 0.24752 -0.68551 0.11703 0.15526 0.70163
1468940320.141878366 0.18312 -0.17355 0.26889 -0.61355 0.01006 0.00245 0.78959
1468940320.274074316 0.18223 -0.16443 0.23611 -0.63344 -0.00570 0.01051 0.77370
1468940320.362205267 0.19668 -0.18952 0.13910 -0.66090 -0.00306 -0.00258 0.75047
1468940320.450335264 0.20544 -0.21309 -0.01295 -0.71516 0.03572 0.03064 0.69737
1468940320.538466215 0.25385 -0.22145 -0.12380 -0.78145 0.09683 0.00960 0.61633
1468940320.670662165 0.31986 -0.20490 -0.00063 -0.73792 0.13410 -0.04515 0.65989
1468940320.758793354 0.28049 -0.18320 0.16184 -0.68985 0.09932 -0.05243 0.71518
1468940320.846924305 0.18374 -0.17827 0.26358 -0.64511 0.05078 -0.01680 0.76221
1468940320.935054302 0.08015 -0.17722 0.25388 -0.65049 0.00929 -0.01714 0.75927
1468940321.067251205 -0.01025 -0.14626 0.22636 -0.69890 0.04333 -0.01103 0.71382
1468940321.155381203 -0.12004 -0.15091 0.33587 -0.62479 0.00922 0.00731 0.78071
1468940321.243512392 -0.24774 -0.15627 0.36028 -0.59514 -0.04197 0.05924 0.80033
1468940321.331643343 -0.33828 -0.14743 0.23781 -0.63198 -0.07156 0.07884 0.76764
1468940321.463839293 -0.34393 -0.15518 -0.02333 -0.73449 -0.04491 0.09372 0.67062
1468940321.551970243 -0.25685 -0.17890 -0.09903 -0.76544 -0.01573 0.03774 0.64220
1468940321.640100241 -0.13014 -0.19712 -0.05508 -0.75777 0.03499 -0.01536 0.65141
1468940321.728231192 -0.03665 -0.21099 0.04368 -0.72206 0.09775 -0.02088 0.68457
1468940321.860427380 -0.07483 -0.21231 0.08233 -0.66972 0.02486 0.03807 0.74122
1468940321.948558331 -0.06854 -0.21179 -0.01513 -0.70401 -0.05728 0.04406 0.70650
1468940322.036689281 0.05213 -0.20999 -0.08872 -0.71329 0.02447 0.02322 0.70005
1468940322.124819279 0.14502 -0.20283 -0.12615 -0.69476 0.03846 0.01872 0.71797
1468940322.257015228 0.28629 -0.17830 -0.14019 -0.75357 0.06093 -0.02692 0.65398
1468940322.345146179 0.36068 -0.16458 -0.02359 -0.71263 0.09116 -0.05826 0.69315
1468940322.433277369 0.30000 -0.13686 0.05943 -0.70008 -0.00763 -0.02937 0.71342
1468940322.521408319 0.25198 -0.10529 0.15681 -0.71762 -0.06715 -0.04388 0.69180
1468940322.653604269 0.22447 -0.10114 0.38270 -0.61858 -0.00926 -0.07590 0.78199
1468940322.741735220 0.11324 -0.11359 0.43763 -0.59261 -0.10025 -0.03720 0.79836
1468940322.829865217 0.05269 -0.13274 0.40132 -0.56080 -0.07808 -0.00141 0.82426
1468940322.917996168 0.02868 -0.14401 0.25855 -0.60139 0.00671 0.08381 0.79452
1468940323.050192356 -0.07579 -0.19662 0.00247 -0.68118 -0.04359 0.07412 0.72705
1468940323.138323307 -0.17530 -0.23923 -0.06854 -0.70379 -0.10001 0.10478 0.69549
1468940323.226454258 -0.20319 -0.21807 -0.06616 -0.72310 -0.00044 0.10875 0.68213
1468940323.314584255 -0.24916 -0.16357 0.01329 -0.69830 -0.01066 0.08472 0.71070
1468940323.446780205 -0.33120 -0.06229 0.12142 -0.69051 -0.05120 0.07545 0.71755
1468940323.534911156 -0.34307 -0.09581 0.13552 -0.68920 -0.04686 0.05929 0.72062
1468940323.623042345 -0.31843 -0.25589 0.11396 -0.66860 -0.06396 0.03526 0.74003
1468940323.711173296 -0.28639 -0.40314 0.07403 -0.68425 -0.05520 0.02239 0.72681
1468940323.843369246 -0.24826 -0.28836 0.09309 -0.67809 -0.02557 -0.01309 0.73441
1468940323.931499243 -0.21746 -0.15539 0.06798 -0.70850 0.03815 0.01091 0.70459
1468940324.019630194 -0.19666 -0.20972 0.04288 -0.70336 0.01830 0.00655 0.71057
1468940324.107761383 -0.18039 -0.32682 0.01236 -0.70220 -0.00196 -0.00838 0.71193
1468940324.239957333 -0.09473 -0.20405 0.01570 -0.70059 0.02191 -0.05006 0.71147
1468940324.328088284 -0.03405 -0.12450 -0.02253 -0.74573 0.05547 -0.03031 0.66325
1468940324.416218281 0.00636 -0.21687 -0.03645 -0.71472 0.01933 -0.04259 0.69785
1468940324.504349232 0.05424 -0.29039 -0.05030 -0.71052 0.01059 -0.04975 0.70183
1468940324.636545181 0.14103 -0.10682 -0.03230 -0.69964 -0.01071 -0.05928 0.71195
1468940324.724676371 0.17709 -0.03090 -0.06059 -0.73816 0.03302 -0.02900 0.67320
1468940324.812807322 0.19598 -0.08378 -0.08432 -0.70684 0.13313 0.09975 0.68754
1468940324.900937319 0.18472 -0.16938 -0.14502 -0.64222 0.34416 0.36885 0.57711
1468940325.033134222 0.07565 -0.16059 -0.13024 -0.70979 -0.07629 -0.07524 0.69622
1468940325.121264219 0.00935 -0.09607 -0.06247 -0.66866 -0.22078 -0.12397 0.69912
1468940325.209395170 -0.02113 -0.01898 0.00362 -0.77154 -0.01017 0.24283 0.58793
1468940325.297526360 -0.06349 0.00107 0.07515 -0.71507 -0.12768 0.02965 0.68665
1468940325.429722309 -0.11745 -0.07433 0.09736 -0.59306 -0.15736 -0.02405 0.78927
1468940325.517853260 -0.10653 -0.16348 0.01455 -0.66109 0.00255 0.17601 0.72936
1468940325.605983257 -0.10284 -0.28047 -0.08626 -0.57584 -0.04334 -0.07821 0.81266
1468940325.694114208 -0.10269 -0.34751 -0.15096 -0.65467 0.05572 -0.02110 0.75357
1468940325.826310158 -0.11892 -0.28701 -0.13602 -0.79070 -0.01335 -0.05307 0.60975
1468940325.914441347 -0.13584 -0.21260 -0.06086 -0.69816 -0.13506 -0.22328 0.66670
1468940326.002572298 -0.14238 -0.13707 0.00026 -0.74638 -0.04814 -0.03468 0.66288
1468940326.090702295 -0.12866 -0.10305 0.03843 -0.71124 0.07945 0.07283 0.69464
1468940326.222899199 -0.14273 -0.16640 0.01646 -0.69286 0.11566 0.17651 0.68950
1468940326.311029196 -0.10873 -0.25305 -0.03916 -0.67930 0.06352 0.03818 0.73011
1468940326.399160385 -0.05962 -0.33892 -0.09301 -0.67890 -0.04628 -0.09851 0.72612
1468940326.487291336 0.01094 -0.38877 -0.12133 -0.74372 0.07855 0.10303 0.65582
1468940326.619487286 0.10884 -0.34556 -0.06851 -0.67236 -0.04573 -0.30357 0.67356
1468940326.707618237 0.15026 -0.24847 -0.02441 -0.75175 -0.00398 -0.18374 0.63332
1468940326.795748234 0.15946 -0.16100 0.00220 -0.82419 0.02440 0.01547 0.56558
1468940326.883879185 0.16819 -0.08004 0.03182 -0.74142 -0.13532 -0.18836 0.62969
1468940327.016075373 0.18694 -0.05257 0.04332 -0.63084 0.03835 -0.04096 0.77388
1468940327.104206324 0.18316 -0.11424 -0.02059 -0.62381 0.15711 0.15501 0.74977
1468940327.192337275 0.16253 -0.21106 -0.12171 -0.61988 0.16976 0.17971 0.74474
1468940327.280467272 0.11429 -0.27465 -0.19686 -0.67164 0.07053 0.00480 0.73750
1468940327.412663221 0.01048 -0.24319 -0.19568 -0.70406 -0.01902 -0.05842 0.70748
1468940327.500794172 -0.03853 -0.16545 -0.16709 -0.72788 0.14114 0.20154 0.64004
1468940327.588925362 -0.12080 -0.08759 -0.13686 -0.73456 -0.03642 0.00717 0.67753
1468940327.677056313 -0.19633 -0.06144 -0.10369 -0.70044 -0.16048 -0.05316 0.69340
1468940327.809252262 -0.23743 -0.19150 -0.05911 -0.54053 -0.29960 -0.19577 0.76141
1468940327.897382259 -0.23313 -0.23909 -0.03344 -0.62327 -0.18438 -0.05422 0.75802
1468940327.985513210 -0.22455 -0.18601 0.01553 -0.67045 -0.06571 0.00761 0.73900
1468940328.073644161 -0.23472 -0.12303 0.03373 -0.66130 -0.10574 -0.18051 0.72036
1468940328.205840349 -0.24427 -0.21819 0.03964 -0.69496 -0.05089 -0.12778 0.70577
1468940328.293971300 -0.26846 -0.31170 0.01730 -0.69562 -0.07338 -0.15307 0.69807
1468940328.382101297 -0.30115 -0.22569 0.01268 -0.67876 -0.12741 -0.20241 0.69432
1468940328.470232248 -0.33983 -0.16216 -0.02995 -0.70010 -0.25178 -0.27253 0.61007
1468940328.602428198 -0.38067 -0.29181 -0.03057 -0.49055 -0.41573 -0.44552 0.62293
1468940328.690559387 -0.38570 -0.30604 -0.02827 -0.49053 -0.42249 -0.38121 0.65997
1468940328.778690338 -0.33778 -0.23089 -0.00190 -0.69122 -0.22719 -0.09381 0.67956
1468940328.866820335 -0.25146 -0.19658 -0.01437 -0.75168 0.08714 0.22522 0.61372
1468940328.999017239 -0.18178 -0.24674 -0.03963 -0.62367 -0.17567 -0.26780 0.71307
1468940329.087147236 -0.08299 -0.25124 -0.06041 -0.72105 0.02977 0.01588 0.69206
1468940329.175278187 0.01436 -0.22495 -0.07483 -0.71653 -0.03678 -0.12912 0.68451
1468940329.263409376 0.08031 -0.17345 -0.06581 -0.72240 -0.21481 -0.27279 0.59798
1468940329.395605326 0.16680 -0.08383 0.02337 -0.79535 -0.14191 -0.04676 0.58745
1468940329.483736277 0.20804 -0.04370 0.07076 -0.74233 -0.02555 0.07843 0.66494
1468940329.571866274 0.23633 -0.07121 0.06594 -0.55645 -0.00367 -0.12549 0.82134
1468940329.659997225 0.24114 -0.12878 -0.00678 -0.54846 0.12007 0.02812 0.82703
1468940329.792193174 0.22757 -0.21388 -0.18242 -0.68946 0.14101 0.10276 0.70300
1468940329.880324364 0.20621 -0.22038 -0.20714 -0.75332 -0.10911 -0.13427 0.63449
1468940329.968455315 0.20468 -0.15837 -0.16150 -0.80416 -0.21872 -0.19926 0.51554
1468940330.056585312 0.19726 -0.06186 -0.09001 -0.77998 -0.19996 -0.14803 0.57422
1468940330.188782215 0.18412 -0.01937 -0.02120 -0.65613 -0.13150 -0.10782 0.73524
1468940330.276912212 0.18553 -0.10691 -0.01120 -0.54243 0.00325 -0.00728 0.84007
1468940330.365043163 0.17058 -0.17172 -0.05675 -0.60931 0.07922 0.07839 0.78506
1468940330.453174353 0.12305 -0.15553 -0.08156 -0.79735 -0.05449 -0.00022 0.60105
1468940330.585370302 0.04803 -0.07512 -0.03921 -0.77184 -0.18555 -0.17675 0.58189
1468940330.673501253 -0.00139 -0.06453 -0.00766 -0.64338 -0.12294 -0.11336 0.74706
1468940330.761631250 -0.03600 -0.10391 -0.01825 -0.59470 0.00070 0.01966 0.80370
1468940330.849762201 -0.09031 -0.14358 -0.06665 -0.63939 0.13405 0.18992 0.73290
1468940330.981958389 -0.21295 -0.17616 -0.08069 -0.53642 -0.31766 -0.32496 0.71116
1468940331.070089340 -0.24766 -0.18135 -0.05279 -0.61378 -0.26505 -0.21384 0.71225
1468940331.158220291 -0.21285 -0.15051 -0.03192 -0.73992 -0.01238 0.13009 0.65987
1468940331.246350288 -0.16672 -0.15629 -0.03772 -0.70729 0.15465 0.26466 0.63701
1468940331.378546238 -0.10693 -0.26948 -0.06698 -0.60007 0.00494 -0.17708 0.78009
1468940331.466677189 -0.03925 -0.32284 -0.10995 -0.63610 0.10500 -0.09595 0.75838
1468940331.554808378 0.01776 -0.31959 -0.16041 -0.72121 0.29368 0.27009 0.56628
1468940331.642939329 0.02984 -0.25028 -0.15771 -0.78484 -0.01611 -0.06424 0.61615
1468940331.775135279 0.08012 -0.20928 -0.10500 -0.67557 -0.09683 -0.18461 0.70721
1468940331.863265276 0.13881 -0.16096 -0.10897 -0.76406 0.10566 0.21840 0.59779
1468940331.951396227 0.18563 -0.13716 -0.08934 -0.73219 -0.09990 -0.06269 0.67081
1468940332.039527178 0.20638 -0.13648 -0.06293 -0.58661 -0.17330 -0.23106 0.75662
1468940332.171723366 0.26882 -0.21691 -0.11876 -0.66755 0.04124 0.18341 0.72045
1468940332.259854317 0.31736 -0.27716 -0.20099 -0.69938 0.17717 0.29808 0.62500
1468940332.347984314 0.34855 -0.31295 -0.21308 -0.64583 -0.05143 -0.15820 0.74514
1468940332.436115265 0.37082 -0.28233 -0.17249 -0.64528 -0.03477 -0.16884 0.74424
1468940332.568311214 0.39840 -0.15466 -0.09122 -0.71453 -0.04697 -0.08996 0.69221
1468940332.656442165 0.37613 -0.12353 -0.03831 -0.64297 -0.18230 -0.19293 0.71843
1468940332.744573355 0.35383 -0.24786 0.00498 -0.63201 -0.18427 -0.11273 0.74424
1468940332.832703352 0.33212 -0.38131 -0.02112 -0.67093 -0.17000 0.01643 0.72158
1468940332.964900255 0.36777 -0.56566 -0.12730 -0.67443 -0.03335 0.01245 0.73748
1468940333.053030252 0.37726 -0.67549 -0.16505 -0.71884 0.00976 -0.07345 0.69121
1468940333.141161203 0.30434 -0.72528 -0.15779 -0.73862 -0.03632 -0.10681 0.66461
1468940333.229292393 0.16232 -0.71705 -0.11536 -0.70118 -0.11819 -0.09641 0.69648
1468940333.361488342 -0.02231 -0.57608 0.00556 -0.67129 -0.19405 -0.16447 0.69618
1468940333.449619293 -0.09670 -0.43350 0.08041 -0.67412 -0.20063 -0.19004 0.68498
1468940333.537749290 -0.13020 -0.35988 0.09346 -0.74717 -0.15315 -0.15071 0.62894
1468940333.625880241 -0.14808 -0.37583 0.10754 -0.74632 -0.11422 -0.08735 0.64987
1468940333.758076191 -0.15404 -0.52105 0.09649 -0.70333 -0.13329 -0.01612 0.69807
1468940333.846207380 -0.09632 -0.65622 0.07931 -0.68979 -0.12993 0.02506 0.71182
1468940333.934338331 0.01764 -0.77486 0.05624 -0.68510 -0.10026 0.05608 0.71933
1468940334.022468328 0.15919 -0.87404 0.01288 -0.69458 -0.04377 0.05934 0.71562
1468940334.154664278 0.34396 -0.97877 -0.10917 -0.73071 0.03397 -0.04963 0.68003
1468940334.242795229 0.43656 -1.01290 -0.20487 -0.71779 0.07577 -0.06018 0.68951
1468940334.330926180 0.52662 -1.02923 -0.29354 -0.70597 0.13190 -0.07306 0.69201
1468940334.419057369 0.60079 -1.01938 -0.36995 -0.69181 0.12780 -0.08204 0.70593
1468940334.551253319 0.71004 -0.96195 -0.46140 -0.69981 0.15322 -0.05756 0.69533
1468940334.639384270 0.78286 -0.89032 -0.48442 -0.72356 0.15626 -0.03623 0.67136
1468940334.727514267 0.84803 -0.79916 -0.45892 -0.72611 0.13071 -0.00991 0.67497
1468940334.815645218 0.88873 -0.70204 -0.37680 -0.73699 0.08116 -0.00492 0.67099
1468940334.947841167 0.87698 -0.56968 -0.14340 -0.74287 -0.00502 -0.03980 0.66824
1468940335.035972357 0.83273 -0.50735 0.04592 -0.75244 -0.02015 -0.05203 0.65629
1468940335.124103308 0.75851 -0.48426 0.22150 -0.76653 -0.05870 -0.10253 0.63124
1468940335.212233305 0.65841 -0.48910 0.35624 -0.77153 -0.05185 -0.10618 0.62512
1468940335.344429255 0.49031 -0.50416 0.43669 -0.73310 -0.03324 -0.09682 0.67237
1468940335.432560205 0.38922 -0.49792 0.41001 -0.73300 -0.01127 -0.04644 0.67855
1468940335.520691156 0.29033 -0.48187 0.32753 -0.72200 -0.00081 -0.04028 0.69071
1468940335.608822346 0.19682 -0.46721 0.19765 -0.73680 0.02903 -0.02032 0.67518
1468940335.741018295 0.08860 -0.46532 -0.07096 -0.76656 0.04935 -0.04619 0.63860
1468940335.829148293 0.03840 -0.50758 -0.24493 -0.78687 0.04651 -0.06787 0.61161
1468940335.917279243 0.00829 -0.61138 -0.33316 -0.78772 0.03678 -0.07019 0.61091
1468940336.005410194 0.00759 -0.75053 -0.33013 -0.78658 0.02499 -0.08449 0.61118
1468940336.137606382 0.04485 -0.95901 -0.22168 -0.77234 0.03974 -0.10798 0.62471
1468940336.225737333 0.07383 -1.07203 -0.15472 -0.76533 0.04278 -0.12410 0.63011
1468940336.313867331 0.10078 -1.16326 -0.11528 -0.76816 0.06331 -0.14998 0.61921
1468940336.401998281 0.11961 -1.21829 -0.10470 -0.78101 0.08778 -0.16613 0.59559
1468940336.534194231 0.14206 -1.19676 -0.11036 -0.75965 0.08516 -0.14357 0.62854
1468940336.622325182 0.15568 -1.11895 -0.11267 -0.75529 0.07335 -0.10951 0.64200
1468940336.710456371 0.16299 -1.01099 -0.10492 -0.73590 0.06662 -0.08968 0.66781
1468940336.798586369 0.16522 -0.88272 -0.09088 -0.71981 0.07327 -0.06812 0.68693
1468940336.930783272 0.15768 -0.66463 -0.05525 -0.69908 0.06312 -0.05424 0.71018
1468940337.018913269 0.14930 -0.52407 -0.03520 -0.70742 0.06605 -0.05590 0.70148
1468940337.107044220 0.14059 -0.40174 -0.02829 -0.70674 0.08016 -0.04167 0.70168
1468940337.195175171 0.12632 -0.32542 -0.04377 -0.71504 0.06604 -0.03330 0.69516
1468940337.327371359 0.12282 -0.32532 -0.07738 -0.72351 -0.00661 0.03412 0.68944
1468940337.415502310 0.16587 -0.38664 -0.09913 -0.71652 -0.05518 0.04920 0.69364
1468940337.503632307 0.25245 -0.48005 -0.11883 -0.70114 -0.07389 0.05766 0.70684
1468940337.591763258 0.36850 -0.58728 -0.13841 -0.70831 -0.04679 0.02532 0.70390
1468940337.723959208 0.54428 -0.74220 -0.16954 -0.72816 0.02358 -0.00880 0.68494
1468940337.812090158 0.63186 -0.81782 -0.17515 -0.74621 0.01778 -0.00272 0.66547
1468940337.900221348 0.70020 -0.86414 -0.16306 -0.75499 -0.00674 -0.02039 0.65539
1468940337.988351345 0.75140 -0.86825 -0.14641 -0.75655 -0.02348 -0.04020 0.65228
1468940338.120547295 0.75427 -0.75748 -0.12581 -0.74150 -0.10208 -0.05749 0.66065
1468940338.208678246 0.68195 -0.62843 -0.09789 -0.71377 -0.15028 -0.06655 0.68082
1468940338.296809196 0.56872 -0.48062 -0.05614 -0.68840 -0.16442 -0.10772 0.69819
1468940338.384940386 0.43670 -0.32988 -0.01651 -0.69438 -0.11957 -0.10118 0.70236
1468940338.517136335 0.28410 -0.22306 -0.02771 -0.73688 -0.04760 -0.02812 0.67375
1468940338.605267286 0.22165 -0.28183 -0.02925 -0.70854 -0.06641 -0.00551 0.70251
1468940338.693397284 0.19553 -0.43046 -0.05271 -0.68961 -0.07013 -0.00095 0.72078
1468940338.781528234 0.17195 -0.58215 -0.09436 -0.69842 -0.05195 -0.01825 0.71357
1468940338.913724184 0.13496 -0.67236 -0.12721 -0.72543 0.01457 -0.05432 0.68599
1468940339.001855373 0.10993 -0.64379 -0.12973 -0.71438 0.03293 -0.07176 0.69529
1468940339.089986324 0.09318 -0.60798 -0.12924 -0.70670 0.05297 -0.06236 0.70277
1468940339.178116322 0.07413 -0.57614 -0.12141 -0.69932 0.04373 -0.06417 0.71058
1468940339.310312271 0.04900 -0.44443 -0.08593 -0.70587 -0.03175 -0.17819 0.68482
1468940339.398443222 -0.00339 -0.38563 -0.05425 -0.66715 -0.24298 -0.37145 0.59824
1468940339.486574173 -0.06120 -0.38855 0.01010 -0.56093 -0.38266 -0.47119 0.56295
1468940339.574705362 -0.08870 -0.41651 0.10375 0.52951 0.43923 0.54143 -0.48327
1468940339.706901312 -0.08944 -0.45850 0.22255 0.58192 0.42823 0.53673 -0.43579
1468940339.795031309 -0.06559 -0.46873 0.26200 0.64253 0.38117 0.45381 -0.48572
1468940339.883162260 -0.00160 -0.45748 0.25460 -0.68576 -0.31310 -0.39324 0.52637
1468940339.971293211 0.10354 -0.43224 0.18305 -0.73323 -0.22246 -0.31082 0.56238
1468940340.103489161 0.30988 -0.41162 -0.03104 -0.75982 0.07553 0.02866 0.64509
1468940340.191620350 0.41516 -0.43385 -0.22329 -0.70940 0.27522 0.19036 0.62030
1468940340.279750347 0.46578 -0.47494 -0.40930 -0.67944 0.36559 0.25907 0.58103
1468940340.367881298 0.49370 -0.53966 -0.54071 -0.67055 0.37418 0.23524 0.59582
1468940340.500077248 0.52839 -0.66590 -0.58809 -0.66582 0.32568 0.21753 0.63505
1468940340.588208199 0.54255 -0.76215 -0.54940 -0.68470 0.25110 0.18722 0.65809
1468940340.676339388 0.55972 -0.86041 -0.49057 -0.70247 0.20088 0.15707 0.66447
1468940340.764470339 0.56900 -0.95571 -0.42391 -0.71973 0.16726 0.12382 0.66233
1468940340.896666288 0.56115 -1.06037 -0.34481 -0.74562 0.14007 0.06316 0.64842
1468940340.984796286 0.54070 -1.04586 -0.30437 -0.75123 0.14273 0.02830 0.64380
1468940341.072927237 0.49861 -0.95775 -0.27367 -0.76384 0.11386 -0.03340 0.63441
1468940341.161058187 0.42314 -0.81843 -0.21071 -0.76425 0.07279 -0.06179 0.63781
1468940341.293254375 0.27196 -0.67417 -0.01247 -0.74691 -0.02401 -0.05210 0.66245
1468940341.381385326 0.19791 -0.66790 0.15676 -0.78962 -0.05710 -0.06862 0.60707
1468940341.469515324 0.14182 -0.69795 0.30452 -0.80001 -0.06450 -0.08646 0.59021
1468940341.557646275 0.09308 -0.72819 0.39564 -0.80747 -0.09019 -0.14796 0.56388
1468940341.689842224 0.01258 -0.74223 0.42655 -0.79492 -0.11245 -0.19390 0.56379
1468940341.777973175 -0.06282 -0.71709 0.35135 -0.77981 -0.16403 -0.23393 0.55701
1468940341.866104364 -0.13085 -0.69780 0.21848 -0.74221 -0.24703 -0.20999 0.58652
1468940341.954234362 -0.12400 -0.69272 0.07532 -0.72713 -0.22868 -0.08953 0.64107
1468940342.086430311 0.03238 -0.70901 -0.15039 -0.72582 -0.06685 0.07189 0.68084
1468940342.174561262 0.19001 -0.74975 -0.27347 -0.71317 0.00617 0.13385 0.68807
1468940342.262692213 0.36346 -0.80853 -0.33902 -0.71731 0.01414 0.11585 0.68691
1468940342.350823164 0.54055 -0.85855 -0.35113 -0.73381 0.00760 0.08812 0.67357
1468940342.483019352 0.76231 -0.87677 -0.28194 -0.75320 0.01471 0.06881 0.65402
1468940342.571150303 0.84803 -0.85555 -0.18789 -0.76433 -0.01431 0.05824 0.64203
1468940342.659280300 0.89328 -0.80906 -0.08952 -0.78512 -0.05637 0.01421 0.61661
1468940342.747411251 0.89022 -0.75091 -0.02777 -0.78958 -0.09455 -0.04414 0.60470
1468940342.879607201 0.75852 -0.69228 -0.03449 -0.73429 -0.04237 -0.10720 0.66898
1468940342.967738390 0.60075 -0.70029 -0.11134 -0.70194 0.01018 -0.08940 0.70653
1468940343.055869341 0.41687 -0.70918 -0.22788 -0.73925 -0.01617 -0.08179 0.66825
1468940343.143999338 0.27471 -0.69484 -0.24955 -0.78552 -0.06734 -0.05026 0.61311
1468940343.276195288 0.20167 -0.67250 0.00929 -0.71743 -0.10250 -0.09189 0.68289
1468940343.364326239 0.16098 -0.69713 0.16788 -0.65673 -0.08438 -0.11368 0.74072
1468940343.452457190 0.10952 -0.68340 0.17792 -0.64660 -0.08687 -0.12481 0.74752
1468940343.540588379 0.07646 -0.65202 0.01352 -0.71204 -0.05494 -0.10351 0.69229
1468940343.672784328 0.04844 -0.67026 -0.13636 -0.79739 -0.01571 -0.08424 0.59735
1468940343.760914326 0.02390 -0.66400 0.01148 -0.72306 -0.01861 -0.07243 0.68672
1468940343.849045277 0.01322 -0.67399 0.10553 -0.64951 -0.02137 -0.04566 0.75868
1468940343.937176228 0.01673 -0.66506 -0.00079 -0.68813 -0.03232 -0.07319 0.72116
1468940344.069372177 0.04523 -0.67143 -0.16519 -0.77412 -0.05813 -0.09242 0.62355
1468940344.157503366 0.09311 -0.65658 -0.02803 -0.70792 -0.01850 -0.05911 0.70357
1468940344.245633364 0.13423 -0.65523 0.06293 -0.61545 -0.01290 -0.05518 0.78614
1468940344.333764315 0.17355 -0.63359 -0.07356 -0.68726 -0.02364 -0.08127 0.72146
1468940344.465960264 0.25831 -0.60167 -0.18372 -0.75182 -0.02352 -0.04296 0.65755
1468940344.554091215 0.33725 -0.55957 -0.06215 -0.69256 -0.02443 0.02471 0.72052
1468940344.642222166 0.44341 -0.52625 -0.08266 -0.71486 0.12299 0.21512 0.65389
1468940344.730352163 0.51447 -0.51948 -0.17738 -0.76286 0.15632 0.08436 0.62169
1468940344.862549305 0.46313 -0.44210 -0.17261 -0.58989 -0.35097 -0.39207 0.61248
1468940344.950679302 0.44564 -0.37051 -0.16423 -0.78055 -0.22584 -0.07549 0.57796
1468940345.038810253 0.42083 -0.33970 -0.16564 -0.79616 0.00070 0.21662 0.56498
1468940345.126941204 0.37997 -0.39974 -0.16248 -0.62333 -0.02698 -0.12034 0.77218
1468940345.259137392 0.33256 -0.51722 -0.23607 -0.64682 0.13986 -0.03610 0.74884
1468940345.347268343 0.28791 -0.47614 -0.25922 -0.83498 0.06445 0.14762 0.52618
1468940345.435398340 0.25025 -0.40482 -0.19685 -0.80781 -0.16937 -0.15527 0.54282
1468940345.523529291 0.18893 -0.33814 -0.10488 -0.64151 -0.25103 -0.27428 0.67098
1468940345.655725241 0.10004 -0.28777 -0.05028 -0.79675 0.00127 0.18339 0.57581
1468940345.743856192 -0.01265 -0.27879 -0.03488 -0.68971 -0.28702 -0.29559 0.59544
1468940345.831987381 -0.11814 -0.28112 0.00646 -0.56550 -0.42599 -0.42765 0.56202
1468940345.920117378 -0.18470 -0.30336 0.07163 -0.48577 -0.46209 -0.53679 0.51221
1468940346.052313328 -0.23857 -0.34338 0.13000 0.51502 0.42491 0.61118 -0.42504
1468940346.140444279 -0.30794 -0.30626 0.13415 0.45978 0.48328 0.61598 -0.41907
1468940346.228575230 -0.32113 -0.32584 0.11793 0.36587 0.52093 0.63274 -0.44091
1468940346.316706181 -0.28179 -0.34763 0.08923 0.60211 0.42707 0.45638 -0.49678
1468940346.448902369 -0.15360 -0.39352 0.04565 -0.66006 -0.24035 -0.19727 0.68384
1468940346.537033319 -0.03599 -0.41445 -0.04511 -0.75964 0.00927 0.04279 0.64887
1468940346.625163317 0.06056 -0.42113 -0.14630 -0.76108 0.23699 0.27026 0.53996
1468940346.713294268 0.14656 -0.42457 -0.18257 -0.73364 0.30523 0.22769 0.56282
1468940346.845490217 0.23731 -0.41766 -0.17633 -0.76552 0.05634 -0.11411 0.63070
1468940346.933621168 0.29388 -0.40796 -0.14594 -0.72708 -0.04123 -0.21236 0.65158
1468940347.021752357 0.34963 -0.37439 -0.11674 -0.71264 -0.14017 -0.26489 0.63429
1468940347.109882355 0.41472 -0.31993 -0.11114 -0.80010 -0.04306 -0.03496 0.59730
1468940347.242078304 0.51482 -0.30796 -0.14565 -0.73312 0.13225 0.19964 0.63655
1468940347.330209255 0.56135 -0.36225 -0.21757 -0.71385 0.24781 0.28933 0.58761
1468940347.418340206 0.59257 -0.42694 -0.26806 -0.73734 0.23103 0.16522 0.61291
1468940347.506471157 0.60377 -0.41764 -0.26247 -0.74817 0.24539 0.20187 0.58247
1468940347.638667345 0.60325 -0.23291 -0.17772 -0.72329 0.20202 0.28471 0.59580
1468940347.726797342 0.60332 -0.17281 -0.19324 -0.73490 0.24265 0.33829 0.53535
1468940347.814928293 0.61327 -0.23546 -0.23795 0.69597 -0.30546 -0.45120 -0.46769
1468940347.903059244 0.60855 -0.34581 -0.29904 0.65773 -0.36322 -0.49089 -0.44101
1468940348.035255194 0.55842 -0.37399 -0.29143 -0.72996 0.02131 -0.09546 0.67645
1468940348.123386383 0.50495 -0.31655 -0.23628 -0.72202 -0.11564 -0.20474 0.65069
1468940348.211516380 0.46347 -0.24642 -0.18141 -0.83264 -0.07251 -0.03111 0.54816
1468940348.299647331 0.41099 -0.20934 -0.12918 -0.81767 -0.19993 -0.17838 0.50954
1468940348.431843281 0.29856 -0.24502 -0.04464 -0.53218 -0.39370 -0.48042 0.57531
1468940348.519974232 0.24147 -0.27976 -0.00256 -0.62140 -0.30183 -0.32883 0.64392
1468940348.608105183 0.19511 -0.29304 0.04228 -0.75196 -0.11909 -0.02824 0.64775
1468940348.696235180 0.16326 -0.29972 0.05450 -0.74039 0.04995 0.14928 0.65349
1468940348.828432322 0.13942 -0.37081 -0.09109 -0.60170 0.40223 0.45253 0.52094
1468940348.916562319 0.11086 -0.43800 -0.23892 -0.50430 0.53369 0.57632 0.35877
1468940349.004693270 0.09082 -0.49277 -0.31824 -0.49297 0.58044 0.54960 0.34352
1468940349.092824221 0.09628 -0.53500 -0.29071 -0.65713 0.42628 0.30653 0.54083
1468940349.225020170 0.10198 -0.56407 -0.17245 -0.66126 -0.12789 -0.29304 0.67861
1468940349.313151360 0.08017 -0.55289 -0.11676 -0.49593 -0.36987 -0.50882 0.59862
1468940349.401281357 0.06074 -0.52991 -0.09188 0.33674 0.51421 0.62137 -0.48590
1468940349.489412308 0.05807 -0.50615 -0.09724 0.28481 0.57660 0.61938 -0.45031
1468940349.621608257 0.11756 -0.49853 -0.14897 -0.69532 -0.22279 -0.18037 0.65906
1468940349.709739208 0.17913 -0.49653 -0.24075 -0.73704 0.08071 0.13432 0.65743
1468940349.797870159 0.22705 -0.51840 -0.34252 -0.67506 0.31270 0.31856 0.58739
1468940349.886000156 0.26546 -0.56710 -0.38435 -0.66673 0.32974 0.28277 0.60562
1468940350.018197298 0.29612 -0.65452 -0.31531 -0.70931 0.06749 -0.05210 0.69972
1468940350.106327295 0.30920 -0.59397 -0.24812 -0.71316 0.02549 -0.05405 0.69845
1468940350.194458246 0.29677 -0.43573 -0.19972 -0.70594 -0.00039 -0.02610 0.70779
1468940350.282589197 0.28708 -0.31079 -0.20527 -0.72338 -0.01801 -0.01001 0.69014
1468940350.414785385 0.29809 -0.38936 -0.19327 -0.67950 -0.02872 -0.02696 0.73262
1468940350.502916336 0.29765 -0.52662 -0.20097 -0.70987 -0.02030 0.00628 0.70401
1468940350.591046333 0.27975 -0.51205 -0.17948 -0.72917 -0.03612 0.01148 0.68328
1468940350.679177284 0.25136 -0.37673 -0.14813 -0.68155 -0.03771 -0.02550 0.73036
1468940350.811373234 0.19858 -0.28128 -0.17686 -0.68632 -0.18878 -0.17640 0.67986
1468940350.899504185 0.20177 -0.38267 -0.17653 -0.62366 -0.23500 -0.25631 0.70009
1468940350.987635374 0.22625 -0.55720 -0.19501 -0.66089 -0.12750 -0.14775 0.72466
1468940351.075765371 0.25941 -0.72798 -0.22909 -0.70491 -0.00268 0.03665 0.70834
1468940351.207961321 0.34267 -0.87857 -0.28809 -0.69624 0.24974 0.36693 0.56412
1468940351.296092272 0.38443 -0.88886 -0.29449 -0.72956 0.29550 0.31035 0.53301
1468940351.384223223 0.39468 -0.84316 -0.22332 -0.77456 0.18356 0.02964 0.60455
1468940351.472354174 0.34962 -0.77053 -0.10541 -0.70955 0.04939 -0.22923 0.66450
1468940351.604550362 0.22454 -0.62394 0.02284 -0.68676 0.01195 -0.21524 0.69418
1468940351.692680359 0.15318 -0.47993 0.04723 -0.70824 -0.00418 -0.15372 0.68902
1468940351.780811310 0.10093 -0.38156 0.01455 -0.75373 -0.00962 -0.11298 0.64733
1468940351.868942261 0.06510 -0.38564 -0.01696 -0.74738 0.00013 -0.00815 0.66434
1468940352.001138210 0.12479 -0.48857 -0.09613 -0.71336 -0.05303 0.10988 0.69010
1468940352.089269161 0.26027 -0.55747 -0.15651 -0.72804 -0.00573 0.17879 0.66179
1468940352.177399158 0.42160 -0.59068 -0.19232 -0.74695 0.03042 0.16343 0.64376
1468940352.265530348 0.57904 -0.57639 -0.20002 -0.76659 0.05132 0.11042 0.63049
1468940352.397726297 0.72435 -0.50694 -0.15508 -0.77623 0.02931 0.04896 0.62786
1468940352.485857248 0.72278 -0.44066 -0.09519 -0.77014 -0.00088 0.04002 0.63661
1468940352.573988199 0.67294 -0.37473 -0.00314 -0.77183 -0.03256 0.01814 0.63473
1468940352.662118196 0.58625 -0.34509 0.11313 -0.76706 -0.07824 0.00655 0.63676
1468940352.794315338 0.43925 -0.33654 0.22914 -0.78213 -0.16688 -0.01875 0.60007
1468940352.882445335 0.34051 -0.31281 0.25836 -0.77895 -0.20218 -0.07349 0.58904
1468940352.970576286 0.23195 -0.25677 0.20839 -0.78960 -0.25187 -0.09543 0.55135
1468940353.058707237 0.14669 -0.19689 0.05245 -0.79892 -0.27772 -0.10909 0.52221
1468940353.190903187 0.09618 -0.25106 -0.19091 0.78940 0.34796 0.18894 -0.46912
1468940353.279034376 0.07736 -0.32730 -0.13356 0.78186 0.31841 0.20758 -0.49419
1468940353.367164373 0.06230 -0.41337 0.02262 -0.77307 -0.26558 -0.19571 0.54179
1468940353.455295324 0.05629 -0.49063 0.16058 -0.77828 -0.23202 -0.21669 0.54175
1468940353.587491274 0.05177 -0.59712 0.26379 -0.72927 -0.18578 -0.23644 0.61462
