1641271378.366226196 0.03548 -0.02146 -0.00080 -0.77591 0.01799 -0.00270 0.63058
1641271378.496249199 0.05869 -0.03122 0.00501 -0.78292 0.01065 -0.03306 0.62115
1641271378.582931042 0.07205 -0.03879 0.01650 -0.78455 0.00547 -0.05233 0.61783
1641271378.712954998 0.09134 -0.05510 0.03950 -0.79014 -0.00203 -0.07876 0.60784
1641271378.799637079 0.10449 -0.06480 0.05939 -0.78340 -0.01409 -0.11214 0.61115
1641271378.886319160 0.11879 -0.07402 0.08244 -0.77398 -0.02566 -0.14921 0.61485
1641271378.973001003 0.13346 -0.08011 0.10620 -0.76685 -0.03228 -0.18217 0.61459
1641271379.059683084 0.14679 -0.08483 0.12480 -0.75943 -0.03849 -0.19890 0.61824
1641271379.189707041 0.15837 -0.08503 0.12481 -0.75570 -0.01725 -0.20709 0.62108
1641271379.276389122 0.15567 -0.07626 0.10169 -0.76330 0.00566 -0.19519 0.61583
1641271379.406412125 0.14831 -0.07209 0.06070 -0.77326 0.02220 -0.17814 0.60814
1641271379.493093967 0.13715 -0.06930 0.03162 -0.78093 0.02874 -0.16265 0.60239
1641271379.579776049 0.12187 -0.06491 0.00519 -0.78914 0.03377 -0.13576 0.59807
1641271379.666459084 0.10397 -0.05749 -0.01613 -0.79568 0.04653 -0.11267 0.59332
1641271379.753141165 0.08328 -0.04869 -0.02986 -0.79853 0.05281 -0.07940 0.59435
1641271379.883164167 0.04589 -0.03539 -0.03174 -0.79713 0.04025 -0.02967 0.60174
1641271379.969847202 0.02189 -0.02864 -0.01970 -0.79016 0.02346 -0.00270 0.61244
1641271380.099870205 -0.00449 -0.02518 0.01562 -0.77314 0.00698 0.03699 0.63312
1641271380.186552048 -0.01398 -0.02410 0.04606 -0.75723 0.00044 0.06165 0.65023
1641271380.273234129 -0.01718 -0.02016 0.07716 -0.74510 0.00049 0.07737 0.66245
1641271380.359915972 -0.01419 -0.01736 0.10563 -0.73314 0.00974 0.09045 0.67397
1641271380.446598053 -0.00749 -0.01441 0.12959 -0.72213 0.02240 0.09782 0.68444
1641271380.576621056 0.01047 -0.01210 0.15175 -0.71222 0.03881 0.09934 0.69380
1641271380.663304090 0.02557 -0.00955 0.15384 -0.71360 0.05653 0.09677 0.69153
1641271380.793327093 0.05184 -0.00968 0.13392 -0.72286 0.08915 0.08623 0.67977
1641271380.880009174 0.07074 -0.01237 0.10919 -0.73541 0.10689 0.08487 0.66374
1641271380.966691017 0.09006 -0.01447 0.08167 -0.74461 0.12043 0.08133 0.65148
1641271381.053374052 0.10986 -0.01551 0.05613 -0.75602 0.13500 0.06811 0.63684
1641271381.140056133 0.13323 -0.01887 0.03381 -0.76584 0.14876 0.05726 0.62297
1641271381.270079136 0.17048 -0.02317 0.01208 -0.77609 0.15677 0.03031 0.61007
1641271381.356760979 0.19746 -0.02666 0.00756 -0.77873 0.16116 0.00461 0.60629
1641271381.486783981 0.23967 -0.03354 0.01608 -0.77796 0.16638 -0.03149 0.60506
1641271381.573467016 0.26359 -0.03910 0.03508 -0.77404 0.16818 -0.05446 0.60796
1641271381.660149097 0.28154 -0.04665 0.06135 -0.76552 0.16540 -0.07591 0.61714
1641271381.746831179 0.29020 -0.05081 0.09272 -0.75742 0.15523 -0.09582 0.62692
1641271381.833513975 0.29463 -0.05932 0.12470 -0.74700 0.14274 -0.11664 0.63876
1641271381.963536978 0.29580 -0.06744 0.16989 -0.73857 0.11783 -0.14893 0.64687
1641271382.050219059 0.29597 -0.06638 0.19650 -0.73429 0.10326 -0.16763 0.64966
1641271382.180242062 0.29429 -0.06498 0.22203 -0.73553 0.08586 -0.18571 0.64586
1641271382.266924143 0.29289 -0.06147 0.21895 -0.73773 0.08059 -0.20037 0.63962
1641271382.353605986 0.29159 -0.05817 0.20038 -0.74577 0.08361 -0.20763 0.62748
1641271382.440288067 0.28845 -0.05521 0.17072 -0.75562 0.09034 -0.20996 0.61384
1641271382.526971102 0.28256 -0.05084 0.13497 -0.76632 0.09812 -0.21150 0.59865
1641271382.656994104 0.26745 -0.04875 0.08187 -0.78247 0.11009 -0.18973 0.58277
1641271382.743676186 0.25264 -0.04804 0.05170 -0.79195 0.10854 -0.16278 0.57839
1641271382.873699188 0.22570 -0.03940 0.01838 -0.80432 0.10689 -0.12448 0.57109
1641271382.960381031 0.20194 -0.03164 0.00945 -0.80609 0.09619 -0.09140 0.57672
1641271383.047064066 0.17718 -0.02301 0.01382 -0.80438 0.08422 -0.05742 0.58531
1641271383.133746147 0.15587 -0.01361 0.03136 -0.79924 0.06359 -0.02722 0.59701
1641271383.220427990 0.13886 -0.00645 0.05751 -0.78873 0.04096 -0.00977 0.61330
1641271383.350452185 0.12686 0.00198 0.10980 -0.76374 0.02545 0.02153 0.64467
1641271383.437134027 0.12762 0.00849 0.13950 -0.75395 0.01416 0.03362 0.65592
1641271383.567157030 0.13997 0.01399 0.16732 -0.74425 0.00532 0.02993 0.66720
1641271383.653839111 0.15165 0.01533 0.17628 -0.73668 0.00924 0.02255 0.67580
1641271383.740521193 0.17027 0.01389 0.17901 -0.73400 0.01198 0.01939 0.67877
1641271383.827201128 0.19497 0.00654 0.17699 -0.73397 0.01283 0.01919 0.67878
1641271383.913882017 0.22440 -0.00594 0.17612 -0.72844 0.02587 0.00852 0.68457
1641271384.043905973 0.27150 -0.02923 0.17674 -0.72613 0.05283 0.00206 0.68552
1641271384.130588055 0.29634 -0.05162 0.17276 -0.72908 0.05834 -0.00473 0.68192
1641271384.260611057 0.32059 -0.08912 0.16125 -0.73348 0.04727 -0.02340 0.67766
1641271384.347293139 0.33235 -0.12041 0.15492 -0.73883 0.03407 -0.02950 0.67238
1641271384.433976173 0.33872 -0.15029 0.14984 -0.74788 0.01905 -0.04084 0.66230
1641271384.520658016 0.34184 -0.17695 0.14814 -0.75363 0.00565 -0.05099 0.65529
1641271384.607340097 0.34272 -0.20282 0.14727 -0.75884 -0.00741 -0.05509 0.64890
1641271384.737363100 0.33817 -0.23151 0.14380 -0.75934 -0.00989 -0.05434 0.64835
1641271384.824045181 0.33514 -0.24299 0.13602 -0.75919 -0.00750 -0.04333 0.64939
1641271384.954069138 0.32479 -0.23428 0.11408 -0.75973 -0.00654 -0.03696 0.64915
1641271385.040750980 0.31439 -0.21495 0.09992 -0.75620 -0.00192 -0.02065 0.65402
1641271385.127433062 0.30107 -0.18879 0.08774 -0.75443 0.00155 -0.00400 0.65637
1641271385.214115143 0.28308 -0.15851 0.07876 -0.74933 0.00050 0.01419 0.66204
1641271385.300796986 0.26138 -0.12731 0.07199 -0.74497 -0.00570 0.03857 0.66596
1641271385.430821180 0.22568 -0.07806 0.06683 -0.73855 -0.00942 0.07405 0.67005
1641271385.517503023 0.20277 -0.05003 0.06688 -0.73385 -0.01446 0.08949 0.67324
1641271385.647526026 0.17644 -0.01516 0.07990 -0.72476 -0.01463 0.11139 0.67978
1641271385.734208107 0.16534 0.00360 0.09967 -0.71840 -0.00925 0.13361 0.68261
1641271385.820890188 0.15903 0.01476 0.12605 -0.70749 -0.01048 0.14695 0.69119
1641271385.907572031 0.15956 0.02245 0.15579 -0.70121 -0.00439 0.15183 0.69658
1641271385.994255066 0.16596 0.02606 0.18250 -0.69658 0.00580 0.15772 0.69991
1641271386.124278069 0.18086 0.02559 0.21220 -0.69111 0.03171 0.15575 0.70505
1641271386.210960150 0.19429 0.02237 0.22320 -0.69376 0.05402 0.14647 0.70308
1641271386.340984106 0.22099 0.01489 0.22443 -0.68996 0.09428 0.13229 0.70538
1641271386.427666187 0.23956 0.01367 0.21357 -0.69980 0.12453 0.08789 0.69789
1641271386.514348030 0.25899 0.01144 0.20022 -0.71088 0.16007 0.04416 0.68343
1641271386.601030111 0.27767 0.00705 0.18512 -0.71520 0.19296 0.01283 0.67164
1641271386.687712193 0.29449 0.00143 0.16847 -0.71160 0.21208 0.00863 0.66975
1641271386.817736149 0.31735 -0.00278 0.14358 -0.71319 0.22397 0.00993 0.66415
1641271386.904417992 0.33338 -0.00397 0.12705 -0.71962 0.24758 -0.01230 0.64862
1641271387.034440994 0.35255 -0.01539 0.10917 -0.71761 0.27636 -0.04857 0.63742
1641271387.121123075 0.36603 -0.03164 0.10386 -0.71200 0.29556 -0.07544 0.63246
1641271387.207805157 0.38144 -0.05154 0.10365 -0.70425 0.32589 -0.12846 0.61751
1641271387.294488192 0.39891 -0.07577 0.10762 -0.69401 0.35616 -0.18131 0.59885
1641271387.381170034 0.41583 -0.10090 0.11410 -0.68466 0.37493 -0.21669 0.58627
1641271387.511193037 0.43949 -0.13663 0.12164 -0.67308 0.40803 -0.25367 0.56225
1641271387.597875118 0.45455 -0.15994 0.12591 -0.66355 0.42944 -0.29127 0.53893
1641271387.727899075 0.47917 -0.20764 0.13511 -0.63613 0.45356 -0.31980 0.53605
1641271387.814581156 0.49881 -0.24015 0.14546 -0.61114 0.47512 -0.33765 0.53550
1641271387.901262999 0.51761 -0.26926 0.15617 -0.59086 0.50490 -0.37364 0.50632
1641271387.987946033 0.53238 -0.28895 0.17181 0.58131 -0.51779 0.39336 -0.48913
1641271388.074627161 0.55405 -0.29263 0.19025 0.58017 -0.51181 0.40763 -0.48507
1641271388.204651117 0.57606 -0.30348 0.22972 0.56669 -0.50541 0.43173 -0.48685
1641271388.291333199 0.57640 -0.30602 0.26300 0.55971 -0.49869 0.44004 -0.49437
1641271388.421356201 0.57231 -0.29870 0.31739 -0.55259 0.48474 -0.44725 0.50955
1641271388.508038998 0.56041 -0.28732 0.35004 -0.55637 0.46321 -0.44029 0.53108
1641271388.594720125 0.54298 -0.26848 0.37520 -0.56922 0.43566 -0.42648 0.55164
1641271388.681403160 0.52717 -0.24028 0.39301 -0.58065 0.41384 -0.40855 0.56980
1641271388.768085003 0.50770 -0.21137 0.40370 -0.59432 0.38356 -0.38291 0.59418
1641271388.898108006 0.46682 -0.16431 0.40342 -0.61888 0.32283 -0.33473 0.63303
1641271388.984790087 0.43081 -0.13509 0.39207 -0.63311 0.28485 -0.30542 0.65173
1641271389.114813089 0.38400 -0.09531 0.36577 -0.65593 0.23786 -0.26887 0.66399
1641271389.201496124 0.35093 -0.07296 0.34395 -0.66939 0.21421 -0.24085 0.66934
1641271389.288177967 0.32281 -0.05373 0.31614 -0.68575 0.18633 -0.20999 0.67152
1641271389.374861002 0.29164 -0.03700 0.28486 -0.70242 0.15182 -0.17802 0.67221
1641271389.461542130 0.26313 -0.02674 0.25309 -0.70951 0.11786 -0.14426 0.67963
1641271389.591565132 0.24197 -0.03079 0.20499 -0.71787 0.08161 -0.10434 0.68346
1641271389.678246975 0.24037 -0.04377 0.17286 -0.72081 0.07473 -0.09835 0.68204
1641271389.808271170 0.24381 -0.07011 0.12348 -0.73383 0.07094 -0.07574 0.67136
1641271389.894953012 0.24505 -0.09510 0.08978 -0.74395 0.07344 -0.06255 0.66124
1641271389.981635094 0.24931 -0.11057 0.05994 -0.74984 0.07349 -0.03613 0.65653
1641271390.068317175 0.24942 -0.12300 0.03197 -0.74970 0.07197 -0.00215 0.65785
1641271390.154999018 0.24485 -0.13039 0.00860 -0.75031 0.07771 0.03264 0.65569
1641271390.285022974 0.22849 -0.13386 -0.00949 -0.74166 0.08035 0.08049 0.66106
1641271390.371705055 0.21067 -0.12826 -0.00934 -0.74229 0.07344 0.09979 0.65852
1641271390.501728058 0.18129 -0.10613 0.01064 -0.73404 0.06008 0.12788 0.66425
1641271390.588410139 0.16066 -0.09177 0.03245 -0.72974 0.02130 0.14585 0.66765
1641271390.675093174 0.14502 -0.07464 0.06152 -0.71979 0.00191 0.15639 0.67634
1641271390.761775017 0.14070 -0.05783 0.09744 -0.70963 -0.00784 0.16687 0.68448
1641271390.848457098 0.14180 -0.04208 0.13576 -0.70299 -0.01770 0.15900 0.69297
1641271390.978480101 0.15280 -0.02677 0.19432 -0.68551 -0.03041 0.14773 0.71227
1641271391.065162182 0.16508 -0.02097 0.23135 -0.67321 -0.03430 0.13879 0.72550
1641271391.195186138 0.18818 -0.02359 0.27724 -0.65469 -0.03848 0.11264 0.74647
1641271391.281867981 0.20583 -0.03110 0.30055 -0.64795 -0.03654 0.09299 0.75510
1641271391.368550062 0.22363 -0.04286 0.31781 -0.64316 -0.03027 0.06285 0.76255
1641271391.455232143 0.24269 -0.05952 0.32962 -0.64033 -0.02407 0.03096 0.76710
1641271391.541915178 0.26535 -0.07597 0.33738 -0.64287 -0.00146 -0.00291 0.76597
1641271391.671936989 0.30487 -0.10078 0.33934 -0.65604 0.06027 -0.05658 0.75019
1641271391.758620024 0.33288 -0.11881 0.33561 -0.66148 0.10431 -0.08562 0.73772
1641271391.888643026 0.37051 -0.15176 0.32019 -0.66421 0.15490 -0.12448 0.72065
1641271391.975326061 0.39526 -0.17419 0.30648 -0.66524 0.19542 -0.14749 0.70534
1641271392.062007189 0.41708 -0.19487 0.28521 -0.66728 0.23567 -0.16736 0.68643
1641271392.148689985 0.43665 -0.21470 0.25820 -0.66821 0.26250 -0.17322 0.67423
1641271392.235372066 0.44910 -0.23332 0.22589 -0.66551 0.27602 -0.17380 0.67135
1641271392.365395069 0.45861 -0.26249 0.17264 -0.66732 0.29207 -0.17276 0.66298
1641271392.452077150 0.46022 -0.27672 0.13857 -0.66663 0.30604 -0.16981 0.65811
1641271392.582100153 0.46370 -0.29740 0.09841 -0.65969 0.33963 -0.15992 0.65107
1641271392.668781996 0.46804 -0.31011 0.08468 -0.65458 0.36377 -0.16917 0.64077
1641271392.755465031 0.47916 -0.32358 0.08779 -0.64155 0.37211 -0.18092 0.64592
1641271392.842147112 0.48999 -0.33754 0.10398 -0.63553 0.37092 -0.19821 0.64749
1641271392.928829193 0.50370 -0.34774 0.13417 -0.63344 0.37067 -0.22896 0.63949
1641271393.058853149 0.51427 -0.35806 0.19156 -0.62981 0.34460 -0.25714 0.64689
1641271393.145534992 0.51081 -0.35940 0.23034 -0.61883 0.31219 -0.26940 0.66859
1641271393.275557995 0.50610 -0.33922 0.29022 -0.61091 0.28186 -0.28018 0.68472
1641271393.362240076 0.49957 -0.31770 0.32584 -0.61308 0.27551 -0.27717 0.68659
1641271393.448922157 0.49037 -0.29410 0.34820 -0.61690 0.25936 -0.26622 0.69375
1641271393.535605192 0.47536 -0.27033 0.36310 -0.61593 0.22158 -0.24183 0.71627
1641271393.622287035 0.45370 -0.24731 0.36930 -0.62303 0.17764 -0.20874 0.73260
1641271393.752310991 0.41817 -0.21188 0.36921 -0.62995 0.12885 -0.16734 0.74737
1641271393.838992119 0.39398 -0.19216 0.36512 -0.63607 0.09644 -0.12607 0.75513
1641271393.969015121 0.35517 -0.16226 0.34970 -0.64764 0.06942 -0.08383 0.75413
1641271394.055698156 0.32947 -0.14350 0.33295 -0.65914 0.05525 -0.05813 0.74773
1641271394.142379999 0.30317 -0.12645 0.30945 -0.67416 0.03544 -0.03547 0.73688
1641271394.229062080 0.28089 -0.10988 0.28043 -0.68968 0.02117 -0.01607 0.72363
1641271394.315745115 0.25940 -0.09845 0.24816 -0.70573 0.01103 0.00857 0.70834
1641271394.445768118 0.23893 -0.08106 0.19800 -0.72940 0.00424 0.03163 0.68334
1641271394.532449007 0.23080 -0.07867 0.16560 -0.74226 0.00391 0.04788 0.66839
1641271394.662473202 0.22820 -0.07999 0.12824 -0.75090 0.01924 0.06317 0.65710
1641271394.749155045 0.22873 -0.08533 0.11455 -0.75390 0.03019 0.07700 0.65176
1641271394.835837126 0.22404 -0.08651 0.11137 -0.75221 0.04502 0.09652 0.65026
1641271394.922520161 0.21170 -0.08228 0.11816 -0.73934 0.04733 0.11549 0.66167
1641271395.009202003 0.19447 -0.07436 0.13609 -0.72574 0.02817 0.14616 0.67168
1641271395.139225006 0.17002 -0.06105 0.17397 -0.70904 0.02071 0.16472 0.68534
1641271395.225907087 0.16015 -0.05751 0.20123 -0.69227 0.01647 0.18028 0.69857
1641271395.355930090 0.15355 -0.05714 0.23673 -0.66613 0.01806 0.20703 0.71630
1641271395.442612171 0.15364 -0.05792 0.25622 -0.64903 0.02632 0.21603 0.72897
1641271395.529294014 0.15849 -0.06031 0.27540 -0.63470 0.02796 0.22868 0.73761
1641271395.615977049 0.16738 -0.06414 0.28999 -0.62289 0.03114 0.23198 0.74647
1641271395.702659130 0.18114 -0.06989 0.29532 -0.61442 0.04498 0.23029 0.75328
1641271395.832682133 0.20552 -0.08091 0.28332 -0.61300 0.06378 0.22644 0.75425
1641271395.919363976 0.22342 -0.09094 0.26103 -0.61198 0.06660 0.23430 0.75243
1641271396.049388170 0.25464 -0.10355 0.21426 -0.62272 0.09121 0.24321 0.73807
1641271396.136070013 0.27292 -0.11180 0.17868 -0.63254 0.11885 0.23362 0.72882
1641271396.222752094 0.28761 -0.12448 0.14336 -0.64698 0.12022 0.21119 0.72275
1641271396.309435129 0.29682 -0.13140 0.11332 -0.67849 0.11166 0.18042 0.70330
1641271396.396116972 0.30744 -0.14608 0.08993 -0.69948 0.10320 0.15588 0.68976
1641271396.526139021 0.32789 -0.18199 0.07038 -0.72469 0.08139 0.14298 0.66915
1641271396.612822056 0.34303 -0.21081 0.06726 -0.73810 0.06679 0.11829 0.66088
1641271396.742845058 0.35985 -0.25331 0.08314 -0.75073 0.06152 0.08315 0.65246
1641271396.829527140 0.36291 -0.27508 0.10331 -0.75630 0.05229 0.05745 0.64960
1641271396.916208982 0.36112 -0.28991 0.13096 -0.75800 0.03957 0.04505 0.64949
1641271397.002891064 0.35808 -0.29179 0.16391 -0.76060 0.03353 0.04112 0.64705
1641271397.089574099 0.35637 -0.28691 0.19415 -0.75780 0.02877 0.03396 0.65096
1641271397.219597101 0.34870 -0.27045 0.22224 -0.76094 0.00836 0.00829 0.64871
1641271397.306279182 0.33949 -0.25336 0.21670 -0.76988 -0.01115 -0.00414 0.63808
1641271397.436303139 0.32527 -0.22288 0.18528 -0.78347 -0.01160 -0.00585 0.62130
1641271397.522984982 0.31469 -0.19917 0.15587 -0.79830 -0.00944 -0.00013 0.60219
1641271397.609667063 0.30015 -0.17699 0.12550 -0.80582 -0.01104 -0.00052 0.59206
1641271397.696349144 0.28375 -0.15693 0.09703 -0.80849 -0.00738 0.00865 0.58840
1641271397.783030987 0.26490 -0.13825 0.07301 -0.80985 -0.00875 0.03066 0.58577
1641271397.913053989 0.23306 -0.10820 0.05065 -0.80764 -0.01490 0.08424 0.58343
1641271397.999737024 0.21204 -0.08731 0.04548 -0.80328 -0.02696 0.11270 0.58422
1641271398.129760027 0.18230 -0.05888 0.06566 -0.78603 -0.05000 0.15610 0.59606
1641271398.216442108 0.16972 -0.04141 0.09276 -0.76893 -0.06658 0.17481 0.61136
1641271398.303125143 0.16521 -0.02572 0.12790 -0.74909 -0.07286 0.18773 0.63112
1641271398.389806986 0.16853 -0.01079 0.16726 -0.72970 -0.07004 0.19912 0.65038
1641271398.476489067 0.17828 0.00065 0.20216 -0.71869 -0.05759 0.19844 0.66392
1641271398.606512070 0.20793 0.00049 0.23792 -0.70724 -0.03315 0.18650 0.68112
1641271398.693194151 0.23077 -0.00314 0.25208 -0.70208 -0.01324 0.17068 0.69121
1641271398.823218107 0.27192 -0.01891 0.26252 -0.69787 0.02991 0.14890 0.69994
1641271398.909898996 0.29821 -0.03370 0.25734 -0.69981 0.05945 0.13498 0.69894
1641271398.996582031 0.32395 -0.05203 0.24177 -0.70432 0.09399 0.11697 0.69384
1641271399.083264112 0.34875 -0.07097 0.21834 -0.70897 0.13285 0.09528 0.68603
1641271399.169947147 0.37234 -0.09180 0.19205 -0.71393 0.17174 0.06535 0.67567
1641271399.299970150 0.40535 -0.12727 0.15940 -0.72174 0.22113 0.00572 0.65586
1641271399.386651993 0.42422 -0.15102 0.15023 -0.72474 0.24054 -0.03451 0.64475
1641271399.516674995 0.44619 -0.18696 0.16328 -0.71069 0.25986 -0.09169 0.64729
1641271399.603357077 0.45536 -0.20584 0.18922 -0.69504 0.26298 -0.11778 0.65870
1641271399.690039158 0.45648 -0.22090 0.22177 -0.67712 0.25392 -0.14374 0.67555
1641271399.776721001 0.44924 -0.22686 0.25656 -0.66287 0.23295 -0.16389 0.69245
1641271399.863404036 0.43775 -0.21960 0.28672 -0.65474 0.20977 -0.18106 0.70323
1641271399.993427038 0.41478 -0.19507 0.32378 -0.65533 0.17212 -0.19660 0.70871
1641271400.080109119 0.40042 -0.17485 0.34354 -0.65247 0.15128 -0.21631 0.71035
1641271400.210132122 0.37756 -0.14219 0.36032 -0.65601 0.12439 -0.23262 0.70716
1641271400.296814203 0.36063 -0.12380 0.35826 -0.66372 0.10463 -0.23901 0.70100
1641271400.383497000 0.34494 -0.10891 0.34302 -0.67228 0.09627 -0.23225 0.69630
1641271400.470179081 0.33008 -0.09225 0.31737 -0.69179 0.08800 -0.21289 0.68436
1641271400.556862116 0.31337 -0.07714 0.28214 -0.71557 0.07547 -0.18962 0.66806
1641271400.686884165 0.28507 -0.05244 0.22450 -0.74575 0.05488 -0.15936 0.64455
1641271400.773567200 0.26351 -0.04561 0.18786 -0.76351 0.04822 -0.13396 0.62991
1641271400.903590202 0.22778 -0.03354 0.13579 -0.78503 0.02521 -0.09002 0.61237
1641271400.990272999 0.19908 -0.02087 0.10689 -0.79463 0.00565 -0.06485 0.60359
1641271401.076954126 0.16388 -0.01112 0.08643 -0.80434 -0.01692 -0.03003 0.59316
1641271401.163635969 0.13461 0.00195 0.08000 -0.80665 -0.02949 0.00584 0.59026
1641271401.250319004 0.11171 0.01558 0.08816 -0.79843 -0.04195 0.03709 0.59948
1641271401.380342007 0.08806 0.02930 0.12419 -0.77459 -0.06159 0.07044 0.62551
1641271401.467024088 0.08101 0.03872 0.15497 -0.75676 -0.06882 0.09398 0.64323
1641271401.597047091 0.08558 0.05145 0.19589 -0.73571 -0.06446 0.13040 0.66149
1641271401.683729172 0.09856 0.05375 0.20913 -0.72653 -0.05411 0.13722 0.67112
1641271401.770411015 0.11801 0.05489 0.21003 -0.72937 -0.04066 0.13019 0.67038
1641271401.857094049 0.14221 0.05419 0.20256 -0.73622 -0.02058 0.11919 0.66584
1641271401.943776131 0.17206 0.04593 0.18954 -0.73617 0.00596 0.11726 0.66653
1641271402.073799133 0.21809 0.02678 0.16446 -0.74065 0.03602 0.10675 0.66238
1641271402.160480976 0.25024 0.00950 0.14982 -0.74333 0.06395 0.09377 0.65922
1641271402.290505171 0.29323 -0.02714 0.13674 -0.74239 0.10078 0.08184 0.65728
1641271402.377187014 0.31412 -0.05913 0.13215 -0.74062 0.10974 0.07092 0.65909
1641271402.463869095 0.32777 -0.09833 0.13110 -0.74171 0.10951 0.06612 0.65841
1641271402.550551176 0.33392 -0.13652 0.13433 -0.74388 0.10582 0.06366 0.65680
1641271402.637233019 0.33519 -0.17580 0.13883 -0.74874 0.09511 0.05025 0.65408
1641271402.767256021 0.33288 -0.23215 0.14848 -0.75352 0.08376 0.03876 0.65091
1641271402.853939056 0.33139 -0.26257 0.15446 -0.75560 0.08562 0.04561 0.64781
1641271402.983962059 0.32909 -0.28526 0.15266 -0.75732 0.09808 0.03271 0.64480
1641271403.070644140 0.32613 -0.27939 0.14304 -0.76002 0.10027 0.01482 0.64194
1641271403.157325983 0.32094 -0.25308 0.13061 -0.76538 0.09272 0.00494 0.63685
1641271403.244008064 0.31009 -0.21182 0.11867 -0.76636 0.07178 0.00870 0.63833
1641271403.330691099 0.29422 -0.15551 0.10778 -0.76425 0.04341 0.02344 0.64303
1641271403.460714102 0.26135 -0.05107 0.08950 -0.76951 0.00389 0.06385 0.63543
1641271403.547396183 0.23649 0.01880 0.07859 -0.76881 -0.01737 0.08660 0.63335
1641271403.677419186 0.20157 0.11388 0.06843 -0.75723 -0.03779 0.10109 0.64418
1641271403.764101028 0.18277 0.15992 0.06360 -0.76119 -0.04939 0.10887 0.63742
1641271403.850784063 0.17189 0.18176 0.06136 -0.76894 -0.05769 0.10477 0.62803
1641271403.937466145 0.17082 0.17395 0.06319 -0.77158 -0.05664 0.11379 0.62330
1641271404.024147987 0.17813 0.14579 0.06498 -0.77586 -0.05350 0.11062 0.61882
1641271404.154170990 0.20937 0.05840 0.07109 -0.78181 -0.02726 0.11196 0.61278
1641271404.240854025 0.23796 -0.01511 0.07893 -0.78954 0.00583 0.10254 0.60504
1641271404.370877028 0.27913 -0.12632 0.10095 -0.78824 0.06164 0.05880 0.60945
1641271404.457559109 0.29897 -0.18631 0.11957 -0.78504 0.09121 0.01108 0.61260
1641271404.544241190 0.31162 -0.22676 0.13902 -0.78444 0.12213 -0.02723 0.60745
1641271404.630923033 0.31216 -0.25411 0.15700 -0.77987 0.13750 -0.04175 0.60922
1641271404.717605114 0.30404 -0.26876 0.17091 -0.78693 0.12871 -0.05231 0.60120
1641271404.847629070 0.28471 -0.26567 0.17314 -0.78226 0.13122 -0.03766 0.60781
1641271404.934312105 0.26376 -0.24406 0.16373 -0.78491 0.10095 0.00831 0.61127
1641271405.064334154 0.22373 -0.18323 0.15220 -0.77784 0.04837 0.07245 0.62240
1641271405.151017189 0.19565 -0.13408 0.15502 -0.76996 0.00369 0.13121 0.62444
1641271405.237699032 0.16446 -0.08147 0.17493 -0.74719 -0.01528 0.17987 0.63963
1641271405.324381113 0.13045 -0.03420 0.19666 -0.71702 -0.05574 0.20185 0.66486
1641271405.411063194 0.10459 0.00039 0.20939 -0.70907 -0.07323 0.23108 0.66216
1641271405.541086197 0.08268 0.01423 0.19449 -0.73519 -0.09346 0.22574 0.63230
1641271405.627768993 0.08967 -0.00347 0.17293 -0.75567 -0.08261 0.18872 0.62171
1641271405.757791996 0.13148 -0.07651 0.15309 -0.77489 -0.05747 0.14197 0.61326
1641271405.844474077 0.16567 -0.14193 0.14100 -0.78893 -0.03150 0.09721 0.60592
1641271405.931156158 0.19817 -0.20514 0.13640 -0.79550 0.00590 0.04953 0.60390
1641271406.017839193 0.22321 -0.26373 0.13585 -0.79411 0.03089 -0.00410 0.60698
1641271406.104520082 0.24136 -0.30596 0.13592 -0.79378 0.04914 -0.06834 0.60235
1641271406.234544039 0.27104 -0.33341 0.14945 -0.78192 0.07406 -0.14810 0.60098
1641271406.321226120 0.29251 -0.33002 0.16726 -0.76550 0.08091 -0.18490 0.61097
1641271406.451249123 0.31707 -0.30310 0.17757 -0.75103 0.07152 -0.21373 0.62061
1641271406.537931204 0.32289 -0.27258 0.16114 -0.75545 0.07410 -0.19586 0.62084
1641271406.624614000 0.31678 -0.23879 0.12866 -0.77291 0.07414 -0.16177 0.60905
1641271406.711296082 0.29340 -0.20065 0.09713 -0.78318 0.07438 -0.11158 0.60716
1641271406.797979116 0.25291 -0.16298 0.07217 -0.78792 0.06580 -0.03958 0.61097
1641271406.928001165 0.17634 -0.09800 0.06006 -0.79124 0.03951 0.05193 0.60802
1641271407.014684200 0.13069 -0.06157 0.08475 -0.77378 0.01905 0.11772 0.62212
1641271407.144707203 0.09091 -0.03350 0.15776 -0.72639 -0.02790 0.18564 0.66115
1641271407.231389046 0.08956 -0.03146 0.21982 -0.68167 -0.04274 0.21819 0.69705
1641271407.318072081 0.10851 -0.03269 0.27773 -0.64760 -0.04927 0.25363 0.71684
1641271407.404752970 0.13533 -0.03581 0.31843 -0.62993 -0.04475 0.26172 0.72986
1641271407.491435051 0.16682 -0.04171 0.33448 -0.62243 -0.02954 0.23925 0.74462
1641271407.621459007 0.23349 -0.05711 0.31694 -0.63386 0.03567 0.20975 0.74361
1641271407.708141088 0.28414 -0.07545 0.27805 -0.64753 0.08761 0.20709 0.72811
1641271407.838165045 0.34897 -0.10316 0.19458 -0.67951 0.16411 0.17136 0.69424
1641271407.924847126 0.37964 -0.12790 0.14368 -0.70517 0.19817 0.13664 0.66693
1641271408.011528969 0.40122 -0.16311 0.10710 -0.72109 0.22180 0.11118 0.64690
1641271408.098211050 0.42098 -0.19402 0.09018 -0.73423 0.23962 0.06819 0.63153
1641271408.184893131 0.43467 -0.22364 0.09509 -0.74932 0.23686 0.01547 0.61821
1641271408.314916134 0.44860 -0.25722 0.15492 -0.74538 0.21619 -0.06833 0.62689
1641271408.401597977 0.44804 -0.26850 0.21161 -0.73260 0.18706 -0.11915 0.64351
1641271408.531620979 0.43692 -0.25725 0.28458 -0.72048 0.14243 -0.15938 0.65971
1641271408.618304014 0.42311 -0.23707 0.30599 -0.72015 0.11845 -0.18059 0.65935
1641271408.704986095 0.40435 -0.20990 0.30228 -0.72284 0.10562 -0.17279 0.66068
1641271408.791668177 0.38228 -0.18238 0.27452 -0.73093 0.10358 -0.14883 0.65792
1641271408.878350973 0.35758 -0.15100 0.23176 -0.74829 0.09695 -0.12485 0.64426
1641271409.008373976 0.29677 -0.10091 0.16225 -0.78688 0.07425 -0.06697 0.60895
1641271409.095056057 0.24849 -0.07094 0.12074 -0.80742 0.05432 -0.02006 0.58713
1641271409.225079060 0.16599 -0.02438 0.08143 -0.82627 0.01569 0.05771 0.56009
1641271409.311761141 0.11741 0.00104 0.08121 -0.82187 -0.02025 0.09966 0.56052
1641271409.398444176 0.07641 0.01472 0.11221 -0.79747 -0.05950 0.12799 0.58662
1641271409.485126019 0.05381 0.01909 0.16770 -0.75732 -0.08824 0.14695 0.63014
1641271409.571808100 0.05185 0.01488 0.23032 -0.71658 -0.10642 0.16713 0.66877
1641271409.701831102 0.07503 -0.00317 0.29880 -0.66801 -0.11751 0.15595 0.71807
1641271409.788513184 0.10330 -0.01488 0.31559 -0.65706 -0.10293 0.14429 0.73271
1641271409.918537140 0.15915 -0.01892 0.28526 -0.67386 -0.06742 0.11630 0.72652
1641271410.005218029 0.20413 -0.03176 0.24148 -0.69016 -0.03823 0.10307 0.71526
1641271410.091901064 0.25111 -0.05658 0.19518 -0.71212 -0.00189 0.10446 0.69424
1641271410.178583145 0.28829 -0.11375 0.16196 -0.72549 0.03735 0.09056 0.68123
1641271410.265266180 0.31314 -0.19510 0.14886 -0.72710 0.07654 0.02965 0.68160
1641271410.395287991 0.32045 -0.30322 0.16667 -0.71498 0.13665 -0.04864 0.68394
1641271410.481971025 0.31299 -0.32099 0.17720 -0.70419 0.16109 -0.10671 0.68321
1641271410.611994028 0.29585 -0.24173 0.17437 -0.71082 0.11716 -0.08698 0.68807
1641271410.698676109 0.27111 -0.12234 0.16017 -0.71544 0.05746 -0.03109 0.69562
1641271410.785358191 0.25259 0.00114 0.13660 -0.73282 0.03724 0.01547 0.67923
1641271410.872040033 0.23662 0.04020 0.13126 -0.73230 0.01618 0.05466 0.67859
1641271410.958722115 0.22753 -0.00915 0.14614 -0.71946 -0.01922 0.05066 0.69241
1641271411.088746071 0.23404 -0.17205 0.16826 -0.72185 -0.01146 0.02934 0.69133
1641271411.175428152 0.23484 -0.23706 0.16550 -0.73676 0.04144 -0.04154 0.67360
1641271411.305452108 0.22294 -0.17014 0.15114 -0.73136 0.02707 -0.01506 0.68129
1641271411.392134190 0.20681 -0.04481 0.12931 -0.73566 -0.00989 0.03893 0.67616
1641271411.478816032 0.18957 0.04448 0.10541 -0.74262 -0.05512 0.05742 0.66497
1641271411.565498114 0.18558 0.04246 0.11047 -0.74454 -0.03688 0.09127 0.66028
1641271411.652180195 0.20114 -0.01818 0.12775 -0.73334 -0.05983 0.06892 0.67371
1641271411.782204151 0.25868 -0.09865 0.17182 -0.72521 -0.06731 -0.09388 0.67877
1641271411.868885994 0.29688 -0.13707 0.22096 -0.71291 -0.05026 -0.15916 0.68110
1641271411.998908997 0.32880 -0.16894 0.27115 -0.70820 -0.03615 -0.22646 0.66773
1641271412.085591078 0.33197 -0.17204 0.26977 -0.71214 -0.01883 -0.23329 0.66187
1641271412.172273159 0.32614 -0.17520 0.23952 -0.71690 -0.01924 -0.21694 0.66229
1641271412.258956194 0.31077 -0.16612 0.20162 -0.73039 -0.02522 -0.19846 0.65308
1641271412.345638037 0.28956 -0.15629 0.16453 -0.74112 -0.03206 -0.17423 0.64758
1641271412.475661039 0.24801 -0.14298 0.12045 -0.75546 -0.03343 -0.11367 0.64439
1641271412.562344074 0.21817 -0.13053 0.09759 -0.76187 -0.03792 -0.08031 0.64161
1641271412.692366123 0.16887 -0.11411 0.07375 -0.76519 -0.05649 -0.04305 0.63987
1641271412.779048204 0.13592 -0.09973 0.06841 -0.76672 -0.06226 -0.00618 0.63892
1641271412.865731001 0.10430 -0.08982 0.07491 -0.75787 -0.06347 0.02932 0.64865
1641271412.952413082 0.07536 -0.07897 0.09219 -0.74033 -0.07653 0.05999 0.66517
1641271413.039095163 0.05691 -0.07107 0.11789 -0.72482 -0.08420 0.08849 0.67802
1641271413.169118166 0.05134 -0.06111 0.16380 -0.69658 -0.07682 0.10870 0.70502
1641271413.255800009 0.06017 -0.05343 0.19028 -0.68057 -0.06616 0.11233 0.72099
1641271413.385823011 0.08755 -0.04030 0.20916 -0.67351 -0.02029 0.10379 0.73157
1641271413.472506046 0.11448 -0.03259 0.19880 -0.68273 0.01726 0.07989 0.72608
1641271413.559189081 0.14151 -0.03334 0.17517 -0.69578 0.05789 0.05188 0.71404
1641271413.645871162 0.16403 -0.04527 0.14916 -0.70631 0.09219 0.04253 0.70058
1641271413.732553005 0.18329 -0.06543 0.12428 -0.71880 0.11530 0.03116 0.68488
1641271413.862576008 0.20732 -0.10409 0.09923 -0.73125 0.14443 0.01420 0.66650
1641271413.949258089 0.21773 -0.12990 0.09272 -0.73628 0.16016 0.00084 0.65745
1641271414.079281092 0.22252 -0.17576 0.09442 -0.74013 0.15443 -0.02509 0.65401
1641271414.165963173 0.22314 -0.20800 0.10241 -0.74436 0.14633 -0.03575 0.65056
1641271414.252645016 0.22294 -0.23799 0.11710 -0.74359 0.14062 -0.04324 0.65225
1641271414.339327097 0.22183 -0.26238 0.13332 -0.74607 0.13838 -0.05978 0.64858
1641271414.426010132 0.22078 -0.27945 0.14761 -0.74611 0.13688 -0.07082 0.64774
1641271414.556033134 0.21379 -0.28353 0.15583 -0.74362 0.13134 -0.07699 0.65104
1641271414.642714977 0.20669 -0.27468 0.14342 -0.74691 0.12460 -0.07965 0.64827
1641271414.772737980 0.18573 -0.24139 0.10873 -0.75071 0.11094 -0.06770 0.64772
1641271414.859421015 0.17044 -0.21266 0.08151 -0.76159 0.10539 -0.04561 0.63781
1641271414.946103096 0.15136 -0.18436 0.05794 -0.76959 0.10156 -0.00281 0.63041
1641271415.032785177 0.12787 -0.15874 0.04328 -0.76974 0.09491 0.05201 0.62912
1641271415.119467020 0.10486 -0.13614 0.03693 -0.77079 0.08214 0.09789 0.62414
1641271415.249490023 0.06930 -0.10820 0.04459 -0.76125 0.05474 0.15043 0.62840
1641271415.336172104 0.04979 -0.09208 0.06129 -0.74804 0.03791 0.18886 0.63508
1641271415.466196060 0.03476 -0.07472 0.09774 -0.72380 0.02329 0.23444 0.64855
1641271415.552878141 0.03810 -0.06532 0.12567 -0.71267 0.03208 0.24671 0.65590
1641271415.639559984 0.05088 -0.05656 0.14803 -0.69995 0.04775 0.24391 0.66955
1641271415.726242065 0.06540 -0.05133 0.16061 -0.69661 0.07227 0.24521 0.67037
1641271415.812924147 0.08175 -0.04898 0.15918 -0.69573 0.09712 0.25859 0.66307
1641271415.942948103 0.10643 -0.05220 0.13571 -0.70951 0.12918 0.23801 0.65059
1641271416.029630184 0.13102 -0.05774 0.11264 -0.71919 0.16550 0.22813 0.63508
1641271416.159653187 0.17342 -0.06993 0.07923 -0.72601 0.22467 0.20667 0.61622
1641271416.246335983 0.19979 -0.08152 0.06162 -0.73178 0.25582 0.18042 0.60540
1641271416.333018064 0.22352 -0.09674 0.05248 -0.73674 0.27643 0.15250 0.59795
1641271416.419700146 0.24311 -0.11440 0.05536 -0.73907 0.28643 0.11552 0.59865
1641271416.506381989 0.26098 -0.12931 0.06675 -0.74221 0.28714 0.07280 0.60114
1641271416.636404991 0.28614 -0.15179 0.09470 -0.74350 0.28932 0.00128 0.60291
1641271416.723088026 0.30241 -0.16642 0.11923 -0.73734 0.29512 -0.04593 0.60590
1641271416.853111029 0.31771 -0.18038 0.16416 -0.71917 0.30434 -0.12072 0.61286
1641271416.939793110 0.32314 -0.19511 0.19319 -0.70653 0.30266 -0.16406 0.61830
1641271417.026475191 0.32271 -0.21305 0.21894 -0.69343 0.30025 -0.20687 0.62145
1641271417.113157034 0.31922 -0.23004 0.24139 -0.68089 0.29789 -0.23798 0.62532
1641271417.199840069 0.31339 -0.24735 0.25709 -0.66768 0.30007 -0.26630 0.62710
1641271417.329863071 0.31074 -0.27705 0.26494 -0.64562 0.32438 -0.29985 0.62292
1641271417.416545153 0.31290 -0.29454 0.25853 -0.63341 0.34734 -0.31762 0.61422
1641271417.546569109 0.31701 -0.31598 0.23258 -0.62704 0.38483 -0.32909 0.59197
1641271417.633249998 0.32094 -0.32506 0.20660 -0.62563 0.41087 -0.33079 0.57477
1641271417.719933033 0.32289 -0.33353 0.18272 -0.62388 0.43145 -0.33333 0.55993
1641271417.806615114 0.32349 -0.33700 0.15998 -0.62750 0.44517 -0.33401 0.54452
1641271417.893297195 0.32244 -0.33673 0.13769 -0.63723 0.45279 -0.32837 0.53018
1641271418.023321152 0.31692 -0.32507 0.10995 -0.64900 0.46261 -0.29471 0.52719
1641271418.110002041 0.31514 -0.30488 0.09545 -0.66295 0.45701 -0.26866 0.52864
1641271418.240025997 0.30099 -0.26506 0.08232 -0.69059 0.42893 -0.21936 0.53943
1641271418.326708078 0.29303 -0.23685 0.08430 -0.70561 0.40450 -0.19521 0.54808
1641271418.413390160 0.28286 -0.21316 0.09587 -0.71411 0.37619 -0.18035 0.56214
1641271418.500073195 0.27489 -0.19659 0.12062 -0.71105 0.35212 -0.17225 0.58373
1641271418.586755037 0.26973 -0.18885 0.15376 -0.70025 0.33225 -0.17791 0.60630
1641271418.716778040 0.27304 -0.19395 0.20680 -0.67455 0.32076 -0.21536 0.62906
1641271418.803460121 0.28017 -0.20909 0.23694 -0.65650 0.31892 -0.23700 0.64119
1641271418.933483124 0.29436 -0.24140 0.26370 -0.62888 0.33581 -0.27541 0.64489
1641271419.020165205 0.30405 -0.27057 0.26514 -0.61706 0.35193 -0.29382 0.63957
1641271419.106847048 0.31317 -0.29819 0.25802 -0.60597 0.37610 -0.30864 0.62936
1641271419.193529129 0.31886 -0.32054 0.24049 -0.60279 0.40218 -0.31817 0.61128
1641271419.280212164 0.32450 -0.33456 0.21400 -0.60990 0.42647 -0.32009 0.58624
1641271419.410236120 0.33219 -0.35785 0.16576 -0.62943 0.46071 -0.31046 0.54330
1641271419.496918201 0.33125 -0.35886 0.13211 -0.64249 0.47554 -0.28790 0.52743
1641271419.626941204 0.32194 -0.34727 0.08788 -0.66417 0.48607 -0.23061 0.51908
1641271419.713623047 0.32650 -0.32750 0.06983 -0.68064 0.48698 -0.19329 0.51208
1641271419.800305128 0.31971 -0.30272 0.06113 -0.69193 0.47595 -0.16460 0.51731
1641271419.886986971 0.30036 -0.27776 0.06235 -0.70183 0.45658 -0.13190 0.53063
1641271419.973669052 0.27812 -0.25737 0.07104 -0.71207 0.42691 -0.10231 0.54794
1641271420.103692055 0.25378 -0.22131 0.10744 -0.71783 0.37647 -0.07995 0.58017
1641271420.190375090 0.24787 -0.20239 0.14272 -0.71039 0.35030 -0.07159 0.60623
1641271420.320398092 0.23294 -0.18519 0.19864 -0.69308 0.31506 -0.06506 0.64509
1641271420.407080173 0.22881 -0.18029 0.23475 -0.67810 0.29802 -0.06169 0.66900
1641271420.493762016 0.22990 -0.17089 0.26570 -0.66098 0.28976 -0.05489 0.69002
1641271420.580444098 0.23255 -0.16993 0.28231 -0.64732 0.28660 -0.04315 0.70496
1641271420.667126179 0.24207 -0.16294 0.27845 -0.64093 0.29697 -0.03362 0.70702
1641271420.797150135 0.25296 -0.16441 0.24522 -0.65515 0.31552 -0.03201 0.68571
1641271420.883833170 0.25917 -0.17368 0.21230 -0.67171 0.32611 -0.03272 0.66437
1641271421.013856173 0.27657 -0.18894 0.15807 -0.69631 0.35093 -0.04198 0.62469
1641271421.100538015 0.29750 -0.20390 0.12805 -0.70741 0.37602 -0.05417 0.59602
1641271421.187220097 0.32292 -0.22037 0.10775 -0.71009 0.40346 -0.08041 0.57142
1641271421.273902178 0.34255 -0.24047 0.09998 -0.70664 0.42517 -0.11081 0.55462
1641271421.360584974 0.35509 -0.26821 0.10217 -0.69736 0.44051 -0.14505 0.54645
1641271421.490607023 0.37581 -0.29955 0.12992 -0.67697 0.44765 -0.19983 0.54899
1641271421.577290058 0.38722 -0.31508 0.15764 -0.66214 0.44142 -0.23289 0.55900
1641271421.707313061 0.39140 -0.31635 0.21205 -0.64538 0.41177 -0.26913 0.58438
1641271421.793996096 0.38650 -0.30312 0.24522 -0.64217 0.38045 -0.28474 0.60150
1641271421.880676985 0.37417 -0.28982 0.27135 -0.64594 0.34416 -0.29017 0.61653
1641271421.967360020 0.36015 -0.27015 0.28848 -0.65017 0.31378 -0.29423 0.62630
1641271422.054041147 0.33770 -0.24086 0.29387 -0.66424 0.27852 -0.28882 0.63071
1641271422.184065104 0.30257 -0.19342 0.28022 -0.69880 0.22853 -0.26909 0.62213
1641271422.270747185 0.27883 -0.15806 0.25887 -0.71995 0.20023 -0.24962 0.61585
1641271422.400771141 0.24201 -0.11340 0.22179 -0.74691 0.15673 -0.20873 0.61155
1641271422.487452984 0.21598 -0.09039 0.19469 -0.76594 0.12836 -0.18643 0.60175
1641271422.574134111 0.18898 -0.07521 0.16726 -0.78489 0.10036 -0.15659 0.59106
1641271422.660817146 0.16739 -0.05992 0.13860 -0.80258 0.07933 -0.12840 0.57714
1641271422.747498989 0.14664 -0.04828 0.11169 -0.81468 0.06560 -0.09191 0.56881
1641271422.877521992 0.10806 -0.03628 0.07886 -0.82605 0.04874 -0.04049 0.56003
1641271422.964204073 0.08526 -0.03296 0.06485 -0.82656 0.03925 -0.00118 0.56148
1641271423.094227076 0.04622 -0.02987 0.05708 -0.82443 0.02596 0.05291 0.56289
1641271423.180910110 0.01906 -0.03690 0.06142 -0.81809 0.00749 0.08831 0.56822
1641271423.267592192 -0.00192 -0.04142 0.07513 -0.80731 -0.00608 0.11844 0.57809
1641271423.354274035 -0.01663 -0.04448 0.09745 -0.79294 -0.01029 0.13949 0.59303
1641271423.440957069 -0.01998 -0.04863 0.12706 -0.77247 -0.01044 0.15153 0.61661
1641271423.570979118 -0.01474 -0.05082 0.17020 -0.74555 -0.01304 0.15569 0.64788
1641271423.657662153 -0.00544 -0.05051 0.19087 -0.73416 -0.01363 0.15156 0.66170
1641271423.787685156 0.01995 -0.05460 0.19637 -0.72344 0.00177 0.13424 0.67721
1641271423.874366999 0.03690 -0.05985 0.17908 -0.71851 0.00843 0.12264 0.68456
1641271423.961049080 0.05111 -0.06793 0.15289 -0.72047 0.02306 0.10767 0.68469
1641271424.047732115 0.06270 -0.08124 0.12198 -0.72974 0.03867 0.09912 0.67540
1641271424.134414196 0.07412 -0.10037 0.08956 -0.73701 0.05861 0.08939 0.66738
1641271424.264437199 0.08958 -0.13937 0.04609 -0.74264 0.08716 0.07417 0.65984
1641271424.351119041 0.09768 -0.17144 0.02473 -0.74721 0.10072 0.05757 0.65438
1641271424.481142044 0.10873 -0.22082 0.01544 -0.75061 0.11509 0.02776 0.65005
1641271424.567825079 0.11750 -0.25223 0.02368 -0.75313 0.11588 0.00409 0.64758
1641271424.654507160 0.12647 -0.27788 0.04154 -0.75508 0.12095 -0.02290 0.64397
1641271424.741189003 0.13124 -0.29670 0.06612 -0.75062 0.11897 -0.05106 0.64793
1641271424.827871084 0.13397 -0.30279 0.09676 -0.75124 0.11839 -0.07103 0.64543
1641271424.957894087 0.13327 -0.29964 0.13822 -0.74464 0.11301 -0.08992 0.65165
1641271425.044577122 0.12938 -0.29054 0.15019 -0.74444 0.10474 -0.08882 0.65342
1641271425.174600124 0.12294 -0.26705 0.13254 -0.75530 0.09543 -0.07216 0.64436
1641271425.261281967 0.11817 -0.24927 0.10469 -0.76749 0.09284 -0.04894 0.63242
1641271425.347964048 0.11146 -0.23013 0.07109 -0.77778 0.09185 -0.01781 0.62153
1641271425.434646130 0.10121 -0.21077 0.03806 -0.78514 0.08762 0.01116 0.61299
1641271425.521329165 0.08671 -0.18983 0.00907 -0.79277 0.07952 0.04272 0.60280
1641271425.651352167 0.05779 -0.16030 -0.01694 -0.79979 0.06303 0.08734 0.59053
1641271425.738034010 0.03732 -0.14486 -0.01995 -0.79899 0.04896 0.12050 0.58711
1641271425.868057013 0.01036 -0.12730 0.00061 -0.78857 0.03228 0.15529 0.59414
1641271425.954740047 -0.00253 -0.11987 0.02990 -0.77293 0.01996 0.17746 0.60885
1641271426.041422129 -0.01039 -0.11061 0.06695 -0.75710 0.01462 0.18944 0.62506
1641271426.128103971 -0.01091 -0.10318 0.10687 -0.73823 0.01759 0.19689 0.64493
1641271426.214786053 -0.00344 -0.10031 0.14229 -0.71822 0.02969 0.20472 0.66435
1641271426.344809055 0.02109 -0.10100 0.16983 -0.69593 0.06871 0.21672 0.68117
1641271426.431491137 0.04104 -0.10226 0.16605 -0.69180 0.09936 0.21403 0.68245
1641271426.561515093 0.07425 -0.11036 0.13654 -0.69366 0.15298 0.20522 0.67328
1641271426.648197174 0.09817 -0.11797 0.10881 -0.69977 0.18794 0.19540 0.66092
1641271426.734879017 0.12236 -0.12955 0.08073 -0.70383 0.21575 0.18615 0.65071
1641271426.821561098 0.14475 -0.14163 0.05547 -0.71006 0.23892 0.16957 0.64030
1641271426.908244133 0.16563 -0.15580 0.03501 -0.71149 0.25325 0.15486 0.63692
1641271427.038267136 0.19684 -0.17729 0.01727 -0.71389 0.27283 0.11411 0.63474
1641271427.124948978 0.21874 -0.18894 0.02140 -0.71287 0.27985 0.08004 0.63804
1641271427.254971981 0.24496 -0.19880 0.05038 -0.70687 0.27764 0.02417 0.65013
1641271427.341654062 0.25816 -0.20534 0.07924 -0.69724 0.27231 -0.01091 0.66301
1641271427.428337097 0.26428 -0.20688 0.11384 -0.68778 0.26383 -0.03920 0.67514
1641271427.515019178 0.25932 -0.20102 0.14978 -0.68516 0.24762 -0.06442 0.68198
1641271427.601701021 0.24503 -0.19251 0.18293 -0.68078 0.22226 -0.09048 0.69206
1641271427.731724024 0.21331 -0.17201 0.22058 -0.68279 0.18100 -0.12126 0.69737
1641271427.818406105 0.18975 -0.15415 0.23152 -0.69117 0.15534 -0.12995 0.69373
1641271427.948430061 0.15215 -0.11831 0.22550 -0.71720 0.12353 -0.11960 0.67532
1641271428.035112143 0.12777 -0.09623 0.21065 -0.73638 0.10963 -0.10851 0.65875
1641271428.121795177 0.10248 -0.07510 0.18659 -0.75403 0.09705 -0.09603 0.64249
1641271428.208476067 0.07593 -0.05415 0.16141 -0.76850 0.08410 -0.07005 0.63042
1641271428.295158148 0.04715 -0.03771 0.13602 -0.78033 0.06807 -0.04288 0.62018
1641271428.425182104 -0.00099 -0.01816 0.10611 -0.79979 0.03716 0.00241 0.59912
1641271428.511864185 -0.03379 -0.00788 0.09456 -0.80179 0.01878 0.03360 0.59637
1641271428.641887188 -0.08093 0.00729 0.08569 -0.80349 -0.00552 0.08833 0.58870
1641271428.728569031 -0.10888 0.01225 0.08730 -0.79927 -0.02270 0.12471 0.58745
1641271428.815252066 -0.12914 0.01389 0.10140 -0.79097 -0.04134 0.15648 0.59006
1641271428.901934147 -0.13922 0.01394 0.12732 -0.77434 -0.04833 0.17682 0.60564
1641271428.988615990 -0.13641 0.01217 0.15988 -0.75701 -0.04503 0.19311 0.62259
1641271429.118638992 -0.11145 0.00650 0.20590 -0.73716 -0.01688 0.20618 0.64328
1641271429.205321074 -0.08637 -0.00214 0.22524 -0.72544 0.00293 0.20441 0.65723
1641271429.335345030 -0.04260 -0.02149 0.22862 -0.71868 0.05119 0.19017 0.66687
1641271429.422027111 -0.01199 -0.03375 0.21540 -0.72305 0.07884 0.18312 0.66140
1641271429.508710146 0.01330 -0.04858 0.19461 -0.73158 0.09864 0.16675 0.65365
1641271429.595391035 0.03529 -0.06567 0.17108 -0.73952 0.11981 0.14790 0.64566
1641271429.682073116 0.05640 -0.08737 0.14902 -0.74031 0.14171 0.14325 0.64136
1641271429.812096119 0.08355 -0.12340 0.12340 -0.73687 0.17579 0.13287 0.63911
1641271429.898779154 0.09506 -0.15114 0.11113 -0.74180 0.16916 0.11620 0.63845
1641271430.028802156 0.10708 -0.19437 0.10037 -0.75880 0.14614 0.10255 0.62638
1641271430.115483999 0.11581 -0.22506 0.10191 -0.76036 0.14004 0.08014 0.62915
1641271430.202166080 0.12436 -0.25493 0.11119 -0.76104 0.12991 0.06220 0.63252
1641271430.288848162 0.13145 -0.27805 0.12840 -0.75807 0.12875 0.03962 0.63811
1641271430.375531197 0.13578 -0.29525 0.14951 -0.76174 0.12051 0.01786 0.63632
1641271430.505554199 0.13483 -0.30862 0.17838 -0.76040 0.09443 -0.00945 0.64249
1641271430.592236042 0.13139 -0.31026 0.18838 -0.76046 0.07393 -0.00268 0.64516
1641271430.722259045 0.11907 -0.29188 0.18392 -0.76349 0.06202 0.00500 0.64282
1641271430.808942080 0.10784 -0.27242 0.16890 -0.77218 0.05741 0.02294 0.63239
1641271430.895624161 0.09462 -0.24769 0.14426 -0.78207 0.05005 0.04732 0.61937
1641271430.982306004 0.07696 -0.21929 0.11292 -0.79178 0.03478 0.06308 0.60655
1641271431.068988085 0.05677 -0.19034 0.08378 -0.79839 0.01618 0.08458 0.59594
1641271431.199011087 0.02471 -0.14853 0.05792 -0.80654 -0.01396 0.12528 0.57759
1641271431.285693169 0.00589 -0.12544 0.05622 -0.80439 -0.03733 0.14761 0.57426
1641271431.415717125 -0.01580 -0.09478 0.08066 -0.79053 -0.06959 0.17708 0.58213
1641271431.502398968 -0.02496 -0.08174 0.11066 -0.77250 -0.09176 0.19411 0.59761
1641271431.589082003 -0.03004 -0.07146 0.14746 -0.75137 -0.10230 0.20315 0.61944
1641271431.675763130 -0.02943 -0.06269 0.18292 -0.72954 -0.10929 0.21456 0.64015
1641271431.762444973 -0.02352 -0.05584 0.21180 -0.71354 -0.10782 0.21843 0.65691
1641271431.892469168 -0.00080 -0.05096 0.23161 -0.70226 -0.08436 0.22388 0.67051
1641271431.979151011 0.02328 -0.05217 0.22560 -0.70457 -0.06007 0.22937 0.66886
1641271432.109174013 0.06376 -0.05696 0.19472 -0.71877 -0.03206 0.23397 0.65391
1641271432.195856094 0.09062 -0.05938 0.16767 -0.72897 -0.01774 0.23036 0.64437
1641271432.282539129 0.11822 -0.06653 0.14358 -0.73879 -0.00167 0.21702 0.63804
1641271432.369220972 0.14660 -0.07839 0.12344 -0.74849 0.01918 0.20436 0.63058
1641271432.455903053 0.17595 -0.09412 0.10836 -0.75338 0.04382 0.18649 0.62906
1641271432.585926056 0.22070 -0.12361 0.09561 -0.76064 0.07122 0.15384 0.62664
1641271432.672608137 0.24702 -0.14479 0.09376 -0.76298 0.08506 0.12801 0.62789
1641271432.802632093 0.28011 -0.17606 0.10377 -0.76139 0.09797 0.09012 0.63448
1641271432.889314175 0.29356 -0.19434 0.12137 -0.75472 0.10134 0.07411 0.64392
1641271432.975996017 0.29876 -0.21107 0.14244 -0.74851 0.09321 0.05833 0.65394
1641271433.062678099 0.29820 -0.22325 0.16450 -0.74266 0.08080 0.04118 0.66350
1641271433.149360180 0.29135 -0.22950 0.18281 -0.74296 0.06371 0.03183 0.66553
1641271433.279384136 0.27432 -0.22498 0.19046 -0.74739 0.02507 0.02245 0.66354
1641271433.366065979 0.25842 -0.21267 0.17875 -0.75561 0.00682 0.02037 0.65467
1641271433.496090174 0.22971 -0.18385 0.14765 -0.77161 -0.01982 0.03502 0.63482
1641271433.582771063 0.20676 -0.16243 0.12309 -0.77970 -0.04193 0.04900 0.62283
1641271433.669454098 0.17936 -0.14081 0.09899 -0.78838 -0.06207 0.06701 0.60837
1641271433.756136179 0.15056 -0.12177 0.07970 -0.79303 -0.09145 0.09139 0.59530
1641271433.842818022 0.12149 -0.10683 0.06727 -0.79552 -0.11380 0.11800 0.58333
1641271433.972841024 0.07928 -0.09412 0.05637 -0.79207 -0.15403 0.16192 0.56806
1641271434.059523106 0.05024 -0.09070 0.05541 -0.78697 -0.17912 0.18301 0.56135
1641271434.189546108 0.00795 -0.09160 0.06657 -0.77179 -0.22322 0.22404 0.55165
1641271434.276229143 -0.01703 -0.09489 0.08115 -0.76017 -0.25000 0.24557 0.54712
1641271434.362910986 -0.03793 -0.09770 0.10045 -0.74492 -0.27091 0.25863 0.55209
1641271434.449593067 -0.05386 -0.10140 0.12359 -0.73320 -0.28603 0.26407 0.55756
1641271434.536275148 -0.06462 -0.10265 0.15252 -0.72141 -0.29644 0.26914 0.56503
1641271434.666298151 -0.07487 -0.10630 0.20039 -0.70378 -0.30923 0.26842 0.58053
1641271434.752981186 -0.08273 -0.10718 0.23160 -0.69559 -0.31229 0.26521 0.59017
1641271434.883004189 -0.09168 -0.10551 0.27571 -0.68350 -0.31688 0.26739 0.60076
1641271434.969686031 -0.09962 -0.09567 0.30595 -0.67637 -0.31598 0.26589 0.60991
1641271435.056368113 -0.10027 -0.09005 0.33738 -0.66956 -0.31258 0.26331 0.62020
1641271435.143050194 -0.09485 -0.08724 0.36822 -0.66411 -0.30374 0.26270 0.63062
1641271435.229732990 -0.08639 -0.08112 0.39811 -0.66080 -0.29178 0.26019 0.64071
1641271435.359755993 -0.06746 -0.07697 0.43757 -0.65571 -0.27096 0.25025 0.65879
1641271435.446438074 -0.05247 -0.07511 0.46083 -0.64974 -0.25459 0.24539 0.67291
1641271435.576461077 -0.03141 -0.07095 0.48955 -0.64233 -0.22941 0.23208 0.69348
1641271435.663144112 -0.01758 -0.06675 0.50313 -0.64234 -0.20877 0.22299 0.70291
1641271435.749826193 -0.00377 -0.06265 0.51304 -0.64643 -0.19051 0.22158 0.70480
1641271435.836508036 0.00953 -0.05740 0.51947 -0.65114 -0.17223 0.21065 0.70850
1641271435.923190117 0.02492 -0.05586 0.52229 -0.65510 -0.15023 0.19175 0.71520
1641271436.053213120 0.05194 -0.04829 0.52246 -0.66388 -0.11634 0.16713 0.71958
1641271436.139895201 0.07380 -0.04938 0.52414 -0.66641 -0.08869 0.15461 0.72397
1641271436.269919157 0.10331 -0.04406 0.53069 -0.66795 -0.04944 0.13636 0.72994
1641271436.356601000 0.11305 -0.04132 0.53914 -0.66081 -0.02241 0.12119 0.74037
1641271436.443283081 0.10971 -0.03423 0.54861 -0.64997 -0.00975 0.10936 0.75199
1641271436.529965162 0.10088 -0.03430 0.56035 -0.64302 -0.01263 0.10945 0.75788
1641271436.616647005 0.08700 -0.03979 0.57070 -0.64130 -0.02876 0.11023 0.75879
1641271436.746671200 0.04672 -0.03982 0.57840 -0.63597 -0.05850 0.13359 0.75780
1641271436.833353043 0.01944 -0.03645 0.57606 -0.63437 -0.08381 0.16045 0.75154
1641271436.963376045 -0.02668 -0.03063 0.56819 -0.63336 -0.12679 0.17955 0.74199
1641271437.050058126 -0.05567 -0.03110 0.56081 -0.63356 -0.15674 0.18770 0.73403
1641271437.136741161 -0.08494 -0.03011 0.55610 -0.63302 -0.18122 0.20646 0.72375
1641271437.223423004 -0.10955 -0.02856 0.54813 -0.63066 -0.20756 0.22167 0.71418
1641271437.310105085 -0.13394 -0.02952 0.53514 -0.63191 -0.23597 0.23022 0.70143
1641271437.440128088 -0.16286 -0.02719 0.50487 -0.63952 -0.28868 0.19408 0.68557
1641271437.526810169 -0.17576 -0.02063 0.48453 -0.64586 -0.29702 0.16451 0.68380
1641271437.656834126 -0.17986 -0.01384 0.45554 -0.66469 -0.29944 0.15912 0.66574
1641271437.743515968 -0.17811 -0.01236 0.43715 -0.67821 -0.29264 0.13629 0.66016
1641271437.830198050 -0.16415 0.00516 0.43034 -0.68811 -0.28172 0.10933 0.65969
1641271437.916880131 -0.14527 0.01616 0.43389 -0.69289 -0.26042 0.08713 0.66670
1641271438.003561974 -0.12456 0.01647 0.44818 -0.69155 -0.23951 0.07299 0.67754
1641271438.133586168 -0.10019 0.01196 0.48109 -0.67578 -0.21094 0.06551 0.70324
1641271438.220268011 -0.09100 0.00599 0.50595 -0.66315 -0.20659 0.06734 0.71626
1641271438.350291014 -0.08376 -0.00208 0.54265 -0.63909 -0.19741 0.07255 0.73981
1641271438.436973095 -0.07955 -0.00718 0.56598 -0.63036 -0.19512 0.08487 0.74658
1641271438.523655176 -0.07742 -0.00632 0.58561 -0.62714 -0.19447 0.09269 0.74853
1641271438.610337973 -0.07169 -0.00510 0.59933 -0.62675 -0.19143 0.09141 0.74978
1641271438.697020054 -0.06262 -0.00637 0.60506 -0.63026 -0.17998 0.07822 0.75118
1641271438.827043056 -0.04067 0.00299 0.59550 -0.64477 -0.15738 0.03701 0.74708
1641271438.913702011 -0.02659 0.01269 0.58008 -0.65746 -0.13941 0.02230 0.74014
1641271439.043615103 -0.01462 0.02920 0.54081 -0.68111 -0.12153 0.02615 0.72155
1641271439.130297184 -0.01432 0.04240 0.51207 -0.69079 -0.11380 0.04042 0.71290
1641271439.216979027 -0.02214 0.04797 0.48387 -0.70154 -0.11144 0.05748 0.70151
1641271439.303661108 -0.03465 0.04866 0.45658 -0.70995 -0.12282 0.07698 0.68917
1641271439.390344143 -0.05114 0.04916 0.43087 -0.71417 -0.13553 0.09601 0.67998
1641271439.520367146 -0.08276 0.04330 0.39600 -0.71928 -0.15507 0.14074 0.66241
1641271439.607048988 -0.10791 0.03878 0.38019 -0.72050 -0.17446 0.17062 0.64910
1641271439.737071991 -0.14235 0.03020 0.37422 -0.71492 -0.20086 0.21823 0.63318
1641271439.823754072 -0.15938 0.02419 0.38498 -0.70269 -0.21737 0.23944 0.63376
1641271439.910436153 -0.16739 0.02195 0.40456 -0.68625 -0.22573 0.24770 0.64556
1641271439.997117996 -0.16585 0.01993 0.42698 -0.66977 -0.22376 0.25317 0.66124
1641271440.083801031 -0.15527 0.02057 0.44269 -0.65879 -0.21222 0.24916 0.67741
1641271440.213824034 -0.11888 0.02342 0.44454 -0.66238 -0.17681 0.23322 0.68964
1641271440.300506115 -0.08813 0.03640 0.42856 -0.67552 -0.14140 0.22276 0.68851
1641271440.430530071 -0.04103 0.05249 0.38922 -0.69989 -0.08449 0.20238 0.67975
1641271440.517212152 -0.00809 0.05354 0.35924 -0.70874 -0.04698 0.18541 0.67905
1641271440.603893995 0.02204 0.04548 0.32974 -0.71537 -0.01551 0.16996 0.67758
1641271440.690576077 0.04895 0.03453 0.30061 -0.72149 0.01010 0.15598 0.67456
1641271440.777258158 0.07121 0.02138 0.27132 -0.72634 0.03306 0.14199 0.67170
1641271440.907281160 0.09536 0.00331 0.22735 -0.73726 0.05450 0.12640 0.66144
1641271440.993964195 0.10861 -0.00880 0.19982 -0.74306 0.06277 0.10716 0.65760
1641271441.123987198 0.12767 -0.03250 0.16447 -0.75524 0.07392 0.07741 0.64665
1641271441.210669041 0.14156 -0.04795 0.14943 -0.75896 0.08965 0.05954 0.64218
1641271441.297351122 0.15394 -0.06658 0.13951 -0.76152 0.09792 0.05161 0.63862
1641271441.384034157 0.16355 -0.08823 0.13326 -0.76335 0.10037 0.03729 0.63705
1641271441.470716000 0.17072 -0.10781 0.13111 -0.76844 0.09219 0.02436 0.63278
1641271441.600739002 0.18083 -0.13923 0.13642 -0.77112 0.08344 -0.00823 0.63115
1641271441.687421083 0.18963 -0.15946 0.14835 -0.77215 0.07260 -0.02294 0.63086
1641271441.817444086 0.19938 -0.18020 0.17333 -0.77323 0.06190 -0.06553 0.62768
1641271441.904126167 0.20419 -0.18844 0.18615 -0.77188 0.05057 -0.09144 0.62713
1641271441.990809202 0.20638 -0.19103 0.18819 -0.77118 0.04116 -0.10949 0.62577
1641271442.077491045 0.20601 -0.18587 0.17849 -0.77501 0.04484 -0.11734 0.61933
1641271442.164173126 0.20126 -0.17410 0.16082 -0.78413 0.04626 -0.12176 0.60678
1641271442.294196129 0.18610 -0.15368 0.12978 -0.79420 0.04322 -0.11049 0.59597
1641271442.380879164 0.17058 -0.14165 0.11114 -0.80178 0.04001 -0.08349 0.59041
1641271442.510902166 0.13937 -0.12201 0.09101 -0.80818 0.03064 -0.02669 0.58753
1641271442.597584009 0.11736 -0.10853 0.08442 -0.80828 0.01956 0.01128 0.58837
1641271442.684266090 0.09469 -0.09484 0.08496 -0.80434 0.00347 0.04466 0.59248
1641271442.770949125 0.07342 -0.08037 0.09351 -0.79500 -0.01314 0.07212 0.60217
1641271442.857630968 0.05448 -0.06601 0.10916 -0.78019 -0.02334 0.09824 0.61734
1641271442.987653971 0.03378 -0.04650 0.13499 -0.75556 -0.03347 0.12309 0.64254
1641271443.074336052 0.02844 -0.03169 0.15243 -0.74036 -0.02007 0.12587 0.66002
1641271443.204359055 0.03709 -0.01480 0.16816 -0.73090 0.00166 0.11939 0.67196
1641271443.291042089 0.05062 -0.00806 0.16889 -0.73215 0.02672 0.10899 0.67183
1641271443.377724171 0.06922 -0.00639 0.16138 -0.73445 0.05648 0.09288 0.66990
1641271443.464406013 0.08823 -0.00915 0.14831 -0.74052 0.08468 0.05842 0.66411
1641271443.551088095 0.10627 -0.01782 0.13752 -0.74276 0.10833 0.02424 0.66029
1641271443.681111097 0.13226 -0.03616 0.12577 -0.74427 0.14083 -0.00353 0.65286
1641271443.767793179 0.14776 -0.05064 0.12050 -0.74744 0.15507 -0.01907 0.64569
1641271443.897817135 0.16617 -0.07675 0.11518 -0.74927 0.17072 -0.03943 0.63867
1641271443.984498978 0.17714 -0.09229 0.11608 -0.75375 0.17505 -0.05525 0.63101
1641271444.071181059 0.18570 -0.10754 0.12279 -0.75582 0.16901 -0.07578 0.62804
1641271444.157863140 0.19425 -0.11993 0.13551 -0.75453 0.15846 -0.10470 0.62818
1641271444.244544983 0.19993 -0.12879 0.15473 -0.75164 0.14055 -0.13259 0.63063
1641271444.374569178 0.20244 -0.13162 0.18296 -0.74071 0.11424 -0.17444 0.63864
1641271444.461251020 0.19895 -0.12797 0.19514 -0.73659 0.09995 -0.19453 0.64001
1641271444.591274023 0.18515 -0.11558 0.19543 -0.73669 0.08635 -0.21968 0.63370
1641271444.677956104 0.17211 -0.10444 0.18022 -0.74261 0.07284 -0.23482 0.62297
1641271444.764638186 0.15358 -0.09124 0.15957 -0.75442 0.05744 -0.22669 0.61333
1641271444.851320982 0.12994 -0.07790 0.13885 -0.76922 0.04185 -0.19841 0.60595
1641271444.938003063 0.10381 -0.06414 0.12335 -0.78318 0.03030 -0.15271 0.60199
1641271445.068026066 0.06787 -0.04226 0.10577 -0.79605 0.01293 -0.08974 0.59840
1641271445.154709101 0.04788 -0.02924 0.10103 -0.79741 0.00659 -0.05363 0.60101
1641271445.284732103 0.02031 -0.01260 0.10778 -0.79111 -0.00583 0.01509 0.61146
1641271445.371414185 0.00388 -0.00472 0.11789 -0.78245 -0.01133 0.05535 0.62015
1641271445.458096027 -0.01218 0.00119 0.13067 -0.77036 -0.02102 0.07624 0.63269
1641271445.544778109 -0.02526 0.00516 0.14716 -0.75878 -0.03380 0.09448 0.64357
1641271445.631460190 -0.03402 0.00528 0.16392 -0.74999 -0.04044 0.10896 0.65115
1641271445.761484146 -0.03172 0.01015 0.18213 -0.74434 -0.02645 0.09469 0.66052
1641271445.848165989 -0.02410 0.01615 0.19196 -0.74725 0.00140 0.09691 0.65744
1641271445.978190184 -0.00962 0.02840 0.19310 -0.75027 0.03391 0.05614 0.65788
1641271446.064871073 0.00017 0.03664 0.18702 -0.74675 0.06166 -0.01285 0.66212
1641271446.151553154 0.01080 0.04208 0.17623 -0.75868 0.04879 -0.02077 0.64930
1641271446.238234997 0.02694 0.05063 0.16710 -0.75872 0.06277 -0.01037 0.64831
1641271446.324918032 0.04738 0.06126 0.15992 -0.75377 0.11316 -0.02580 0.64680
1641271446.454941988 0.07771 0.06046 0.14464 -0.75070 0.15198 -0.04046 0.64165
1641271446.541623116 0.09901 0.05273 0.13583 -0.74184 0.18506 -0.06502 0.64125
1641271446.671647072 0.13094 0.03263 0.12687 -0.73213 0.20778 -0.10819 0.63961
1641271446.758329153 0.15791 0.01672 0.12535 -0.72392 0.24274 -0.13940 0.63054
1641271446.845010996 0.18658 -0.00083 0.12459 -0.71206 0.28136 -0.16650 0.62136
1641271446.931693077 0.21172 -0.02457 0.12238 -0.69717 0.30454 -0.18919 0.62083
1641271447.018375158 0.23271 -0.04894 0.11970 -0.68525 0.31901 -0.21533 0.61830
1641271447.148399115 0.26380 -0.08143 0.11626 -0.67106 0.34366 -0.25693 0.60462
1641271447.235080004 0.28150 -0.09960 0.11668 -0.65631 0.36665 -0.27806 0.59791
1641271447.365105152 0.30780 -0.12284 0.11828 -0.64641 0.39577 -0.30861 0.57470
1641271447.451786041 0.31903 -0.13421 0.12081 -0.65360 0.40079 -0.33138 0.54986
1641271447.538468122 0.33195 -0.14756 0.12663 -0.66144 0.40635 -0.34181 0.52967
1641271447.625150204 0.34305 -0.16416 0.13944 -0.66753 0.41378 -0.34521 0.51382
1641271447.711832047 0.34842 -0.17798 0.15548 -0.67233 0.41666 -0.34612 0.50454
1641271447.841856003 0.33811 -0.19490 0.18203 -0.66649 0.41056 -0.35035 0.51429
1641271447.928538084 0.32326 -0.20669 0.19796 -0.64889 0.42087 -0.35175 0.52733
1641271448.058561087 0.29236 -0.21497 0.20940 -0.62976 0.43181 -0.36594 0.53201
1641271448.145243168 0.27731 -0.21519 0.21332 -0.62140 0.43050 -0.36895 0.54075
1641271448.231926203 0.26504 -0.21303 0.21591 -0.62384 0.42907 -0.36855 0.53934
1641271448.318608046 0.27016 -0.20643 0.22056 -0.62314 0.43784 -0.37269 0.53018
1641271448.405290127 0.28458 -0.19519 0.23082 -0.62432 0.43367 -0.36843 0.53519
1641271448.535313129 0.31540 -0.17095 0.24815 -0.62897 0.41078 -0.35207 0.55831
1641271448.621994972 0.34368 -0.15090 0.25682 -0.62724 0.40233 -0.34596 0.57009
1641271448.752019167 0.38875 -0.11998 0.26931 -0.62022 0.39660 -0.32977 0.59100
1641271448.838701010 0.41717 -0.09959 0.28311 -0.61211 0.40063 -0.31561 0.60432
1641271448.925383091 0.43929 -0.07814 0.29982 -0.60671 0.40100 -0.31040 0.61218
1641271449.012065172 0.45422 -0.05697 0.31978 -0.60835 0.39545 -0.31214 0.61327
1641271449.098747969 0.46389 -0.03839 0.34355 -0.60720 0.38197 -0.30921 0.62434
1641271449.228770971 0.47866 -0.01390 0.37963 -0.60468 0.37021 -0.30749 0.63464
1641271449.315453053 0.48539 0.00011 0.40412 -0.60336 0.35887 -0.29846 0.64660
1641271449.445476055 0.48927 0.02061 0.44395 -0.60325 0.33571 -0.28796 0.66367
1641271449.532159090 0.48580 0.03360 0.47235 -0.60430 0.31593 -0.28197 0.67491
1641271449.618839979 0.48148 0.04674 0.49477 -0.61009 0.29789 -0.27606 0.68033
1641271449.705523014 0.47983 0.06207 0.51236 -0.61635 0.28248 -0.26828 0.68436
1641271449.792205095 0.47343 0.07784 0.52197 -0.62551 0.25885 -0.25215 0.69149
1641271449.922228098 0.45181 0.10402 0.51913 -0.63899 0.21185 -0.22261 0.70516
1641271450.008910179 0.43452 0.12088 0.51084 -0.64980 0.18493 -0.20600 0.70790
1641271450.138934135 0.40932 0.14766 0.48565 -0.66561 0.14879 -0.18515 0.70749
1641271450.225615978 0.38972 0.15988 0.46175 -0.67547 0.11916 -0.16970 0.70763
1641271450.312298059 0.37123 0.17266 0.43698 -0.67925 0.10534 -0.16734 0.70676
1641271450.398980141 0.35650 0.18159 0.41145 -0.67930 0.09296 -0.16231 0.70962
1641271450.485663176 0.34324 0.19157 0.38872 -0.67927 0.07690 -0.14926 0.71442
1641271450.615684986 0.32905 0.20684 0.35540 -0.68100 0.07348 -0.14822 0.71335
1641271450.702368021 0.31902 0.21570 0.33435 -0.67929 0.07224 -0.14188 0.71639
1641271450.832391024 0.30260 0.23058 0.30073 -0.68271 0.07997 -0.13022 0.71453
1641271450.919073105 0.29330 0.24353 0.27610 -0.69540 0.08856 -0.12638 0.70186
1641271451.005756140 0.27678 0.25556 0.25348 -0.70824 0.08339 -0.11079 0.69222
1641271451.092437983 0.25752 0.26718 0.23928 -0.71212 0.07996 -0.08821 0.69189
1641271451.179120064 0.23186 0.27533 0.23421 -0.71159 0.08033 -0.07074 0.69440
1641271451.309143066 0.18978 0.28259 0.24851 -0.70483 0.06555 -0.02779 0.70580
1641271451.395825148 0.16741 0.28998 0.27169 -0.70461 0.06236 -0.00752 0.70681
1641271451.525848150 0.15065 0.29761 0.32277 -0.69375 0.06304 0.00786 0.71741
1641271451.612531185 0.15350 0.29598 0.35815 -0.67739 0.07225 0.01321 0.73195
1641271451.699213028 0.17026 0.29055 0.38934 -0.66649 0.09509 0.01422 0.73929
1641271451.785896063 0.19617 0.28189 0.41384 -0.66294 0.13313 0.00320 0.73674
1641271451.872577190 0.22758 0.26659 0.43163 -0.64850 0.16904 0.00543 0.74219
1641271452.002601147 0.27380 0.22883 0.43576 -0.62471 0.19690 0.00604 0.75560
1641271452.089282990 0.30998 0.20135 0.42543 -0.61663 0.23305 -0.00999 0.75190
1641271452.219305992 0.36935 0.15941 0.39259 -0.60694 0.28749 -0.01917 0.74068
1641271452.305988073 0.40304 0.13342 0.36237 -0.60836 0.31784 -0.03741 0.72628
1641271452.392671108 0.43126 0.10848 0.32925 -0.61805 0.34154 -0.06630 0.70496
1641271452.479353189 0.45466 0.07984 0.29762 -0.62536 0.36008 -0.08330 0.68727
1641271452.566035032 0.47267 0.05545 0.26920 -0.63412 0.37759 -0.10167 0.66707
1641271452.696058035 0.48971 0.01612 0.23452 -0.64857 0.38982 -0.14104 0.63836
1641271452.782740116 0.49797 -0.01094 0.21916 -0.64815 0.39366 -0.16403 0.63089
1641271452.912764072 0.50378 -0.05885 0.19690 -0.64475 0.40589 -0.19265 0.61841
1641271452.999446154 0.50204 -0.08686 0.17747 -0.65107 0.41028 -0.21386 0.60170
1641271453.086127996 0.50539 -0.11140 0.16075 -0.65166 0.41412 -0.22273 0.59518
1641271453.172810078 0.50657 -0.13741 0.14208 -0.65158 0.42154 -0.22800 0.58802
1641271453.259492159 0.51228 -0.15225 0.12550 -0.64969 0.43998 -0.23777 0.57252
1641271453.389515162 0.52424 -0.17484 0.11408 -0.63793 0.47680 -0.26614 0.54303
1641271453.476197004 0.53739 -0.19005 0.12191 -0.62433 0.49644 -0.29129 0.52812
1641271453.606222153 0.55034 -0.20609 0.15081 -0.60974 0.49665 -0.32254 0.52681
1641271453.692903042 0.56270 -0.21905 0.17577 -0.60471 0.49128 -0.34007 0.52661
1641271453.779586077 0.57592 -0.21704 0.21186 -0.60047 0.48399 -0.35216 0.53025
1641271453.866268158 0.58101 -0.21160 0.25188 -0.59894 0.46163 -0.36285 0.54452
1641271453.952950001 0.57973 -0.20094 0.29668 -0.59884 0.44249 -0.37233 0.55404
1641271454.082973003 0.57468 -0.17699 0.37021 -0.59681 0.42269 -0.38184 0.56510
1641271454.169655085 0.57685 -0.15875 0.41692 -0.59053 0.41700 -0.38302 0.57505
1641271454.299679041 0.57201 -0.13396 0.48666 -0.57576 0.40399 -0.37359 0.60476
1641271454.386361122 0.56241 -0.12003 0.52810 -0.57285 0.39458 -0.37032 0.61564
1641271454.473043203 0.55105 -0.10305 0.56563 -0.57289 0.38461 -0.36568 0.62462
1641271454.559725046 0.54023 -0.08581 0.59960 -0.57436 0.37095 -0.34769 0.64158
1641271454.646407127 0.52867 -0.06579 0.62836 -0.58200 0.34969 -0.32822 0.65670
1641271454.776430130 0.50651 -0.02963 0.65782 -0.59228 0.31708 -0.31203 0.67179
1641271454.863113165 0.48595 -0.00813 0.66917 -0.59665 0.28618 -0.28530 0.69333
1641271454.993136168 0.45718 0.03102 0.67299 -0.60225 0.25407 -0.24098 0.71741
1641271455.079818010 0.43906 0.05948 0.66745 -0.61229 0.24330 -0.22189 0.71880
1641271455.166500092 0.41787 0.08789 0.65652 -0.62368 0.22608 -0.20820 0.71872
1641271455.253183126 0.40009 0.11703 0.64253 -0.63757 0.20487 -0.19261 0.71724
1641271455.339864016 0.38078 0.15172 0.62926 -0.65117 0.18547 -0.17300 0.71529
1641271455.469887972 0.34731 0.19431 0.60569 -0.66301 0.14843 -0.12785 0.72253
1641271455.556570053 0.32620 0.21817 0.58458 -0.66928 0.13696 -0.11413 0.72130
1641271455.686593056 0.29226 0.25276 0.54741 -0.68434 0.12345 -0.10503 0.71092
1641271455.773276091 0.27110 0.27080 0.51800 -0.69008 0.11599 -0.09607 0.70789
1641271455.859956980 0.25332 0.28597 0.48554 -0.69426 0.11327 -0.09812 0.70395
1641271455.946640015 0.23541 0.29667 0.45053 -0.69738 0.10889 -0.09795 0.70158
1641271456.033322096 0.22532 0.30536 0.41765 -0.70242 0.10895 -0.08496 0.69822
1641271456.163345098 0.20591 0.32626 0.36552 -0.71956 0.11283 -0.08490 0.67992
1641271456.250027180 0.19870 0.33587 0.33247 -0.73319 0.11297 -0.08216 0.66552
1641271456.380050182 0.19201 0.34085 0.28374 -0.74555 0.12443 -0.07171 0.65079
1641271456.466732979 0.18939 0.33786 0.25088 -0.75677 0.13243 -0.06893 0.63640
1641271456.553415060 0.18524 0.33349 0.21840 -0.76976 0.14125 -0.06626 0.61898
1641271456.640098095 0.18013 0.32911 0.18993 -0.77960 0.14587 -0.04978 0.60702
1641271456.726778984 0.17099 0.32493 0.16650 -0.78863 0.14829 -0.03442 0.59572
1641271456.856803179 0.14753 0.31933 0.14236 -0.79400 0.14542 -0.00300 0.59026
1641271456.943485022 0.12853 0.31722 0.13880 -0.78663 0.14511 0.03468 0.59912
1641271457.073508024 0.09716 0.31107 0.14289 -0.77245 0.15405 0.07321 0.61174
1641271457.160190105 0.07423 0.30838 0.14810 -0.76866 0.15193 0.08888 0.61496
1641271457.246872187 0.05604 0.31262 0.16032 -0.76547 0.15543 0.10627 0.61531
1641271457.333554029 0.04147 0.31916 0.17705 -0.76524 0.15346 0.12579 0.61240
1641271457.420237064 0.02964 0.32803 0.19968 -0.76715 0.14805 0.13235 0.60995
1641271457.550260067 0.01796 0.33774 0.24612 -0.75856 0.13187 0.14268 0.62196
1641271457.636943102 0.01773 0.34381 0.28460 -0.74695 0.13169 0.14846 0.63457
1641271457.766965151 0.03221 0.34679 0.34715 -0.72569 0.13994 0.16619 0.65281
1641271457.853646994 0.04786 0.34828 0.38754 -0.71554 0.15352 0.16858 0.66031
1641271457.940330029 0.06812 0.34973 0.42222 -0.71186 0.16330 0.16202 0.66358
1641271458.027012110 0.09370 0.34802 0.45045 -0.70211 0.17273 0.16384 0.67109
1641271458.113694191 0.12443 0.34384 0.47090 -0.69007 0.18893 0.17280 0.67694
1641271458.243717194 0.17341 0.33103 0.48235 -0.67291 0.21898 0.17485 0.68460
1641271458.330399036 0.20725 0.31941 0.47730 -0.67081 0.23192 0.16241 0.68546
1641271458.460422993 0.25932 0.30568 0.45655 -0.67343 0.25570 0.13610 0.68014
1641271458.547106028 0.29402 0.29020 0.43825 -0.66977 0.27298 0.12393 0.67936
1641271458.633787155 0.32771 0.27411 0.41949 -0.66600 0.29254 0.10988 0.67734
1641271458.720470190 0.36195 0.25637 0.39884 -0.66358 0.31435 0.09192 0.67260
1641271458.807152033 0.39508 0.24070 0.37760 -0.66635 0.33082 0.07026 0.66453
1641271458.937175989 0.43863 0.21914 0.34273 -0.67580 0.35595 0.03169 0.64466
1641271459.023858070 0.46330 0.20373 0.32050 -0.68266 0.36750 0.00928 0.63153
1641271459.153880119 0.49881 0.16660 0.28563 -0.68117 0.39154 -0.01703 0.61840
1641271459.240563154 0.51466 0.13734 0.26274 -0.66867 0.41518 -0.02882 0.61618
1641271459.327244997 0.52482 0.09969 0.24196 -0.64094 0.45252 -0.03570 0.61899
1641271459.413927078 0.53444 0.06414 0.22369 -0.62160 0.47939 -0.04242 0.61807
1641271459.500609159 0.54296 0.03330 0.20713 -0.61352 0.50666 -0.07280 0.60132
1641271459.630633116 0.55266 -0.01612 0.18459 -0.60585 0.53812 -0.10977 0.57561
1641271459.717314005 0.55466 -0.04841 0.16955 -0.59849 0.55461 -0.12629 0.56416
1641271459.847338200 0.55970 -0.08898 0.14659 -0.59240 0.57733 -0.15251 0.54083
1641271459.934020996 0.56082 -0.11658 0.13152 -0.59067 0.58675 -0.17142 0.52673
1641271460.020702124 0.56133 -0.14066 0.11995 -0.58527 0.59420 -0.18466 0.51989
1641271460.107384205 0.55814 -0.16505 0.10986 -0.57942 0.60337 -0.19830 0.51078
1641271460.194066048 0.55628 -0.18496 0.10168 -0.57539 0.61487 -0.22082 0.49205
1641271460.324090004 0.55124 -0.20302 0.10663 -0.56985 0.61944 -0.26308 0.47154
1641271460.410772085 0.54770 -0.22488 0.11753 -0.56563 0.61346 -0.28538 0.47148
1641271460.540796041 0.54444 -0.22273 0.16125 -0.56982 0.59696 -0.32831 0.45952
1641271460.627478123 0.54475 -0.22015 0.19863 -0.56957 0.58971 -0.34693 0.45548
1641271460.714160204 0.54578 -0.21575 0.24088 -0.56309 0.58263 -0.36158 0.46123
1641271460.800842047 0.53971 -0.20613 0.28444 -0.55898 0.56219 -0.37353 0.48162
1641271460.887524128 0.52955 -0.19238 0.32425 -0.55653 0.53243 -0.38523 0.50833
1641271461.017548084 0.51317 -0.16101 0.36201 -0.56834 0.50418 -0.38235 0.52593
1641271461.104230165 0.50156 -0.13275 0.37188 -0.58794 0.47295 -0.38240 0.53331
1641271461.234254122 0.47637 -0.08795 0.37164 -0.61890 0.41592 -0.35526 0.56371
1641271461.320935011 0.45690 -0.06059 0.35970 -0.63408 0.38783 -0.33361 0.57986
1641271461.407617092 0.43665 -0.03604 0.34511 -0.64334 0.36570 -0.30735 0.59825
1641271461.494300127 0.41246 -0.01294 0.32550 -0.65365 0.33904 -0.27874 0.61652
1641271461.580981970 0.39360 0.00795 0.30102 -0.66756 0.31612 -0.25324 0.62474
1641271461.711004972 0.36890 0.04145 0.25967 -0.69551 0.30342 -0.22912 0.60967
1641271461.797687054 0.34738 0.06650 0.22811 -0.71610 0.29240 -0.20591 0.59942
1641271461.927711010 0.30746 0.09478 0.17893 -0.73989 0.26313 -0.15702 0.59889
1641271462.014392138 0.27773 0.11267 0.15264 -0.75192 0.24917 -0.12097 0.59825
1641271462.101075172 0.24542 0.13358 0.13418 -0.76324 0.23130 -0.08784 0.59687
1641271462.187757015 0.20770 0.14402 0.12189 -0.77193 0.21451 -0.06492 0.59489
1641271462.274439096 0.17860 0.15904 0.11963 -0.77500 0.20225 -0.03778 0.59753
1641271462.404462099 0.13912 0.18016 0.13262 -0.77263 0.18953 -0.00279 0.60590
1641271462.491145134 0.12032 0.19739 0.15207 -0.76409 0.18604 0.01659 0.61748
1641271462.621168137 0.10431 0.22246 0.19135 -0.74797 0.17475 0.04516 0.63872
1641271462.707849979 0.09337 0.23176 0.21911 -0.74581 0.16705 0.05129 0.64283
1641271462.794532061 0.09154 0.24136 0.24608 -0.74372 0.16915 0.04531 0.64514
1641271462.881214142 0.09303 0.24641 0.27181 -0.73448 0.16824 0.05521 0.65512
1641271462.967895985 0.09943 0.24292 0.29153 -0.71938 0.16622 0.06019 0.67174
1641271463.097918987 0.11548 0.23227 0.31126 -0.70038 0.17468 0.05461 0.68991
1641271463.184602022 0.12866 0.22230 0.31496 -0.69437 0.18225 0.04148 0.69492
1641271463.314625025 0.15765 0.20703 0.30926 -0.69097 0.20356 0.02595 0.69314
1641271463.401307106 0.17891 0.19575 0.29581 -0.69612 0.22007 0.01077 0.68328
1641271463.487990141 0.19806 0.18382 0.27639 -0.70350 0.22994 -0.01308 0.67234
1641271463.574671030 0.21547 0.16934 0.25535 -0.70803 0.23508 -0.03001 0.66522
1641271463.661354065 0.23346 0.15257 0.23243 -0.71208 0.23862 -0.04592 0.65871
1641271463.791377068 0.25744 0.12631 0.20233 -0.71700 0.24293 -0.06811 0.64981
1641271463.878059149 0.27137 0.10631 0.18684 -0.71746 0.24418 -0.08823 0.64641
1641271464.008082151 0.28668 0.07976 0.17302 -0.72049 0.23989 -0.12390 0.63875
1641271464.094763994 0.29399 0.06634 0.17165 -0.72756 0.22910 -0.14626 0.62991
1641271464.181447029 0.29966 0.05598 0.17640 -0.73272 0.21781 -0.16921 0.62213
1641271464.268129110 0.30087 0.04668 0.18748 -0.72975 0.20180 -0.18011 0.62794
1641271464.354811192 0.29484 0.04262 0.20361 -0.72669 0.18011 -0.18243 0.63734
1641271464.484834194 0.27788 0.04367 0.22649 -0.72080 0.15819 -0.18876 0.64792
1641271464.571516991 0.26640 0.04809 0.23731 -0.71510 0.14053 -0.17751 0.66134
1641271464.701539993 0.24534 0.05718 0.24048 -0.70734 0.11244 -0.14577 0.68248
1641271464.788222075 0.23001 0.06761 0.23499 -0.70793 0.10045 -0.13159 0.68661
1641271464.874904156 0.21398 0.08055 0.22549 -0.71448 0.08701 -0.11310 0.68495
1641271464.961587191 0.19850 0.09441 0.21402 -0.72034 0.07702 -0.08976 0.68346
1641271465.048268080 0.18289 0.10639 0.19907 -0.72202 0.07292 -0.06396 0.68504
1641271465.178292036 0.16092 0.12002 0.17242 -0.72709 0.07304 -0.02881 0.68203
1641271465.264974117 0.14520 0.12983 0.15872 -0.73159 0.07563 -0.00479 0.67752
1641271465.394997120 0.12326 0.14626 0.14720 -0.73668 0.07904 0.02880 0.67099
1641271465.481679201 0.10759 0.15567 0.14619 -0.73426 0.07797 0.04911 0.67258
1641271465.568361998 0.09498 0.16376 0.15185 -0.72664 0.07595 0.07348 0.67884
1641271465.655044079 0.08631 0.17013 0.16136 -0.71873 0.07825 0.08899 0.68512
1641271465.741726160 0.08172 0.17229 0.17206 -0.70759 0.08165 0.09765 0.69506
1641271465.871749163 0.08396 0.17213 0.18476 -0.69169 0.08128 0.10378 0.71006
1641271465.958431005 0.08859 0.17076 0.18893 -0.69493 0.08357 0.08875 0.70867
1641271466.088455200 0.09942 0.16782 0.18738 -0.70346 0.08668 0.06315 0.70259
1641271466.175137043 0.10637 0.16274 0.18198 -0.70745 0.08119 0.04974 0.70032
1641271466.261819124 0.11460 0.15532 0.17659 -0.71070 0.08096 0.03032 0.69816
1641271466.348500967 0.12509 0.14759 0.17253 -0.71304 0.08812 0.01810 0.69533
1641271466.435183048 0.13669 0.14002 0.16996 -0.71339 0.10038 0.01106 0.69345
1641271466.565207005 0.14768 0.13257 0.16678 -0.71418 0.11104 -0.00017 0.69110
1641271466.651889086 0.15245 0.12756 0.16581 -0.71563 0.10815 -0.00656 0.69003
1641271466.781912088 0.15701 0.12381 0.16580 -0.71752 0.10549 -0.01358 0.68837
1641271466.868594170 0.15810 0.12415 0.16541 -0.71961 0.10677 -0.01397 0.68598
1641271466.955276012 0.15997 0.12376 0.16453 -0.72377 0.10664 -0.01426 0.68160
1641271467.041958094 0.15881 0.12557 0.16251 -0.72947 0.10111 -0.01653 0.67630
1641271467.128641129 0.15853 0.12675 0.16038 -0.73556 0.09206 -0.01946 0.67089
1641271467.258664131 0.15771 0.12920 0.15591 -0.74242 0.08644 -0.02490 0.66387
1641271467.345345974 0.16018 0.12825 0.15377 -0.74458 0.08730 -0.02521 0.66132
1641271467.475368977 0.16373 0.12482 0.15120 -0.74330 0.09340 -0.02667 0.66187
1641271467.562052011 0.16539 0.12211 0.14939 -0.74176 0.09738 -0.02581 0.66305
