1468940623.841155291 0.03275 0.00370 0.01475 -0.73575 0.00596 -0.01260 0.67711
1468940623.921286345 0.04754 0.00431 0.01372 -0.73317 0.00399 -0.02447 0.67960
1468940624.041482210 0.07311 0.00536 0.01703 -0.73311 -0.00563 -0.05049 0.67821
1468940624.121613264 0.09276 0.00585 0.01999 -0.73692 -0.00548 -0.06233 0.67308
1468940624.241809368 0.12240 0.00290 0.01823 -0.74308 -0.00188 -0.07410 0.66509
1468940624.321939230 0.14474 0.00201 0.01650 -0.74366 0.00127 -0.08003 0.66375
1468940624.442135334 0.17684 0.00006 0.01384 -0.74442 0.00928 -0.08964 0.66161
1468940624.522266388 0.19883 -0.00349 0.01328 -0.74562 0.01311 -0.09732 0.65910
1468940624.642462254 0.23425 -0.00901 0.01005 -0.74731 0.02251 -0.10274 0.65610
1468940624.722593307 0.25728 -0.01318 0.00811 -0.74917 0.02883 -0.10611 0.65319
1468940624.842789412 0.28757 -0.01865 0.00581 -0.74870 0.04059 -0.11095 0.65230
1468940624.922920227 0.30515 -0.02107 0.00513 -0.74773 0.04884 -0.11233 0.65261
1468940625.043116331 0.32653 -0.02303 0.00633 -0.74564 0.06015 -0.11777 0.65310
1468940625.123247385 0.33594 -0.02266 0.00798 -0.74462 0.06344 -0.12092 0.65337
1468940625.243443251 0.34211 -0.02069 0.00915 -0.74316 0.06008 -0.12388 0.65480
1468940625.323574305 0.33650 -0.01933 0.01240 -0.74308 0.06014 -0.11991 0.65562
1468940625.443770409 0.31897 -0.01442 0.02277 -0.74400 0.06027 -0.11493 0.65546
1468940625.523900270 0.30427 -0.00928 0.03988 -0.74400 0.06127 -0.10788 0.65656
1468940625.644096375 0.28266 0.00383 0.08408 -0.75310 0.04681 -0.10890 0.64714
1468940625.724227428 0.26592 0.01401 0.12491 -0.75787 0.03578 -0.10949 0.64215
1468940625.844423294 0.23592 0.02576 0.19716 -0.75216 0.01811 -0.10788 0.64984
1468940625.924554348 0.21183 0.03292 0.24561 -0.75121 0.01012 -0.10676 0.65129
1468940626.044750214 0.16627 0.05399 0.30062 -0.76896 -0.01033 -0.09816 0.63164
1468940626.124881268 0.13215 0.07538 0.31880 -0.77269 -0.02616 -0.09489 0.62711
1468940626.245077372 0.07642 0.11260 0.31546 -0.77721 -0.05068 -0.07792 0.62233
1468940626.325208426 0.04081 0.13199 0.29180 -0.77508 -0.06094 -0.06129 0.62592
1468940626.445404291 -0.00395 0.13250 0.23787 -0.76632 -0.05866 -0.04365 0.63828
1468940626.525535345 -0.02330 0.10593 0.20045 -0.75962 -0.05603 -0.04214 0.64658
1468940626.645731211 -0.03035 0.03263 0.15506 -0.75808 -0.04621 -0.02935 0.64985
1468940626.725861311 -0.02244 -0.02719 0.13680 -0.75952 -0.04260 -0.02730 0.64852
1468940626.846057415 0.00333 -0.12511 0.12607 -0.75966 -0.02300 -0.03505 0.64896
1468940626.926188231 0.02536 -0.19176 0.12570 -0.76213 -0.00476 -0.04626 0.64575
1468940627.046384335 0.06616 -0.29116 0.13264 -0.75138 0.01939 -0.06200 0.65667
1468940627.126515388 0.09334 -0.35351 0.13728 -0.75243 0.03139 -0.08679 0.65217
1468940627.246711254 0.12386 -0.41991 0.14487 -0.76141 0.04493 -0.10777 0.63767
1468940627.326842308 0.13069 -0.43407 0.14897 -0.76128 0.05228 -0.09499 0.63929
1468940627.447038412 0.12676 -0.40374 0.14101 -0.75993 0.05106 -0.05665 0.64552
1468940627.527169228 0.11568 -0.36616 0.12913 -0.75790 0.04649 -0.02627 0.65019
1468940627.647365332 0.09367 -0.30256 0.11081 -0.75047 0.02745 -0.02208 0.65997
1468940627.727496386 0.07952 -0.28439 0.11355 -0.76257 0.01223 -0.02596 0.64626
1468940627.847692251 0.07166 -0.32136 0.15226 -0.74384 -0.03048 -0.04728 0.66599
1468940627.927822351 0.07613 -0.36004 0.17212 -0.74038 -0.08757 -0.09940 0.65900
1468940628.048018217 0.07829 -0.40470 0.18995 -0.71001 -0.15565 -0.18481 0.66144
1468940628.128149271 0.06739 -0.40908 0.18847 -0.70414 -0.18599 -0.24432 0.64023
1468940628.248345375 0.02523 -0.37237 0.17065 -0.70093 -0.20938 -0.25512 0.63227
1468940628.328476429 -0.01985 -0.32747 0.15832 -0.72312 -0.18121 -0.19731 0.63665
1468940628.448672295 -0.10029 -0.25450 0.16198 -0.76580 -0.04937 -0.00571 0.64116
1468940628.528803349 -0.15101 -0.21306 0.18341 -0.76502 -0.00665 0.04711 0.64225
1468940628.648999214 -0.20600 -0.17607 0.26464 -0.76104 0.00907 0.04589 0.64701
1468940628.729130268 -0.22962 -0.16351 0.33808 -0.76388 -0.00747 0.03679 0.64427
1468940628.849326372 -0.25533 -0.14530 0.42438 -0.77793 -0.04037 -0.00565 0.62703
1468940628.929457426 -0.26395 -0.12483 0.44119 -0.77448 -0.05526 -0.02880 0.62952
1468940629.049653292 -0.26268 -0.11862 0.38721 -0.72521 -0.06837 -0.04505 0.68364
1468940629.129783392 -0.24656 -0.14201 0.30786 -0.71550 -0.02961 -0.01661 0.69779
1468940629.249980211 -0.20965 -0.19721 0.15358 -0.72974 0.02875 0.04266 0.68179
1468940629.330110312 -0.17183 -0.23165 0.04859 -0.75102 0.09645 0.07111 0.64931
1468940629.450306416 -0.09809 -0.27931 -0.04352 -0.77271 0.21020 0.10436 0.58978
1468940629.530437231 -0.04311 -0.30319 -0.05780 -0.77076 0.26431 0.11754 0.56768
1468940629.650633335 0.04070 -0.31062 -0.01592 -0.76528 0.26662 0.06472 0.58230
1468940629.730764389 0.09094 -0.29924 0.04540 -0.77099 0.23423 -0.00722 0.59217
1468940629.850960255 0.15566 -0.26674 0.14911 -0.79344 0.15778 -0.11902 0.57567
1468940629.931091309 0.18729 -0.24192 0.22218 -0.78665 0.09566 -0.18878 0.58000
1468940630.051287413 0.20640 -0.21059 0.31877 -0.76612 -0.03763 -0.30045 0.56690
1468940630.131418228 0.20819 -0.19216 0.36761 -0.74877 -0.11748 -0.34709 0.55234
1468940630.251614332 0.20710 -0.15366 0.38412 -0.74165 -0.20977 -0.35545 0.52878
1468940630.331744194 0.21327 -0.12929 0.33942 -0.77998 -0.21493 -0.30551 0.50209
1468940630.451940298 0.22711 -0.11092 0.20431 0.84634 0.12770 0.17026 -0.48828
1468940630.532071352 0.21687 -0.12662 0.10907 -0.83317 -0.03602 -0.06500 0.54801
1468940630.652267218 0.16294 -0.17214 -0.00229 -0.78887 0.15318 0.09565 0.58743
1468940630.732398272 0.10520 -0.18745 -0.05111 -0.78012 0.22139 0.17744 0.55760
1468940630.852594376 -0.00090 -0.19415 -0.06298 -0.76506 0.22088 0.26529 0.54361
1468940630.932725430 -0.05891 -0.18406 -0.01560 -0.77902 0.14144 0.22238 0.56892
1468940631.052921295 -0.10835 -0.17114 0.10983 -0.77273 0.00713 0.08319 0.62922
1468940631.133052349 -0.13155 -0.17238 0.19585 -0.77292 -0.02162 0.07212 0.63002
1468940631.253248215 -0.15595 -0.18755 0.29525 -0.75756 -0.03089 0.04547 0.65044
1468940631.333379269 -0.17449 -0.15532 0.31876 -0.77409 -0.04798 0.01626 0.63104
1468940631.453575373 -0.21051 -0.08213 0.29000 -0.77187 -0.04705 0.00887 0.63398
1468940631.533705235 -0.21445 -0.11348 0.28405 -0.79903 -0.03209 0.01762 0.60017
1468940631.653901339 -0.19374 -0.25956 0.28110 -0.77851 -0.03547 0.02731 0.62603
1468940631.734032393 -0.17469 -0.35695 0.25879 -0.77403 -0.01741 0.05659 0.63037
1468940631.854228258 -0.15765 -0.39248 0.21452 -0.81023 0.00079 0.04337 0.58450
1468940631.934359312 -0.14753 -0.31792 0.19477 -0.80810 0.00674 0.01503 0.58882
1468940632.054555416 -0.12627 -0.18680 0.16070 -0.78920 0.02331 -0.00212 0.61368
1468940632.134686232 -0.11219 -0.18679 0.15610 -0.80423 0.00466 -0.01713 0.59405
1468940632.254882336 -0.06811 -0.33215 0.19030 -0.76960 0.02699 0.02939 0.63728
1468940632.335013390 -0.02824 -0.39329 0.18628 -0.78967 0.05231 0.01823 0.61103
1468940632.455209255 0.04224 -0.31628 0.18112 -0.76657 0.07420 0.01031 0.63777
1468940632.535340309 0.08501 -0.22826 0.15587 -0.76012 0.07930 0.02766 0.64433
1468940632.655536413 0.14111 -0.22115 0.14796 -0.77012 0.04458 0.03179 0.63555
1468940632.735666275 0.18449 -0.28548 0.17232 -0.78577 0.01562 0.01868 0.61804
1468940632.855862379 0.25524 -0.36422 0.21392 -0.80079 0.02285 -0.00853 0.59845
1468940632.935993195 0.28839 -0.36561 0.23065 -0.79626 0.02273 -0.03181 0.60370
1468940633.056189299 0.31772 -0.28699 0.21082 -0.78812 0.04185 -0.04427 0.61250
1468940633.136320353 0.32093 -0.21889 0.16784 -0.77756 0.04736 -0.03263 0.62617
1468940633.256516218 0.27115 -0.17567 0.14759 -0.77378 0.05059 -0.00892 0.63136
1468940633.336647272 0.20763 -0.16831 0.15634 -0.77596 0.04315 0.01168 0.62920
1468940633.456843376 0.09053 -0.16601 0.18460 -0.77079 0.01920 0.04419 0.63526
1468940633.536974430 0.01586 -0.17299 0.22897 -0.77530 -0.00872 0.06040 0.62863
1468940633.657170296 -0.07160 -0.18510 0.32944 -0.77468 -0.06456 0.03878 0.62785
1468940633.737301350 -0.12078 -0.19538 0.40192 -0.75625 -0.07664 0.05070 0.64779
1468940633.857497215 -0.20284 -0.20564 0.48013 -0.75457 -0.11184 0.03974 0.64540
1468940633.937627316 -0.25550 -0.21084 0.50815 -0.74680 -0.11222 0.05873 0.65287
1468940634.057823420 -0.32626 -0.20424 0.50416 -0.74112 -0.11258 0.09352 0.65523
1468940634.137954235 -0.35728 -0.19551 0.46622 -0.73018 -0.09687 0.10219 0.66858
1468940634.258150339 -0.37204 -0.18197 0.36210 -0.73497 -0.06733 0.10359 0.66675
1468940634.338281393 -0.36202 -0.18522 0.27671 -0.73708 -0.04946 0.10252 0.66615
1468940634.458477259 -0.33348 -0.20233 0.15062 -0.73818 -0.02707 0.08767 0.66833
1468940634.538608313 -0.32200 -0.21841 0.08741 -0.74073 -0.03240 0.06682 0.66769
1468940634.658804417 -0.29847 -0.23426 0.04570 -0.74276 -0.03960 0.07820 0.66379
1468940634.738935232 -0.25003 -0.23485 0.03937 -0.73958 -0.03275 0.07889 0.66763
1468940634.859131336 -0.12715 -0.22756 0.04586 -0.72449 0.00504 0.04752 0.68762
1468940634.939262390 -0.03075 -0.22209 0.05241 -0.71997 0.01801 0.00961 0.69370
1468940635.059458256 0.10706 -0.21745 0.06388 -0.71380 0.04418 -0.04852 0.69727
1468940635.139588356 0.17460 -0.23306 0.06612 -0.71532 0.06131 -0.06423 0.69313
1468940635.259784222 0.24207 -0.22562 0.06462 -0.72635 0.08665 -0.07103 0.67813
1468940635.339915276 0.26141 -0.21863 0.10363 -0.73332 0.08548 -0.05615 0.67215
1468940635.460111380 0.26443 -0.19669 0.21888 -0.72886 0.05095 -0.03779 0.68172
1468940635.540242195 0.25195 -0.18415 0.29962 -0.73188 0.01443 -0.04241 0.67996
1468940635.660438299 0.22648 -0.17553 0.39244 -0.70212 -0.01321 -0.03602 0.71102
1468940635.740569353 0.21118 -0.17319 0.42144 -0.68819 -0.02820 -0.03759 0.72401
1468940635.860765219 0.19555 -0.16683 0.39564 -0.69144 -0.03962 -0.02494 0.72091
1468940635.940896273 0.19002 -0.16363 0.33050 -0.69386 -0.04352 -0.01713 0.71859
1468940636.061092377 0.18634 -0.17313 0.18359 -0.70194 -0.03265 -0.01355 0.71136
1468940636.141223431 0.18526 -0.19343 0.08092 -0.72041 -0.01162 -0.01402 0.69331
1468940636.261419296 0.17493 -0.23339 -0.03315 -0.76297 0.02308 -0.02295 0.64562
1468940636.341549397 0.14726 -0.25994 -0.06664 -0.77566 0.03245 -0.03589 0.62930
1468940636.461745262 0.06088 -0.28508 -0.07480 -0.77164 0.04232 -0.02536 0.63414
1468940636.541876316 -0.01671 -0.29220 -0.06948 -0.76981 0.03550 -0.01156 0.63718
1468940636.662072420 -0.12206 -0.29156 -0.04614 -0.77712 0.02550 0.01584 0.62864
1468940636.742203236 -0.16972 -0.28318 -0.00155 -0.77948 0.00572 0.02887 0.62573
1468940636.862399340 -0.21362 -0.26775 0.11037 -0.76838 -0.02832 0.04309 0.63792
1468940636.942530394 -0.23190 -0.26006 0.20125 -0.75836 -0.05136 0.04383 0.64832
1468940637.062726259 -0.24618 -0.25999 0.31658 -0.73814 -0.06399 0.04285 0.67024
1468940637.142857313 -0.24725 -0.26588 0.35698 -0.71542 -0.06455 0.03611 0.69476
1468940637.263053417 -0.24332 -0.27384 0.33868 -0.71060 -0.06171 0.04571 0.69939
1468940637.343184233 -0.23996 -0.27529 0.27907 -0.72356 -0.06946 0.03923 0.68564
1468940637.463380337 -0.22620 -0.28398 0.16639 -0.75180 -0.05781 0.04234 0.65549
1468940637.543510199 -0.20438 -0.29201 0.10608 -0.76958 -0.04476 0.04677 0.63526
1468940637.663706303 -0.13224 -0.30321 0.07667 -0.77733 -0.01658 0.03662 0.62781
1468940637.743837357 -0.05724 -0.29776 0.08173 -0.77472 0.00808 0.02614 0.63171
1468940637.864033222 0.05679 -0.27546 0.09665 -0.77084 0.03958 -0.00251 0.63579
1468940637.944164276 0.12094 -0.25883 0.10497 -0.76787 0.04170 -0.01398 0.63910
1468940638.064360380 0.19602 -0.24042 0.10044 -0.77110 0.02927 -0.03412 0.63513
1468940638.144491196 0.24003 -0.23106 0.08828 -0.77239 0.02709 -0.04205 0.63317
1468940638.264687300 0.28378 -0.21594 0.07034 -0.78201 0.03576 -0.03581 0.62120
1468940638.344818354 0.29894 -0.20399 0.07685 -0.77900 0.03898 -0.02441 0.62533
1468940638.465014219 0.31128 -0.18298 0.12546 -0.76106 0.02582 -0.01279 0.64804
1468940638.545145273 0.31269 -0.16939 0.17860 -0.74084 0.01568 -0.00658 0.67147
1468940638.665341377 0.30457 -0.15184 0.27143 -0.70390 -0.01228 -0.00105 0.71019
1468940638.745471239 0.29715 -0.14345 0.33090 -0.68802 -0.02030 0.01312 0.72529
1468940638.865667343 0.28693 -0.13798 0.40108 -0.66300 -0.03186 0.01121 0.74786
1468940638.945798397 0.27732 -0.13189 0.41741 -0.66273 -0.04400 0.02020 0.74729
1468940639.065994263 0.24468 -0.12033 0.38469 -0.67752 -0.06521 0.05177 0.73078
1468940639.146125317 0.20736 -0.11385 0.34368 -0.68281 -0.08225 0.08963 0.72040
1468940639.266321421 0.13385 -0.10372 0.29139 -0.69017 -0.10519 0.15227 0.69958
1468940639.346452236 0.07895 -0.09473 0.26973 -0.69070 -0.12350 0.18065 0.68924
1468940639.466648340 -0.00157 -0.08263 0.24933 -0.69135 -0.15245 0.20206 0.67673
1468940639.546779394 -0.04696 -0.07667 0.22807 -0.68396 -0.16924 0.19673 0.68180
1468940639.666975260 -0.10037 -0.07268 0.17063 -0.70621 -0.17798 0.19031 0.65831
1468940639.747106314 -0.12971 -0.07714 0.12192 -0.72113 -0.18242 0.17684 0.64454
1468940639.867302418 -0.16960 -0.09050 0.04400 -0.74916 -0.18349 0.16370 0.61505
1468940639.947432280 -0.19334 -0.10165 -0.00636 -0.76711 -0.17645 0.15530 0.59690
1468940640.067629337 -0.22421 -0.12619 -0.07565 -0.78777 -0.15796 0.15018 0.57611
1468940640.147759199 -0.24549 -0.14405 -0.10719 -0.80067 -0.14896 0.12557 0.56654
1468940640.267955303 -0.28650 -0.15513 -0.10231 -0.80440 -0.11232 0.08384 0.57732
1468940640.348086357 -0.32156 -0.15082 -0.07327 -0.79742 -0.09900 0.06155 0.59205
1468940640.468282223 -0.37455 -0.13637 -0.00829 -0.78433 -0.07511 0.03988 0.61449
1468940640.548413277 -0.40744 -0.12773 0.04075 -0.77165 -0.06507 0.03345 0.63182
1468940640.668609381 -0.44873 -0.12003 0.11864 -0.75131 -0.05337 0.03951 0.65660
1468940640.748740196 -0.46970 -0.11812 0.17372 -0.73444 -0.04836 0.04002 0.67577
1468940640.868936300 -0.46879 -0.10398 0.25025 -0.70853 -0.04890 0.06058 0.70138
1468940640.949067354 -0.49874 -0.12223 0.29254 -0.68683 -0.05203 0.06919 0.72164
1468940641.069263220 -0.53666 -0.13049 0.33517 -0.66669 -0.06380 0.07925 0.73836
1468940641.149393320 -0.52380 -0.11054 0.33167 -0.67137 -0.08784 0.10173 0.72883
1468940641.269590378 -0.50786 -0.10968 0.25583 -0.70357 -0.09926 0.08237 0.69882
1468940641.349720240 -0.48532 -0.10014 0.18350 -0.73155 -0.07920 0.09074 0.67107
1468940641.469916344 -0.46413 -0.11336 0.06785 -0.76986 -0.05695 0.09761 0.62812
1468940641.550047398 -0.41330 -0.11587 -0.00399 -0.79333 -0.03876 0.10156 0.59900
1468940641.670243263 -0.37586 -0.14631 -0.06944 -0.81840 -0.01031 0.07553 0.56958
1468940641.750374317 -0.30756 -0.15316 -0.07326 -0.82301 0.01456 0.03455 0.56679
1468940641.870570421 -0.18241 -0.14954 -0.04117 -0.81109 0.04434 -0.01466 0.58306
1468940641.950701237 -0.11127 -0.12982 -0.01018 -0.80717 0.04852 -0.03643 0.58720
1468940642.070897341 -0.02269 -0.11606 0.04362 -0.80227 0.05915 -0.06435 0.59053
1468940642.151028395 0.11223 -0.04832 0.07103 -0.79168 0.06165 -0.09559 0.60025
1468940642.271224260 0.19501 -0.02245 0.14709 -0.75472 0.08215 -0.14281 0.63502
1468940642.351354361 0.23141 -0.01840 0.20355 -0.73072 0.10259 -0.14518 0.65913
1468940642.471550226 0.27161 -0.01110 0.28183 -0.70043 0.12251 -0.15177 0.68655
1468940642.551681280 0.29298 -0.00808 0.32215 -0.68185 0.12819 -0.16840 0.70021
1468940642.671877384 0.32221 -0.00743 0.35154 -0.65933 0.13031 -0.21035 0.70997
1468940642.752008200 0.34453 -0.00041 0.34203 -0.65660 0.14611 -0.22715 0.70423
1468940642.872204304 0.38108 0.01440 0.28821 -0.67468 0.15737 -0.23765 0.68085
1468940642.952335358 0.39557 0.02034 0.23064 -0.69549 0.16087 -0.22667 0.66260
1468940643.072531223 0.40047 0.01823 0.13555 -0.71977 0.16341 -0.19420 0.64615
1468940643.152662277 0.39489 0.00961 0.07630 -0.73098 0.15603 -0.17018 0.64215
1468940643.272858381 0.38201 -0.00952 -0.01412 -0.75499 0.14677 -0.14560 0.62230
1468940643.352989197 0.37302 -0.02759 -0.07286 -0.77685 0.14358 -0.12150 0.60094
1468940643.473185301 0.34959 -0.04608 -0.12625 -0.79979 0.13150 -0.08545 0.57944
1468940643.553315401 0.33043 -0.04469 -0.11837 -0.79777 0.12185 -0.06545 0.58688
1468940643.673512220 0.29722 -0.02204 -0.04445 -0.77799 0.07921 -0.05042 0.62122
1468940643.753642321 0.27322 -0.00514 0.03185 -0.76108 0.05091 -0.05143 0.64461
1468940643.873838425 0.22792 0.00752 0.15911 -0.73343 0.00357 -0.06349 0.67679
1468940643.953969240 0.18545 0.00546 0.23321 -0.72044 -0.05252 -0.08968 0.68569
1468940644.074165344 0.10884 0.00339 0.28452 -0.71743 -0.19069 -0.17313 0.64727
1468940644.154296398 0.05647 0.00356 0.27301 -0.70500 -0.28379 -0.20436 0.61699
1468940644.274492264 -0.01788 0.00053 0.21431 -0.72982 -0.31163 -0.15431 0.58859
1468940644.354623318 -0.07155 -0.00601 0.16473 -0.74571 -0.31105 -0.12203 0.57643
1468940644.474819422 -0.16572 -0.03045 0.11611 -0.76963 -0.24248 -0.02444 0.59015
1468940644.554950237 -0.23090 -0.05228 0.10904 -0.77901 -0.18213 0.06722 0.59620
1468940644.675146341 -0.31499 -0.09067 0.13629 -0.75743 -0.08616 0.21248 0.61133
1468940644.755276203 -0.34964 -0.11697 0.17170 -0.73060 -0.02111 0.28300 0.62104
1468940644.875472307 -0.35152 -0.14473 0.22227 -0.68312 0.09023 0.37143 0.62229
1468940644.955603361 -0.32524 -0.14945 0.23368 -0.66167 0.16534 0.40743 0.60734
1468940645.075799227 -0.26153 -0.14243 0.19627 -0.68492 0.22654 0.39490 0.56888
1468940645.155930281 -0.21120 -0.14393 0.14314 -0.71326 0.25138 0.34009 0.55894
1468940645.276126385 -0.11329 -0.15240 0.06394 -0.76467 0.23655 0.22343 0.55624
1468940645.356257200 -0.03170 -0.16860 0.03445 -0.78435 0.21955 0.15604 0.55878
1468940645.476453304 0.08813 -0.18329 0.03790 -0.80596 0.17828 0.07391 0.55962
1468940645.556584358 0.16349 -0.18424 0.07426 -0.80368 0.11262 -0.01903 0.58400
1468940645.676780224 0.23578 -0.16488 0.16465 -0.76340 -0.04658 -0.19425 0.61426
1468940645.756911278 0.26063 -0.15965 0.22139 -0.71528 -0.14778 -0.26544 0.62934
1468940645.877107382 0.25470 -0.13144 0.25575 -0.63352 -0.29012 -0.36076 0.61995
1468940645.957237244 0.22258 -0.11224 0.23236 -0.59999 -0.34949 -0.37012 0.61716
1468940646.077433348 0.14470 -0.07134 0.11166 -0.66827 -0.33862 -0.29129 0.59490
1468940646.157564402 0.07000 -0.06707 0.01724 -0.75501 -0.25045 -0.13664 0.59040
1468940646.277760267 -0.05507 -0.08731 -0.03865 -0.82325 -0.05458 0.10019 0.55610
1468940646.357891321 -0.11708 -0.09543 -0.00683 -0.81020 0.00155 0.19344 0.55331
1468940646.478087425 -0.16329 -0.10702 0.11856 -0.77148 -0.02004 0.20622 0.60158
1468940646.558218241 -0.17273 -0.11578 0.22868 -0.73852 -0.05551 0.17996 0.64740
1468940646.678414345 -0.17257 -0.14154 0.36242 -0.68793 -0.06976 0.12092 0.71222
1468940646.758545399 -0.17160 -0.15585 0.37906 -0.68234 -0.07031 0.07396 0.72387
1468940646.878741264 -0.15576 -0.16619 0.25888 -0.70234 -0.04859 0.02625 0.70970
1468940646.958872318 -0.14432 -0.18023 0.11981 -0.75919 -0.03771 -0.00670 0.64975
1468940647.079068422 -0.11614 -0.20671 0.06302 -0.81066 -0.00262 0.01525 0.58531
1468940647.159198284 -0.09377 -0.20031 0.15739 -0.76542 -0.00467 0.01461 0.64335
1468940647.279394388 -0.06828 -0.20529 0.32025 -0.67712 -0.00993 0.01101 0.73572
1468940647.359525204 -0.04109 -0.22244 0.34858 -0.65555 -0.00177 0.00918 0.75510
1468940647.479721308 -0.00353 -0.22059 0.19854 -0.69670 0.03421 -0.01042 0.71647
1468940647.559852362 0.02058 -0.21711 0.06502 -0.77199 0.02106 -0.03611 0.63425
1468940647.680048227 0.05760 -0.20073 0.10440 -0.75639 0.03724 -0.01127 0.65297
1468940647.760179281 0.08357 -0.18405 0.21020 -0.70481 0.00022 -0.02614 0.70892
1468940647.880375385 0.12270 -0.17591 0.29305 -0.68467 -0.01124 -0.00336 0.72876
1468940647.960506201 0.14375 -0.17624 0.23542 -0.69367 -0.00553 -0.01221 0.72017
1468940648.080702305 0.16073 -0.19800 0.04098 -0.75214 0.01581 -0.04781 0.65708
1468940648.160833359 0.16494 -0.22676 -0.03517 -0.79153 0.04925 -0.02758 0.60852
1468940648.281029224 0.16139 -0.23373 0.04357 -0.77734 0.03863 0.00800 0.62784
1468940648.361159325 0.15166 -0.23601 0.16311 -0.74279 0.00787 0.03073 0.66877
1468940648.481355429 0.13748 -0.25331 0.26857 -0.71871 -0.03512 0.02706 0.69390
1468940648.561486244 0.12802 -0.26927 0.26334 -0.71736 -0.04215 0.01871 0.69518
1468940648.681682348 0.11696 -0.33608 0.17362 -0.72086 -0.02356 -0.03118 0.69197
1468940648.761813402 0.10656 -0.40937 0.10614 -0.72944 0.00982 -0.04012 0.68280
1468940648.882009268 0.06768 -0.52499 0.05062 -0.74716 0.04659 -0.03314 0.66219
1468940648.962140322 0.03153 -0.58246 0.04558 -0.75532 0.06073 -0.01829 0.65229
1468940649.082336426 -0.01548 -0.62252 0.05767 -0.77017 -0.00178 -0.08345 0.63236
1468940649.162467241 -0.03665 -0.61099 0.08128 -0.74474 -0.10170 -0.20475 0.62697
1468940649.282663345 -0.05322 -0.56247 0.13638 -0.68681 -0.19583 -0.32391 0.62051
1468940649.362794399 -0.06076 -0.52066 0.16983 -0.66566 -0.20878 -0.34448 0.62820
1468940649.482990265 -0.05288 -0.45173 0.19219 -0.71059 -0.06617 -0.11796 0.69049
1468940649.563120365 -0.03679 -0.42620 0.17576 -0.71835 0.03211 0.04866 0.69323
1468940649.683317423 -0.00566 -0.45487 0.11982 -0.72673 0.10660 0.16581 0.65803
1468940649.763447285 0.02498 -0.51098 0.09877 -0.72184 0.07222 0.12507 0.67683
1468940649.883643389 0.09244 -0.59542 0.10582 -0.70428 -0.01441 -0.06967 0.70635
1468940649.963774204 0.13756 -0.61877 0.12079 -0.69173 -0.07299 -0.21950 0.68411
1468940650.083970308 0.21013 -0.58727 0.14699 -0.69924 -0.06418 -0.25387 0.66520
1468940650.164101362 0.27030 -0.52768 0.17036 -0.74265 -0.00702 -0.10229 0.66178
1468940650.284297228 0.36539 -0.41019 0.19886 -0.75053 0.02070 0.02117 0.66017
1468940650.364428282 0.41032 -0.35367 0.21089 -0.74060 0.01017 -0.01503 0.67170
1468940650.484624386 0.42743 -0.33174 0.22077 -0.74216 0.02924 -0.03102 0.66886
1468940650.564755201 0.40181 -0.35483 0.21630 -0.73270 0.02876 -0.06092 0.67721
1468940650.684951305 0.31428 -0.40900 0.18619 -0.73459 0.03479 -0.09343 0.67114
1468940650.765081406 0.22767 -0.44051 0.15919 -0.74690 0.04296 -0.08729 0.65778
1468940650.885277271 0.08443 -0.47127 0.13944 -0.75770 0.04771 -0.07478 0.64655
1468940650.965408325 -0.00732 -0.48087 0.14237 -0.77178 0.05479 -0.06307 0.63037
1468940651.085604429 -0.11515 -0.47629 0.18207 -0.77665 0.05482 -0.06645 0.62402
1468940651.165735245 -0.16170 -0.47286 0.24545 -0.77005 0.06216 -0.06404 0.63171
1468940651.285931349 -0.20655 -0.47690 0.36867 -0.74652 0.05417 -0.08444 0.65776
1468940651.366062403 -0.22513 -0.47853 0.44732 -0.71477 0.05352 -0.09517 0.69078
1468940651.486258268 -0.24329 -0.46367 0.49469 -0.70150 0.02486 -0.10963 0.70375
1468940651.566389322 -0.24379 -0.45098 0.45720 -0.71962 0.02447 -0.09921 0.68681
1468940651.686585426 -0.22994 -0.44059 0.30814 -0.77212 0.03241 -0.11057 0.62495
1468940651.766716242 -0.20855 -0.44892 0.18009 -0.79571 0.04132 -0.12263 0.59170
1468940651.886912346 -0.18100 -0.47312 0.05615 -0.83355 0.07303 -0.13155 0.53156
1468940651.967042208 -0.17548 -0.47834 0.08488 -0.82804 0.07142 -0.12658 0.54150
1468940652.087238312 -0.17074 -0.48803 0.21772 -0.75795 0.05897 -0.11467 0.63945
1468940652.167369366 -0.17363 -0.50380 0.27433 -0.70736 0.04042 -0.10990 0.69708
1468940652.287565231 -0.17296 -0.50868 0.23499 -0.71796 0.02897 -0.12470 0.68421
1468940652.367696285 -0.17192 -0.51401 0.14468 -0.74497 0.02948 -0.12444 0.65473
1468940652.487892389 -0.16254 -0.54623 0.06496 -0.78071 0.03646 -0.07175 0.61969
1468940652.568023205 -0.13376 -0.56873 0.07294 -0.76309 0.02976 -0.02383 0.64516
1468940652.688219309 -0.05007 -0.58968 0.13211 -0.73388 0.01932 0.01928 0.67873
1468940652.768350363 0.01610 -0.59866 0.18256 -0.72338 0.00384 0.01789 0.69021
1468940652.888546228 0.10500 -0.60894 0.24792 -0.72138 -0.05925 -0.06229 0.68718
1468940652.968677282 0.16044 -0.61293 0.28655 -0.72247 -0.04708 -0.07439 0.68577
1468940653.088873386 0.22432 -0.62196 0.33975 -0.71292 -0.03560 -0.10779 0.69199
1468940653.169003248 0.25477 -0.62465 0.38105 -0.69800 -0.05338 -0.13633 0.70097
1468940653.289199352 0.28484 -0.61883 0.43700 -0.67275 -0.13323 -0.23350 0.68930
1468940653.369330406 0.29950 -0.60433 0.45875 -0.65997 -0.20431 -0.31592 0.65030
1468940653.489526272 0.32372 -0.56931 0.47023 -0.66148 -0.26928 -0.34746 0.60762
1468940653.569657326 0.35078 -0.54076 0.45875 -0.65939 -0.28839 -0.37065 0.58708
1468940653.689853430 0.40101 -0.49735 0.39358 -0.70531 -0.23211 -0.34747 0.57266
1468940653.769984245 0.40959 -0.48666 0.32467 -0.73919 -0.15973 -0.29023 0.58638
1468940653.890180349 0.36056 -0.48231 0.21297 -0.75133 -0.07005 -0.20952 0.62185
1468940653.970311403 0.29203 -0.47665 0.14475 -0.75486 -0.00318 -0.15905 0.63631
1468940654.090507269 0.18223 -0.45684 0.06151 -0.76669 0.02878 -0.09398 0.63445
1468940654.170638323 0.10481 -0.44277 0.02762 -0.78236 0.05638 -0.05535 0.61779
1468940654.290834427 0.02293 -0.42379 0.04929 -0.78491 0.04410 -0.02580 0.61749
1468940654.370964289 -0.00490 -0.41129 0.12236 -0.79007 0.03138 -0.00405 0.61219
1468940654.491160393 -0.02339 -0.38798 0.27855 -0.77160 -0.01738 -0.02022 0.63555
1468940654.571291208 -0.02673 -0.38038 0.38868 -0.76179 -0.02947 -0.04619 0.64550
1468940654.691487312 -0.03634 -0.37281 0.51791 -0.77775 -0.03302 -0.09044 0.62115
1468940654.771618366 -0.04276 -0.37216 0.57677 -0.78652 -0.03221 -0.12830 0.60323
1468940654.891814232 -0.05710 -0.37775 0.63366 -0.80643 -0.02503 -0.14559 0.57257
1468940654.971945286 -0.06615 -0.38563 0.66210 -0.80603 -0.02422 -0.16814 0.56698
1468940655.092141390 -0.08217 -0.39831 0.68765 -0.80895 -0.02411 -0.17988 0.55917
1468940655.172272205 -0.09439 -0.41256 0.68136 -0.80641 -0.02347 -0.17144 0.56547
1468940655.292468309 -0.11313 -0.44093 0.62469 -0.80536 -0.04291 -0.12719 0.57739
1468940655.372599363 -0.11447 -0.46339 0.55852 -0.78998 -0.05466 -0.09960 0.60251
1468940655.492795229 -0.09933 -0.50209 0.42537 -0.74981 -0.02731 -0.07069 0.65730
1468940655.572925329 -0.08810 -0.52986 0.32327 -0.73670 -0.00782 -0.06603 0.67294
1468940655.693121195 -0.08067 -0.56575 0.18821 -0.73805 0.01306 -0.04784 0.67293
1468940655.773252249 -0.07508 -0.58622 0.13366 -0.74168 0.01200 -0.01855 0.67039
1468940655.893448353 -0.03368 -0.61352 0.10922 -0.73993 0.01023 -0.00667 0.67258
1468940655.973579407 0.01776 -0.62079 0.11587 -0.74199 0.00559 -0.02987 0.66973
1468940656.093775272 0.09684 -0.61969 0.13065 -0.74155 0.03188 -0.06919 0.66656
1468940656.173906326 0.11046 -0.60856 0.13167 -0.74467 0.01644 -0.11866 0.65660
1468940656.294102192 0.07000 -0.58388 0.11093 -0.75209 -0.02597 -0.06547 0.65529
1468940656.374233246 0.08239 -0.57016 0.11096 -0.75690 -0.04689 -0.05661 0.64939
1468940656.494429350 0.17269 -0.55947 0.15254 -0.74431 -0.05970 -0.03477 0.66425
1468940656.574560404 0.24524 -0.55435 0.19137 -0.75044 -0.07190 -0.04288 0.65561
1468940656.694756269 0.34557 -0.54120 0.26348 -0.77728 -0.04050 -0.07385 0.62349
1468940656.774886370 0.38116 -0.53411 0.31986 -0.78364 -0.03580 -0.13293 0.60577
1468940656.895082235 0.39689 -0.51044 0.41926 -0.77745 -0.04393 -0.17985 0.60108
1468940656.975213289 0.39750 -0.48537 0.49067 -0.77512 -0.05963 -0.22662 0.58675
1468940657.095409393 0.39400 -0.44741 0.60123 -0.76608 -0.08452 -0.26849 0.57783
1468940657.175540209 0.39158 -0.42538 0.65947 -0.76676 -0.08677 -0.28451 0.56887
1468940657.295736313 0.38650 -0.39881 0.69637 -0.74355 -0.07361 -0.34667 0.56704
1468940657.375867367 0.37846 -0.39171 0.67620 -0.74446 -0.03798 -0.34305 0.57153
1468940657.496063232 0.36698 -0.39978 0.56893 -0.75913 -0.02584 -0.27816 0.58794
1468940657.576194286 0.35279 -0.42206 0.45722 -0.73214 -0.02126 -0.25756 0.63023
1468940657.696390390 0.33107 -0.46767 0.25827 -0.69285 0.02786 -0.21448 0.68788
1468940657.776521206 0.32423 -0.48703 0.11873 -0.69141 0.08718 -0.17196 0.69627
1468940657.896717310 0.29912 -0.52562 -0.02845 -0.71740 0.13581 -0.18062 0.65899
1468940657.976847410 0.26629 -0.55759 -0.06306 -0.72158 0.18288 -0.17118 0.64542
1468940658.097043276 0.18082 -0.58346 -0.07315 -0.72903 0.20332 -0.18054 0.62816
1468940658.177174330 0.11246 -0.58316 -0.06753 -0.73229 0.18459 -0.18544 0.62872
1468940658.297370195 0.00058 -0.55812 -0.04237 -0.74302 0.15275 -0.15864 0.63200
1468940658.377501249 -0.08063 -0.52927 -0.02001 -0.75944 0.12270 -0.12968 0.62560
1468940658.497697353 -0.18571 -0.47969 0.02903 -0.77565 0.06925 -0.10069 0.61922
1468940658.577828407 -0.23477 -0.45201 0.08471 -0.77911 0.03855 -0.08838 0.61943
1468940658.698024273 -0.28426 -0.42596 0.21050 -0.79451 -0.00301 -0.08152 0.60174
1468940658.778155327 -0.30524 -0.42251 0.30947 -0.77545 -0.02422 -0.10783 0.62167
1468940658.898351431 -0.33087 -0.43408 0.45266 -0.71527 -0.05899 -0.13147 0.68383
1468940658.978482246 -0.33767 -0.45273 0.51100 -0.67940 -0.05654 -0.11760 0.72207
1468940659.098678350 -0.33540 -0.46815 0.49101 -0.68144 -0.04801 -0.09217 0.72446
1468940659.178808212 -0.32623 -0.46358 0.40841 -0.70921 -0.04861 -0.09059 0.69746
1468940659.299004316 -0.29709 -0.46410 0.22968 -0.75848 -0.02446 -0.06927 0.64754
1468940659.379135370 -0.27691 -0.47639 0.13049 -0.80105 -0.00887 -0.07737 0.59352
1468940659.499331236 -0.25746 -0.48375 0.12926 -0.81830 -0.00685 -0.06320 0.57126
1468940659.579462290 -0.24307 -0.47877 0.21149 -0.77562 -0.00695 -0.05616 0.62865
1468940659.699658394 -0.22515 -0.48742 0.32856 -0.73556 -0.03682 -0.05158 0.67449
1468940659.779789209 -0.20962 -0.49398 0.34751 -0.71480 -0.04792 -0.07206 0.69395
1468940659.899985313 -0.18134 -0.49782 0.25755 -0.72749 -0.03923 -0.10371 0.67710
1468940659.980116367 -0.15599 -0.51793 0.16827 -0.72816 -0.00397 -0.09997 0.67806
1468940660.100312233 -0.14172 -0.53527 0.09142 -0.75989 0.06577 -0.05779 0.64413
1468940660.180443287 -0.14816 -0.52554 0.09683 -0.75957 0.04576 -0.07358 0.64462
1468940660.300639391 -0.18877 -0.51440 0.11040 -0.75137 0.01903 -0.02231 0.65923
1468940660.380769253 -0.23233 -0.51643 0.10820 -0.75398 -0.02890 0.01797 0.65601
1468940660.500965357 -0.22234 -0.50745 0.11267 -0.75147 -0.04254 0.01594 0.65820
1468940660.581096411 -0.15549 -0.50367 0.11942 -0.74503 -0.00539 -0.00763 0.66696
1468940660.701292276 -0.00509 -0.50408 0.11002 -0.75140 0.06423 -0.07882 0.65197
1468940660.781423330 0.09586 -0.51283 0.10675 -0.76254 0.12017 -0.10314 0.62726
1468940660.901619196 0.11807 -0.48517 0.13187 -0.75352 -0.05704 -0.29229 0.58610
1468940660.981750250 0.08823 -0.44583 0.16663 -0.58691 -0.32549 -0.51872 0.52964
1468940661.101946354 0.09049 -0.41019 0.23750 -0.54270 -0.37370 -0.50791 0.55484
1468940661.182077408 0.11023 -0.39787 0.25809 -0.68472 -0.19077 -0.24950 0.65765
1468940661.302273273 0.13499 -0.39718 0.22835 -0.68385 0.16989 0.14923 0.69370
1468940661.382404327 0.10755 -0.38965 0.20380 -0.65440 0.24680 0.19511 0.68759
1468940661.502600193 0.00789 -0.35264 0.24095 -0.72947 0.08610 0.05969 0.67594
1468940661.582730293 -0.07462 -0.31717 0.28991 -0.72041 -0.13133 -0.23334 0.63977
1468940661.702926397 -0.19161 -0.27120 0.36473 -0.64063 -0.24893 -0.34186 0.64090
1468940661.783057213 -0.24641 -0.24127 0.40159 -0.69176 -0.23028 -0.26302 0.63187
1468940661.903253317 -0.27572 -0.23221 0.43642 -0.77117 -0.12928 -0.03899 0.62214
1468940661.983384371 -0.27705 -0.28097 0.43075 -0.64513 -0.10417 0.02413 0.75655
1468940662.103580236 -0.25927 -0.35497 0.31929 -0.56154 0.00201 -0.00665 0.82742
1468940662.183711290 -0.24324 -0.38173 0.18567 -0.62748 0.03171 0.06679 0.77511
1468940662.303907394 -0.23191 -0.39754 -0.04300 -0.74857 0.00014 0.00498 0.66304
1468940662.384038210 -0.23246 -0.41084 -0.06139 -0.79248 -0.00618 0.00637 0.60984
1468940662.504234314 -0.22280 -0.38426 0.12897 -0.71298 -0.04324 -0.00138 0.69985
1468940662.584365368 -0.22300 -0.39928 0.26017 -0.65691 -0.06136 0.01035 0.75140
1468940662.704561234 -0.18575 -0.40914 0.27058 -0.63722 -0.07174 -0.03164 0.76668
1468940662.784691334 -0.14625 -0.40268 0.12864 -0.70531 -0.03912 -0.03100 0.70714
1468940662.904888391 -0.06485 -0.40202 0.02309 -0.78703 -0.00489 -0.04452 0.61529
1468940662.985018253 -0.02140 -0.40807 0.12728 -0.74678 -0.01530 -0.03604 0.66392
1468940663.105214357 0.05572 -0.42421 0.23117 -0.65975 -0.02617 -0.06983 0.74778
1468940663.185345411 0.10765 -0.42029 0.15064 -0.70017 -0.01253 -0.07993 0.70938
1468940663.305541277 0.18028 -0.41552 -0.01841 -0.81409 0.00197 -0.08854 0.57394
1468940663.385672331 0.22683 -0.42021 0.06662 -0.74946 0.03301 -0.03925 0.66006
1468940663.505868196 0.29097 -0.40589 0.16979 -0.70752 0.01537 -0.04623 0.70501
1468940663.585999250 0.31694 -0.40299 0.10083 -0.74680 0.02319 -0.04397 0.66318
1468940663.706195354 0.38231 -0.43319 0.02884 -0.82916 0.03861 -0.00395 0.55766
1468940663.786326408 0.43585 -0.43185 0.14067 -0.81444 0.01136 0.00008 0.58013
1468940663.906522274 0.48988 -0.39664 0.34848 -0.81582 -0.03654 -0.10262 0.56796
1468940663.986652374 0.43951 -0.37120 0.46139 -0.82068 -0.07901 -0.21805 0.52220
1468940664.106848240 0.38245 -0.36608 0.57900 -0.78635 -0.09871 -0.27474 0.54446
1468940664.186979294 0.35602 -0.35832 0.64016 -0.77737 -0.09357 -0.30280 0.54337
1468940664.307175398 0.30395 -0.36970 0.70330 -0.78348 -0.08424 -0.25792 0.55906
1468940664.387306213 0.27322 -0.36821 0.69918 -0.79339 -0.09403 -0.22201 0.55892
1468940664.507502317 0.24387 -0.36182 0.60609 -0.80854 -0.10620 -0.19349 0.54547
1468940664.587633371 0.23896 -0.36986 0.48393 -0.80433 -0.10890 -0.15822 0.56228
1468940664.707829237 0.24062 -0.41025 0.23770 -0.75404 -0.05953 -0.11882 0.64324
1468940664.787960291 0.22281 -0.44502 0.05832 -0.73443 -0.01660 -0.11429 0.66878
1468940664.908156395 0.14912 -0.49275 -0.14893 -0.76682 0.06236 -0.07309 0.63463
1468940664.988287210 0.06150 -0.50053 -0.20231 -0.77174 0.06948 -0.05336 0.62988
1468940665.108483315 -0.08115 -0.46015 -0.16466 -0.75259 0.01619 -0.02523 0.65781
1468940665.188613415 -0.15458 -0.41442 -0.07345 -0.75031 -0.02873 -0.00170 0.66046
1468940665.308809280 -0.22945 -0.36295 0.12758 -0.73994 -0.10200 -0.01214 0.66479
1468940665.388940334 -0.26260 -0.34894 0.27465 -0.71810 -0.14242 -0.03161 0.68047
1468940665.509136200 -0.29840 -0.35179 0.44761 -0.67057 -0.17038 -0.07078 0.71854
1468940665.589267254 -0.31173 -0.35560 0.49226 -0.68343 -0.16572 -0.08711 0.70560
1468940665.709463358 -0.29886 -0.35149 0.41768 -0.72403 -0.13010 -0.08446 0.67210
1468940665.789594412 -0.26441 -0.34582 0.27734 -0.75597 -0.08532 -0.05364 0.64680
1468940665.909790277 -0.20306 -0.36867 0.02906 -0.80917 -0.02136 -0.03638 0.58605
1468940665.989921331 -0.18052 -0.39214 -0.03542 -0.83447 0.01362 -0.00637 0.55085
1468940666.110117197 -0.16653 -0.39576 0.05815 -0.77316 -0.00875 -0.01816 0.63389
1468940666.190248251 -0.16442 -0.39866 0.10958 -0.74188 -0.02206 -0.02860 0.66955
1468940666.310444355 -0.18767 -0.40597 0.06894 -0.73890 -0.05905 0.01863 0.67096
1468940666.390574217 -0.17736 -0.42971 0.04596 -0.74556 -0.08128 0.04908 0.65964
1468940666.510770321 -0.00018 -0.42404 0.06235 -0.73397 0.01500 -0.01395 0.67887
1468940666.590901375 0.12430 -0.41955 0.07797 -0.73008 0.06754 -0.06676 0.67673
1468940666.711097240 0.21492 -0.41422 0.06874 -0.73381 0.07925 -0.12249 0.66351
1468940666.791228294 0.18548 -0.39573 0.04341 -0.74176 0.06067 -0.09209 0.66154
1468940666.911424398 0.07798 -0.38310 0.00709 -0.76195 -0.05371 -0.00405 0.64539
1468940666.991555214 0.09176 -0.37984 0.03864 -0.76553 -0.05555 0.03312 0.64014
1468940667.111751318 0.16470 -0.36380 0.17190 -0.75256 -0.12760 -0.06816 0.64244
1468940667.191882372 0.18819 -0.35650 0.25676 -0.71116 -0.22403 -0.22175 0.62841
1468940667.312078238 0.21978 -0.33472 0.31432 -0.66910 -0.26896 -0.31286 0.61813
1468940667.392209291 0.24975 -0.32504 0.29461 -0.71043 -0.20518 -0.25254 0.62403
1468940667.512405396 0.29183 -0.33683 0.18001 -0.72700 -0.08159 -0.17532 0.65885
1468940667.592535257 0.29664 -0.35634 0.08616 -0.73680 0.02892 -0.10970 0.66652
1468940667.712731361 0.27437 -0.37135 -0.01625 -0.75408 0.09615 -0.10123 0.64178
1468940667.792862415 0.27716 -0.36565 -0.03707 -0.75174 0.11513 -0.13038 0.63610
1468940667.913058281 0.30633 -0.33266 -0.00982 -0.72439 0.14534 -0.18671 0.64752
1468940667.993189335 0.32872 -0.29155 0.02568 -0.70479 0.14663 -0.20840 0.66207
1468940668.113385201 0.36336 -0.20924 0.06272 -0.70186 0.12921 -0.21959 0.66519
1468940668.193516254 0.37152 -0.17043 0.06883 -0.70438 0.11757 -0.23893 0.65798
1468940668.313712358 0.35340 -0.16701 0.06145 -0.70423 0.13783 -0.23546 0.65545
1468940668.393843412 0.32041 -0.20032 0.05082 -0.70041 0.12605 -0.22734 0.66472
1468940668.514039278 0.24205 -0.26864 0.01931 -0.72524 0.08255 -0.15989 0.66456
1468940668.594170332 0.18203 -0.31134 -0.00085 -0.74825 0.06062 -0.11638 0.65031
1468940668.714366198 0.10004 -0.36706 -0.01171 -0.76644 0.04680 -0.06405 0.63739
1468940668.794496298 0.05360 -0.37960 -0.00730 -0.77371 0.02707 -0.03393 0.63205
1468940668.914692402 -0.00907 -0.33364 0.00948 -0.76030 -0.01644 -0.02165 0.64900
1468940668.994823217 -0.05550 -0.27814 0.02289 -0.74718 -0.03636 0.00260 0.66362
1468940669.115019321 -0.13379 -0.18116 0.04421 -0.72435 -0.06542 0.02775 0.68576
1468940669.195150375 -0.18472 -0.11968 0.05889 -0.72093 -0.07248 0.04637 0.68764
1468940669.315346241 -0.24623 -0.04843 0.07598 -0.71276 -0.09145 0.02435 0.69500
1468940669.395477295 -0.26608 -0.03393 0.08875 -0.71969 -0.08047 0.02670 0.68910
1468940669.515673399 -0.27643 -0.08542 0.09749 -0.71357 -0.09193 0.01886 0.69427
1468940669.595804214 -0.26988 -0.14723 0.07626 -0.71322 -0.09238 0.03596 0.69389
1468940669.716000319 -0.25386 -0.23738 -0.01685 -0.74361 -0.09059 0.05087 0.66050
1468940669.796131372 -0.23767 -0.27981 -0.10989 -0.77631 -0.06674 0.04902 0.62489
1468940669.916327238 -0.21944 -0.31857 -0.19507 -0.81598 -0.04244 0.03750 0.57531
1468940669.996457338 -0.21850 -0.32094 -0.15569 -0.81727 -0.04448 0.03307 0.57358
1468940670.116653204 -0.22282 -0.28519 0.00546 -0.78039 -0.05888 0.02772 0.62190
1468940670.196784258 -0.21346 -0.27290 0.13486 -0.74959 -0.06953 0.02251 0.65785
1468940670.316980362 -0.23118 -0.25558 0.28144 -0.74249 -0.11263 -0.04619 0.65870
1468940670.397111416 -0.24460 -0.24552 0.32250 -0.73478 -0.15099 -0.12013 0.65029
1468940670.517307281 -0.26796 -0.21622 0.28939 -0.71525 -0.24029 -0.22073 0.61803
1468940670.597438335 -0.27995 -0.18391 0.22390 -0.66814 -0.32092 -0.31857 0.59086
1468940670.717634201 -0.28776 -0.11270 0.11578 -0.60600 -0.41051 -0.38743 0.56048
1468940670.797765255 -0.28923 -0.05889 0.05472 -0.58386 -0.46714 -0.38950 0.53775
1468940670.917961359 -0.28621 0.00953 -0.02225 -0.52904 -0.51885 -0.41341 0.52914
1468940670.998092413 -0.26812 0.03615 -0.06338 -0.54350 -0.50125 -0.40267 0.53964
1468940671.118288279 -0.22880 0.01837 -0.12003 -0.58675 -0.43876 -0.35241 0.58225
1468940671.198418379 -0.18648 -0.02282 -0.14669 -0.63627 -0.36374 -0.28547 0.61754
1468940671.318614244 -0.11259 -0.12594 -0.18541 -0.67186 -0.26654 -0.21698 0.65611
1468940671.398745298 -0.07346 -0.22177 -0.20806 -0.70675 -0.18689 -0.15970 0.66338
1468940671.518941402 0.00090 -0.33254 -0.22220 -0.77523 0.02317 -0.03618 0.63022
1468940671.599072218 0.05071 -0.37660 -0.21702 -0.77569 0.16459 0.03938 0.60800
1468940671.719268322 0.12557 -0.37126 -0.19098 -0.71912 0.33065 0.15665 0.59076
1468940671.799399376 0.16309 -0.33064 -0.16200 -0.66892 0.37242 0.17927 0.61783
1468940671.919595242 0.20542 -0.24294 -0.12550 -0.61445 0.41642 0.21175 0.63577
1468940671.999726295 0.23603 -0.17960 -0.10644 -0.60165 0.42087 0.21327 0.64452
1468940672.119922400 0.27855 -0.09195 -0.07057 -0.59528 0.42500 0.22793 0.64270
1468940672.200053215 0.30373 -0.03304 -0.06157 -0.58947 0.44601 0.24333 0.62801
1468940672.320249319 0.31933 0.02450 -0.05986 -0.60524 0.43590 0.22872 0.62559
1468940672.400379419 0.31689 0.01750 -0.05345 -0.61951 0.40345 0.21509 0.63811
1468940672.520575285 0.29832 -0.04998 -0.04752 -0.65128 0.34873 0.17966 0.64958
1468940672.600706339 0.27463 -0.12022 -0.04618 -0.67451 0.29027 0.11750 0.66856
1468940672.720902205 0.22622 -0.24001 -0.05273 -0.71134 0.19091 0.03604 0.67547
1468940672.801033258 0.18715 -0.31449 -0.06684 -0.73772 0.14545 0.01149 0.65915
1468940672.921229362 0.11854 -0.40441 -0.10291 -0.76932 0.07411 -0.06460 0.63125
1468940673.001360416 0.07543 -0.43756 -0.12572 -0.80298 0.06067 -0.06225 0.58963
1468940673.121556282 0.03283 -0.44582 -0.04391 -0.78908 0.03826 -0.03944 0.61182
1468940673.201687336 0.01990 -0.43576 0.06441 -0.77816 0.00820 -0.04866 0.62613
1468940673.321883202 0.00998 -0.42080 0.22819 -0.76532 -0.01266 -0.08264 0.63820
1468940673.402014256 0.00888 -0.40951 0.30731 -0.74872 -0.01363 -0.09745 0.65554
1468940673.522210360 0.01280 -0.37817 0.33245 -0.74741 -0.01418 -0.09692 0.65710
1468940673.602340221 0.01735 -0.34511 0.27258 -0.77692 -0.01556 -0.09901 0.62157
1468940673.722537279 0.02011 -0.32735 0.10299 -0.77331 -0.01627 -0.08627 0.62792
1468940673.802667379 0.02327 -0.34711 -0.02266 -0.77365 -0.00111 -0.07653 0.62898
1468940673.922863245 0.02828 -0.38619 -0.16315 -0.79733 0.03459 -0.04789 0.60065
1468940674.002994299 0.04281 -0.38507 -0.18225 -0.81984 0.04469 -0.02928 0.57009
1468940674.123190403 0.11109 -0.33378 -0.08929 -0.81861 0.04007 -0.03399 0.57194
1468940674.203321218 0.16031 -0.28372 0.01360 -0.80902 0.01363 -0.06840 0.58363
1468940674.323517323 0.20732 -0.19061 0.16560 -0.80770 -0.00739 -0.08260 0.58373
1468940674.403648376 0.20809 -0.11474 0.23760 -0.78591 -0.03935 -0.10138 0.60871
1468940674.523844242 0.18423 0.02049 0.28371 -0.75728 -0.05436 -0.10582 0.64216
1468940674.603975296 0.16430 0.09656 0.27773 -0.75143 -0.04073 -0.10319 0.65042
1468940674.724171400 0.13067 0.10170 0.26462 -0.75635 -0.01743 -0.04736 0.65222
1468940674.804301262 0.11900 0.03670 0.24768 -0.74534 -0.02584 -0.03289 0.66537
1468940674.924497366 0.12731 -0.10897 0.19990 -0.72852 -0.01786 0.04000 0.68362
1468940675.004628420 0.13008 -0.20588 0.13807 -0.71007 -0.02272 0.03013 0.70312
1468940675.124824286 0.13428 -0.30772 -0.00779 -0.70379 -0.01758 0.01904 0.70993
1468940675.204955339 0.14640 -0.34856 -0.13342 -0.73036 0.01084 0.01145 0.68288
1468940675.325151205 0.17798 -0.39727 -0.29658 -0.71150 0.08638 -0.00888 0.69730
1468940675.405282259 0.18818 -0.41932 -0.36432 -0.68693 0.11257 -0.02231 0.71761
1468940675.525478363 0.17846 -0.43216 -0.43105 -0.66483 0.12153 -0.02318 0.73668
1468940675.605609417 0.16496 -0.42744 -0.45062 -0.66146 0.12555 -0.01823 0.73917
1468940675.725805283 0.14042 -0.39800 -0.41057 -0.67925 0.11491 -0.00558 0.72483
1468940675.805936337 0.12828 -0.36565 -0.33391 -0.71576 0.10064 0.00287 0.69105
1468940675.926132202 0.11341 -0.31580 -0.15703 -0.74217 0.07897 0.00102 0.66554
1468940676.006262302 0.09874 -0.28576 -0.01649 -0.76087 0.04159 0.00496 0.64755
1468940676.126458406 0.07221 -0.23449 0.18357 -0.80080 -0.02762 0.00539 0.59827
1468940676.206589222 0.04776 -0.19172 0.29755 -0.80980 -0.05706 -0.02300 0.58347
1468940676.326785326 0.00731 -0.12006 0.42294 -0.80394 -0.09613 -0.03093 0.58607
1468940676.406916380 -0.02203 -0.06924 0.47901 -0.79127 -0.11577 -0.01979 0.60009
1468940676.527112246 -0.06621 -0.00662 0.50486 -0.75285 -0.14406 0.00389 0.64222
1468940676.607243299 -0.09058 0.02305 0.46837 -0.74361 -0.14473 0.00627 0.65273
1468940676.727439404 -0.11200 0.03907 0.34679 -0.73861 -0.14199 0.02161 0.65866
1468940676.807570219 -0.11269 0.02702 0.23013 -0.73463 -0.12987 0.03821 0.66482
1468940676.927766323 -0.09836 -0.01159 0.01776 -0.73501 -0.07448 0.06107 0.67118
1468940677.007897377 -0.08695 -0.05273 -0.12847 -0.74594 -0.04515 0.06582 0.66121
1468940677.128093243 -0.07378 -0.14412 -0.28420 -0.80054 -0.02053 0.05386 0.59650
1468940677.208223343 -0.06484 -0.19183 -0.27906 -0.80107 -0.00423 0.06382 0.59515
1468940677.328419209 -0.04705 -0.22010 -0.17049 -0.75930 -0.00910 0.05159 0.64862
1468940677.408550262 -0.03690 -0.24014 -0.09765 -0.73609 -0.01760 0.05583 0.67435
1468940677.528746367 -0.01543 -0.28934 -0.09105 -0.72919 -0.02295 0.03136 0.68320
1468940677.608877420 0.00688 -0.34087 -0.13912 -0.76225 -0.00035 0.01652 0.64707
1468940677.729073286 0.07484 -0.38249 -0.10053 -0.78792 0.02322 0.01646 0.61513
1468940677.809204340 0.13914 -0.37266 0.00191 -0.77137 0.03880 -0.00426 0.63519
1468940677.929400206 0.22530 -0.34550 0.17881 -0.77970 0.04466 -0.02049 0.62422
1468940678.009531260 0.27054 -0.32614 0.27725 -0.77849 0.03024 -0.06044 0.62401
1468940678.129727364 0.30607 -0.30306 0.36598 -0.79500 0.00769 -0.12178 0.59422
1468940678.209858418 0.31549 -0.28499 0.37589 -0.78281 -0.00238 -0.14396 0.60537
1468940678.330054283 0.31841 -0.25031 0.27895 -0.77874 -0.00655 -0.11179 0.61727
1468940678.410184383 0.31021 -0.24430 0.14881 -0.73720 0.00507 -0.07866 0.67106
1468940678.530380249 0.29786 -0.27328 -0.09867 -0.71405 0.05939 -0.03128 0.69687
1468940678.610511303 0.29449 -0.31688 -0.25504 -0.74113 0.06782 -0.00861 0.66787
1468940678.730707407 0.30182 -0.37056 -0.38171 -0.78566 0.11471 -0.02611 0.60737
1468940678.810838223 0.30040 -0.36619 -0.35149 -0.78240 0.11580 -0.02249 0.61150
1468940678.931034327 0.29813 -0.30019 -0.17827 -0.75621 0.08705 -0.03058 0.64780
1468940679.011165380 0.29075 -0.25476 -0.01334 -0.73743 0.05923 -0.02242 0.67245
1468940679.131832361 0.24654 -0.24233 0.23885 -0.71925 -0.01550 -0.08110 0.68983
1468940679.211963415 0.19698 -0.24892 0.35781 -0.74207 -0.04496 -0.12638 0.65676
1468940679.332159281 0.10373 -0.24612 0.42067 -0.72877 -0.11674 -0.24798 0.62752
1468940679.412290335 0.02865 -0.24137 0.38365 -0.65322 -0.25780 -0.37837 0.60306
1468940679.532486200 -0.07602 -0.24568 0.25730 -0.62265 -0.32604 -0.38979 0.59503
1468940679.612616301 -0.12524 -0.25353 0.16007 -0.67304 -0.29617 -0.29535 0.60998
1468940679.732813358 -0.18905 -0.29133 0.05620 -0.76307 -0.12661 -0.05130 0.63171
1468940679.812943220 -0.22177 -0.30924 0.05941 -0.76404 -0.03955 0.05442 0.64165
1468940679.933139324 -0.21862 -0.31472 0.15503 -0.72330 0.08130 0.18566 0.66012
1468940680.013270378 -0.18646 -0.31341 0.21590 -0.68324 0.14561 0.26858 0.66321
1468940680.133466244 -0.12585 -0.29391 0.19672 -0.66989 0.23415 0.32261 0.62637
1468940680.213597298 -0.08345 -0.27439 0.09523 -0.70988 0.27089 0.31128 0.57078
1468940680.333793402 -0.00551 -0.28576 -0.08115 -0.79884 0.22825 0.15815 0.53362
1468940680.413924217 0.06011 -0.29578 -0.12210 -0.81799 0.17717 0.08161 0.54115
1468940680.534120321 0.14902 -0.24950 -0.02702 -0.82051 0.09195 0.00538 0.56416
1468940680.614251375 0.18259 -0.20201 0.09387 -0.81601 0.05061 -0.02116 0.57543
1468940680.734447241 0.21883 -0.14661 0.26363 -0.79089 0.00650 -0.05651 0.60931
1468940680.814577341 0.23805 -0.12828 0.34573 -0.76446 0.00228 -0.04925 0.64279
1468940680.934774399 0.25023 -0.12905 0.35156 -0.73915 0.00090 -0.03898 0.67241
1468940681.014904261 0.24929 -0.10788 0.24429 -0.75828 -0.01014 -0.04908 0.65000
1468940681.135622263 0.24110 -0.10560 0.00398 -0.79829 -0.01299 -0.05944 0.59919
1468940681.215753317 0.21911 -0.13257 -0.08790 -0.83788 -0.00693 -0.03818 0.54447
1468940681.335949421 0.16890 -0.11353 -0.00342 -0.81529 -0.04051 0.01305 0.57749
1468940681.416080236 0.14328 -0.09610 0.14069 -0.75729 -0.05263 0.02872 0.65033
1468940681.536276340 0.09394 -0.09617 0.30519 -0.72837 -0.07917 0.04869 0.67886
1468940681.616406202 0.04959 -0.09567 0.32511 -0.73641 -0.10545 0.04287 0.66689
1468940681.736602306 -0.01623 -0.09067 0.19820 -0.76779 -0.11468 0.03069 0.62960
1468940681.816733360 -0.04195 -0.11090 0.04468 -0.77306 -0.08023 0.03044 0.62850
1468940681.936929226 -0.07367 -0.17634 -0.11027 -0.80807 -0.03031 0.02792 0.58764
1468940682.017060280 -0.10115 -0.19311 -0.10088 -0.81394 -0.02184 0.03837 0.57926
1468940682.137256384 -0.10728 -0.17718 0.07379 -0.73104 0.00519 0.05553 0.68005
