1540821824.370765924 0.01057 -0.02182 0.09166 -0.65528 0.00479 -0.02673 0.75489
1540821824.462821007 0.01517 -0.02827 0.12335 -0.66118 0.00164 -0.02996 0.74963
1540821824.555202007 0.02088 -0.02865 0.15014 -0.66509 -0.00046 -0.03292 0.74604
1540821824.647866964 0.02724 -0.01441 0.17267 -0.66539 0.00093 -0.04068 0.74539
1540821824.740890026 0.02651 0.01976 0.19194 -0.66343 -0.00978 -0.04347 0.74691
1540821824.834393978 0.01992 0.05043 0.20595 -0.65945 -0.02390 -0.04261 0.75016
1540821824.928534985 0.00950 0.05966 0.21212 -0.65840 -0.04180 -0.03539 0.75067
1540821825.023189068 0.00248 0.04295 0.20832 -0.67140 -0.04779 -0.02805 0.73902
1540821825.118050098 0.00342 0.00178 0.20180 -0.68510 -0.03013 -0.03656 0.72691
1540821825.212790966 0.00778 -0.05036 0.19346 -0.70684 -0.01051 -0.05133 0.70543
1540821825.330570936 0.01138 -0.10104 0.18729 -0.72716 0.01119 -0.06358 0.68342
1540821825.424103975 0.01028 -0.10659 0.18825 -0.72872 0.01997 -0.07027 0.68090
1540821825.517112017 0.00509 -0.07698 0.19016 -0.72572 0.01446 -0.06785 0.68448
1540821825.609857082 -0.00144 -0.02716 0.19439 -0.71093 0.00065 -0.05343 0.70123
1540821825.702609062 -0.00936 0.02231 0.20066 -0.69338 -0.01781 -0.03315 0.71959
1540821825.795686960 -0.01843 0.05791 0.20259 -0.68725 -0.03465 -0.01476 0.72545
1540821825.889199018 -0.02443 0.06802 0.19835 -0.68984 -0.03923 -0.00533 0.72288
1540821825.983019114 -0.02500 0.05255 0.19186 -0.69847 -0.02926 -0.00593 0.71502
1540821826.076941013 -0.02487 0.02559 0.18709 -0.70792 -0.01706 -0.01272 0.70597
1540821826.170769930 -0.01769 0.00183 0.18390 -0.71683 -0.00589 -0.01970 0.69694
1540821826.264395952 0.00530 -0.01431 0.18320 -0.72255 0.00337 -0.02638 0.69080
1540821826.357819080 0.03969 -0.02209 0.18946 -0.71841 0.00203 -0.03869 0.69454
1540821826.451133966 0.07418 -0.02206 0.19749 -0.71509 0.00051 -0.04738 0.69742
1540821826.567883015 0.09125 -0.01594 0.20987 -0.70532 -0.00503 -0.05165 0.70698
1540821826.661539078 0.07515 -0.01071 0.21217 -0.70728 -0.01423 -0.04944 0.70505
1540821826.755486012 0.04115 -0.00862 0.20688 -0.70562 -0.01056 -0.04203 0.70726
1540821826.849576950 0.00124 -0.00919 0.19688 -0.70518 -0.00287 -0.03407 0.70821
1540821826.943691015 -0.02755 -0.01169 0.18358 -0.70949 0.00127 -0.02418 0.70430
1540821827.037655115 -0.02979 -0.01583 0.17173 -0.71343 0.01214 -0.01498 0.70046
1540821827.131360054 -0.00826 -0.01933 0.16878 -0.71207 0.02166 -0.01317 0.70165
1540821827.224859953 0.02769 -0.02133 0.17637 -0.71265 0.01657 -0.02867 0.70074
1540821827.318260908 0.06332 -0.02152 0.19083 -0.70714 0.01193 -0.04558 0.70551
1540821827.411736012 0.07842 -0.01842 0.20464 -0.70132 0.00223 -0.05324 0.71085
1540821827.505474091 0.06669 -0.01357 0.20940 -0.70148 -0.00895 -0.05231 0.71071
1540821827.599487066 0.03996 -0.01128 0.20224 -0.70189 -0.00902 -0.04392 0.71087
1540821827.693632126 0.01715 -0.01180 0.18763 -0.69938 0.00407 -0.03064 0.71408
1540821827.787784100 0.00622 -0.01335 0.17342 -0.70370 0.01256 -0.01993 0.71011
1540821827.881802082 0.00411 -0.01190 0.16862 -0.70429 0.01666 -0.01158 0.70962
1540821827.975647926 0.00516 -0.00871 0.17484 -0.70340 0.01332 -0.01275 0.71056
1540821828.069389105 0.00605 -0.00638 0.19031 -0.70024 0.01066 -0.01184 0.71373
1540821828.186599970 0.01028 -0.00704 0.22639 -0.69411 0.00896 -0.01484 0.71966
1540821828.280664921 0.01530 -0.01023 0.26498 -0.69422 0.00288 -0.02215 0.71942
1540821828.375117064 0.02259 -0.01354 0.30323 -0.69275 -0.00147 -0.03153 0.72049
1540821828.470021009 0.02883 -0.01651 0.33024 -0.70066 -0.01035 -0.04741 0.71184
1540821828.565283060 0.03072 -0.01592 0.33823 -0.70422 -0.02626 -0.07015 0.70602
1540821828.660696030 0.02741 -0.01181 0.31819 -0.69976 -0.02940 -0.06914 0.71042
1540821828.756196976 0.02189 -0.00843 0.27292 -0.70794 -0.01802 -0.05239 0.70410
1540821828.851602077 0.01395 -0.00629 0.22049 -0.71700 0.01040 -0.02846 0.69642
1540821828.946582079 0.00447 -0.00636 0.17834 -0.71543 0.04088 0.00272 0.69748
1540821829.040991068 -0.00249 -0.00747 0.15899 -0.71235 0.05686 0.02306 0.69914
1540821829.134942055 -0.00308 -0.01113 0.16708 -0.71419 0.05483 0.02238 0.69745
1540821829.228543043 0.00095 -0.01720 0.20181 -0.71368 0.03596 0.00050 0.69955
1540821829.322025061 0.00634 -0.02218 0.24682 -0.71155 0.01843 -0.02856 0.70181
1540821829.415662050 0.01129 -0.02304 0.28164 -0.70108 0.00415 -0.05053 0.71128
1540821829.509710073 0.01226 -0.01476 0.28875 -0.69790 -0.00732 -0.05888 0.71373
1540821829.604190111 0.00306 -0.00486 0.26529 -0.70554 -0.00543 -0.04106 0.70746
1540821829.698926926 -0.01926 -0.00848 0.23066 -0.71638 0.00307 -0.01142 0.69761
1540821829.793523073 -0.03849 -0.03339 0.20294 -0.72691 0.02718 0.00443 0.68618
1540821829.887629986 -0.03671 -0.07652 0.18912 -0.73508 0.05612 -0.00309 0.67565
1540821829.981240988 -0.01161 -0.11921 0.19138 -0.74058 0.07627 -0.02346 0.66721
1540821830.074331999 0.02766 -0.13677 0.20993 -0.74024 0.06789 -0.05162 0.66692
1540821830.167114973 0.06184 -0.11674 0.23700 -0.72954 0.04307 -0.06967 0.67901
1540821830.259815931 0.07418 -0.06811 0.26150 -0.71314 0.00663 -0.07363 0.69711
1540821830.376137018 0.05045 0.00154 0.27275 -0.69786 -0.04040 -0.03832 0.71406
1540821830.469746113 0.00857 0.03945 0.26532 -0.68822 -0.06382 0.00749 0.72265
1540821830.563926935 -0.03390 0.04712 0.24810 -0.68970 -0.06629 0.04162 0.71986
1540821830.658412933 -0.06132 0.02450 0.22963 -0.70228 -0.04890 0.05687 0.70793
1540821830.752844095 -0.06436 -0.01646 0.21482 -0.71895 -0.01872 0.04576 0.69330
1540821830.846987009 -0.04394 -0.05517 0.20734 -0.72843 0.01062 0.02424 0.68461
1540821830.940782070 -0.00918 -0.07607 0.20808 -0.73510 0.02246 -0.00287 0.67758
1540821831.034173012 0.02015 -0.07680 0.21813 -0.72988 0.02070 -0.02219 0.68290
1540821831.127352953 0.02296 -0.06558 0.23438 -0.72177 0.01474 -0.02703 0.69145
1540821831.220530987 -0.00020 -0.05306 0.25420 -0.71563 0.01264 -0.01782 0.69813
1540821831.313900948 -0.02922 -0.04167 0.27975 -0.71349 0.00858 0.00050 0.70061
1540821831.407607079 -0.04362 -0.03523 0.30983 -0.72275 -0.00125 0.01325 0.69098
1540821831.501580954 -0.03307 -0.03454 0.34875 -0.72059 -0.02834 -0.01092 0.69270
1540821831.595787048 0.00079 -0.03696 0.37780 -0.71745 -0.04838 -0.05418 0.69281
1540821831.690232038 0.04329 -0.04194 0.38503 -0.71478 -0.05488 -0.08469 0.69204
1540821831.784871101 0.07316 -0.04348 0.36793 -0.70763 -0.05910 -0.09639 0.69748
1540821831.879686117 0.08012 -0.04182 0.32531 -0.70811 -0.03925 -0.08300 0.70011
1540821831.974560022 0.06143 -0.03864 0.27108 -0.71264 -0.01239 -0.05213 0.69948
1540821832.069334984 0.02446 -0.03651 0.22347 -0.71395 0.02508 -0.00643 0.69971
1540821832.187453032 -0.03055 -0.03647 0.19502 -0.71226 0.05019 0.03818 0.69908
1540821832.281621933 -0.06600 -0.03863 0.20041 -0.71115 0.05633 0.06378 0.69787
1540821832.375591040 -0.07996 -0.04470 0.23098 -0.71536 0.04486 0.05621 0.69504
1540821832.469532967 -0.06809 -0.05199 0.27827 -0.72127 0.01597 0.01056 0.69238
1540821832.563549042 -0.04013 -0.05659 0.31730 -0.72876 -0.00576 -0.02611 0.68425
1540821832.657599926 -0.00258 -0.05659 0.33991 -0.72194 -0.02418 -0.05695 0.68918
1540821832.751740932 0.03164 -0.05280 0.34040 -0.71698 -0.02800 -0.07031 0.69298
1540821832.846053123 0.04849 -0.04510 0.32269 -0.71388 -0.02702 -0.06603 0.69663
1540821832.940473080 0.04553 -0.03424 0.29144 -0.71064 -0.02306 -0.04727 0.70159
1540821833.034969091 0.03140 -0.02353 0.25098 -0.71324 -0.00917 -0.02214 0.70051
1540821833.129430056 0.01472 -0.01767 0.21293 -0.71136 0.00900 0.00166 0.70277
1540821833.223717928 -0.00239 -0.01891 0.18091 -0.71283 0.02210 0.02563 0.70052
1540821833.317692041 -0.01381 -0.03730 0.15940 -0.71622 0.04499 0.03350 0.69562
1540821833.411264896 -0.01842 -0.07729 0.15309 -0.72124 0.07771 0.01614 0.68812
1540821833.504452944 -0.01634 -0.13049 0.16415 -0.72321 0.11119 -0.01259 0.68150
1540821833.597382069 -0.00820 -0.18138 0.19508 -0.72362 0.13023 -0.05549 0.67552
1540821833.690079927 0.00357 -0.21979 0.24162 -0.71970 0.14273 -0.09752 0.67243
1540821833.805628061 0.02176 -0.24085 0.31625 -0.71333 0.12949 -0.14517 0.67329
1540821833.897951126 0.03475 -0.23163 0.37802 -0.70762 0.09706 -0.17559 0.67751
1540821833.990425110 0.04434 -0.20010 0.42974 -0.69501 0.05959 -0.19473 0.68956
1540821834.083476067 0.04894 -0.15212 0.45990 -0.68223 0.01755 -0.19822 0.70354
1540821834.177448988 0.04725 -0.09631 0.46036 -0.67592 -0.03012 -0.17644 0.71490
1540821834.272512913 0.04367 -0.04880 0.43142 -0.68020 -0.05539 -0.13881 0.71763
1540821834.368573904 0.03398 -0.01837 0.38713 -0.68244 -0.05787 -0.09683 0.72219
1540821834.465070009 0.01927 -0.00643 0.33733 -0.68814 -0.04392 -0.06374 0.72144
1540821834.561638117 0.00176 -0.01410 0.28739 -0.70389 -0.02296 -0.03924 0.70885
1540821834.657893896 -0.01056 -0.03951 0.24601 -0.71699 0.01237 -0.02288 0.69660
1540821834.753501892 -0.01600 -0.08074 0.22264 -0.72582 0.05343 -0.02469 0.68536
1540821834.848315001 -0.01687 -0.13092 0.22060 -0.73111 0.09360 -0.04048 0.67459
1540821834.942456007 -0.01336 -0.18267 0.24140 -0.73041 0.12049 -0.07072 0.66857
1540821835.036026001 -0.00657 -0.22183 0.27911 -0.73696 0.12611 -0.10573 0.65560
1540821835.129067898 0.00301 -0.23950 0.32755 -0.74574 0.11480 -0.14104 0.64094
1540821835.221642017 0.01235 -0.23484 0.37762 -0.74459 0.09050 -0.16729 0.63985
1540821835.313995123 0.02210 -0.21465 0.41440 -0.73612 0.06569 -0.18208 0.64859
1540821835.406461954 0.02988 -0.18331 0.43024 -0.72213 0.03414 -0.18745 0.66500
1540821835.499413967 0.03312 -0.14955 0.41737 -0.71431 0.00355 -0.17430 0.67776
1540821835.616533995 0.03408 -0.11256 0.36643 -0.70775 -0.01207 -0.14124 0.69210
1540821835.710793972 0.03236 -0.09248 0.31285 -0.70615 0.00123 -0.11231 0.69910
1540821835.805308104 0.02810 -0.08204 0.26411 -0.70792 0.01239 -0.09296 0.70004
1540821835.899904013 0.02528 -0.07876 0.22772 -0.70815 0.01665 -0.08895 0.70024
1540821835.994403124 0.02544 -0.07962 0.19985 -0.70956 0.01469 -0.09695 0.69779
1540821836.088697910 0.02590 -0.08062 0.17447 -0.71325 0.01295 -0.09951 0.69369
1540821836.182651043 0.02626 -0.08424 0.15223 -0.71211 0.01050 -0.09789 0.69513
1540821836.276179075 0.02801 -0.08830 0.13316 -0.70958 0.01265 -0.10221 0.69706
1540821836.369369030 0.02894 -0.09139 0.11666 -0.70685 0.01732 -0.10524 0.69927
1540821836.462305069 0.02901 -0.09445 0.10018 -0.71098 0.02224 -0.10251 0.69534
1540821836.554980993 0.02812 -0.09772 0.08641 -0.71333 0.02747 -0.09827 0.69336
1540821836.647381067 0.02798 -0.10248 0.07519 -0.71258 0.02825 -0.09524 0.69453
1540821836.739542961 0.02863 -0.10367 0.06262 -0.71100 0.03578 -0.08735 0.69682
1540821836.831525087 0.02922 -0.10419 0.05113 -0.71020 0.04417 -0.08243 0.69776
1540821836.946270943 0.02884 -0.10536 0.04119 -0.70794 0.04770 -0.07711 0.70043
1540821837.037939072 0.02847 -0.10436 0.03468 -0.70953 0.04888 -0.07096 0.69939
1540821837.129487038 0.02843 -0.10395 0.02942 -0.70997 0.05023 -0.06597 0.69934
1540821837.220921040 0.02879 -0.10474 0.02477 -0.70927 0.05334 -0.06280 0.70010
1540821837.312254906 0.02861 -0.10538 0.02052 -0.70761 0.05641 -0.05905 0.70187
1540821837.403527975 0.02883 -0.10569 0.01537 -0.70867 0.05944 -0.05503 0.70087
1540821837.517537117 0.02762 -0.10632 0.00994 -0.70858 0.06416 -0.05095 0.70086
1540821837.608676910 0.02694 -0.10731 0.00694 -0.70534 0.06426 -0.05277 0.70398
1540821837.699784040 0.02715 -0.10834 0.00564 -0.70365 0.06385 -0.05319 0.70567
1540821837.790894985 0.02683 -0.10895 0.00494 -0.70366 0.05994 -0.05207 0.70609
1540821837.882020950 0.02606 -0.10966 0.00371 -0.70317 0.05642 -0.05276 0.70681
1540821837.995929956 0.02468 -0.10954 0.00275 -0.70211 0.05390 -0.05522 0.70787
1540821838.087054968 0.02559 -0.10920 0.00261 -0.70201 0.05326 -0.05625 0.70794
1540821838.178189993 0.02507 -0.10884 0.00242 -0.70168 0.05296 -0.05628 0.70829
1540821838.269335985 0.02452 -0.10981 0.00210 -0.70109 0.05466 -0.05538 0.70882
1540821838.360481977 0.02404 -0.10978 0.00223 -0.69981 0.05467 -0.05566 0.71005
1540821838.451642036 0.02494 -0.10999 0.00218 -0.70014 0.05321 -0.05714 0.70972
1540821838.565603971 0.02466 -0.11004 0.00224 -0.70026 0.05349 -0.05649 0.70963
1540821838.656800985 0.02429 -0.10992 0.00229 -0.70020 0.05370 -0.05597 0.70973
1540821838.748008966 0.02456 -0.10962 0.00244 -0.69998 0.05328 -0.05641 0.70994
1540821838.839200020 0.02464 -0.10997 0.00233 -0.70013 0.05306 -0.05678 0.70978
1540821838.930330038 0.02448 -0.11010 0.00228 -0.70013 0.05327 -0.05633 0.70980
1540821839.044179916 0.02446 -0.11005 0.00253 -0.70009 0.05327 -0.05631 0.70984
1540821839.135216951 0.02455 -0.10996 0.00256 -0.69997 0.05309 -0.05658 0.70994
1540821839.226217031 0.02457 -0.11001 0.00252 -0.70001 0.05294 -0.05684 0.70990
1540821839.317198992 0.02439 -0.11012 0.00250 -0.70005 0.05301 -0.05663 0.70987
1540821839.408195972 0.02440 -0.11017 0.00253 -0.70000 0.05296 -0.05663 0.70993
1540821839.499238968 0.02449 -0.11018 0.00254 -0.69993 0.05274 -0.05686 0.70999
1540821839.613171101 0.02439 -0.11031 0.00270 -0.69992 0.05256 -0.05688 0.71002
1540821839.704389095 0.02437 -0.11041 0.00244 -0.69991 0.05247 -0.05669 0.71004
1540821839.795615911 0.02436 -0.11049 0.00253 -0.69991 0.05243 -0.05664 0.71005
1540821839.886888981 0.02437 -0.11042 0.00264 -0.69993 0.05243 -0.05684 0.71002
1540821839.978163958 0.02436 -0.11039 0.00265 -0.69995 0.05249 -0.05689 0.70999
1540821840.069391966 0.02431 -0.11038 0.00264 -0.69999 0.05253 -0.05687 0.70994
1540821840.183322906 0.02421 -0.11044 0.00286 -0.69998 0.05249 -0.05691 0.70995
1540821840.274379969 0.02429 -0.11038 0.00272 -0.69993 0.05242 -0.05695 0.71001
1540821840.365370035 0.02432 -0.11037 0.00272 -0.69989 0.05238 -0.05695 0.71005
1540821840.456305981 0.02431 -0.11037 0.00273 -0.69991 0.05240 -0.05695 0.71003
1540821840.547207117 0.02436 -0.11035 0.00270 -0.69991 0.05236 -0.05701 0.71003
1540821840.660798073 0.02431 -0.11040 0.00289 -0.69990 0.05232 -0.05706 0.71003
1540821840.797089100 0.02422 -0.11042 0.00306 -0.69991 0.05229 -0.05711 0.71002
1540821840.842519045 0.02455 -0.11023 0.00238 -0.69985 0.05230 -0.05707 0.71008
1540821840.933373928 0.02437 -0.11036 0.00279 -0.69986 0.05227 -0.05711 0.71007
1540821841.024218082 0.02436 -0.11034 0.00277 -0.69985 0.05222 -0.05714 0.71008
1540821841.137773991 0.02431 -0.11040 0.00299 -0.69985 0.05216 -0.05718 0.71009
1540821841.228614092 0.02435 -0.11034 0.00280 -0.69983 0.05215 -0.05717 0.71010
1540821841.319456100 0.02434 -0.11037 0.00290 -0.69985 0.05215 -0.05721 0.71009
1540821841.410295010 0.02433 -0.11037 0.00293 -0.69985 0.05211 -0.05725 0.71008
1540821841.501132011 0.02432 -0.11037 0.00297 -0.69986 0.05208 -0.05726 0.71007
1540821841.614682913 0.02426 -0.11045 0.00328 -0.69987 0.05207 -0.05731 0.71006
1540821841.705531120 0.02430 -0.11036 0.00302 -0.69985 0.05203 -0.05733 0.71008
1540821841.796384096 0.02430 -0.11037 0.00309 -0.69985 0.05200 -0.05734 0.71009
1540821841.887241125 0.02432 -0.11038 0.00304 -0.69982 0.05197 -0.05735 0.71011
1540821841.978095055 0.02431 -0.11035 0.00301 -0.69982 0.05197 -0.05737 0.71011
1540821842.091666937 0.02429 -0.11042 0.00327 -0.69982 0.05195 -0.05741 0.71011
1540821842.182519913 0.02431 -0.11036 0.00301 -0.69979 0.05195 -0.05739 0.71015
1540821842.273364067 0.02426 -0.11034 0.00309 -0.69979 0.05195 -0.05744 0.71014
1540821842.364203930 0.02428 -0.11037 0.00315 -0.69978 0.05191 -0.05748 0.71014
1540821842.455044985 0.02427 -0.11035 0.00314 -0.69980 0.05189 -0.05751 0.71012
1540821842.545886040 0.02425 -0.11035 0.00316 -0.69981 0.05188 -0.05755 0.71012
1540821842.659435987 0.02426 -0.11041 0.00343 -0.69983 0.05186 -0.05761 0.71009
1540821842.750271082 0.02424 -0.11034 0.00315 -0.69979 0.05185 -0.05762 0.71013
1540821842.841103077 0.02427 -0.11037 0.00326 -0.69979 0.05182 -0.05762 0.71013
1540821842.931936026 0.02426 -0.11037 0.00327 -0.69978 0.05180 -0.05764 0.71014
1540821843.022761106 0.02430 -0.11037 0.00331 -0.69979 0.05177 -0.05765 0.71013
1540821843.136287928 0.02430 -0.11044 0.00356 -0.69982 0.05176 -0.05769 0.71010
1540821843.227104902 0.02430 -0.11036 0.00332 -0.69978 0.05173 -0.05771 0.71014
1540821843.317915916 0.02431 -0.11036 0.00338 -0.69981 0.05170 -0.05772 0.71012
1540821843.408726931 0.02448 -0.11045 0.00347 -0.69987 0.05131 -0.05801 0.71006
1540821843.499530077 0.02428 -0.11039 0.00352 -0.69988 0.05123 -0.05814 0.71004
1540821843.613020897 0.02443 -0.11054 0.00364 -0.69981 0.05143 -0.05774 0.71013
1540821843.703814983 0.02434 -0.11049 0.00347 -0.69976 0.05150 -0.05778 0.71017
1540821843.794600010 0.02435 -0.11047 0.00346 -0.69980 0.05155 -0.05777 0.71013
1540821843.885389090 0.02437 -0.11049 0.00354 -0.69979 0.05146 -0.05781 0.71014
1540821843.976172924 0.02443 -0.11054 0.00360 -0.69977 0.05132 -0.05770 0.71019
1540821844.089657068 0.02444 -0.11061 0.00396 -0.69985 0.05147 -0.05787 0.71008
1540821844.180445910 0.02445 -0.11053 0.00361 -0.69974 0.05136 -0.05769 0.71021
1540821844.271230936 0.02437 -0.11053 0.00372 -0.69982 0.05143 -0.05791 0.71011
1540821844.362011909 0.02434 -0.11049 0.00367 -0.69979 0.05156 -0.05785 0.71014
1540821844.452795982 0.02440 -0.11051 0.00367 -0.69976 0.05148 -0.05780 0.71018
1540821844.566270113 0.02433 -0.11052 0.00404 -0.69979 0.05171 -0.05828 0.71009
1540821844.657051086 0.02428 -0.11050 0.00362 -0.69972 0.05134 -0.05777 0.71022
1540821844.747834921 0.02418 -0.11049 0.00384 -0.69981 0.05157 -0.05801 0.71010
1540821844.838611126 0.02425 -0.11049 0.00378 -0.69976 0.05141 -0.05795 0.71016
1540821844.929394007 0.02429 -0.11053 0.00389 -0.69973 0.05129 -0.05799 0.71020
1540821845.042869091 0.02434 -0.11066 0.00430 -0.69977 0.05126 -0.05814 0.71015
1540821845.133651018 0.02430 -0.11053 0.00394 -0.69964 0.05118 -0.05817 0.71028
1540821845.224435091 0.02428 -0.11052 0.00397 -0.69981 0.05105 -0.05826 0.71012
1540821845.315208912 0.02434 -0.11052 0.00406 -0.69990 0.05083 -0.05844 0.71003
1540821845.405981064 0.02426 -0.11051 0.00400 -0.69963 0.05099 -0.05855 0.71027
1540821845.519441128 0.02438 -0.11062 0.00440 -0.69984 0.05082 -0.05855 0.71008
1540821845.610206127 0.02429 -0.11047 0.00401 -0.69967 0.05098 -0.05858 0.71023
1540821845.700972080 0.02421 -0.11046 0.00404 -0.69981 0.05086 -0.05856 0.71011
1540821845.791736126 0.02447 -0.11058 0.00422 -0.69985 0.05023 -0.05887 0.71008
1540821845.882496119 0.02498 -0.11087 0.00772 -0.70004 0.04671 -0.06094 0.70997
1540821845.995925903 0.02423 -0.10883 0.04473 -0.70208 0.03462 -0.06857 0.70795
1540821846.086699963 0.02221 -0.10939 0.13406 -0.70553 0.02695 -0.06757 0.70494
1540821846.177709103 0.01497 -0.11254 0.28888 -0.72494 0.01903 -0.06076 0.68586
1540821846.269196033 0.00338 -0.11200 0.50697 -0.76945 0.00735 -0.03814 0.63752
1540821846.361124992 -0.00932 -0.09489 0.75789 -0.82451 0.00618 -0.00086 0.56582
1540821846.453571081 -0.01435 -0.04800 1.00881 0.86801 0.00219 -0.01846 -0.49619
1540821846.546476126 -0.01233 0.03444 1.23136 0.88307 0.01162 -0.02294 -0.46853
1540821846.663516998 -0.00455 0.17347 1.43594 0.88831 0.02195 -0.01735 -0.45838
1540821846.758145094 0.00113 0.31027 1.53323 0.88359 0.01845 -0.01920 -0.46750
1540821846.853825092 0.00583 0.46968 1.57207 0.88072 0.02303 -0.02947 -0.47216
1540821846.950587988 0.01416 0.65207 1.55572 0.88460 0.03621 -0.04232 -0.46302
1540821847.023823023 0.01985 0.81093 1.51395 0.88205 0.06165 -0.04869 -0.46456
1540821847.122268915 0.02479 1.05721 1.42630 0.87423 0.10676 -0.05682 -0.47021
1540821847.221573114 0.01708 1.34839 1.31719 0.86703 0.13124 -0.08831 -0.47248
1540821847.321598053 -0.00308 1.68654 1.19788 0.85212 0.17327 -0.12109 -0.47876
1540821847.422297001 -0.03949 2.07047 1.07514 0.82882 0.23788 -0.16134 -0.48005
1540821847.498131990 -0.08472 2.38561 0.99249 0.80850 0.28323 -0.20600 -0.47294
1540821847.599644899 -0.16989 2.84346 0.89344 0.77233 0.34999 -0.25297 -0.46586
1540821847.701452017 -0.28362 3.33692 0.82120 0.72298 0.42763 -0.28096 -0.46422
1540821847.803376913 -0.43871 3.85063 0.78341 0.67327 0.49472 -0.29624 -0.46282
1540821847.879853964 -0.58581 4.23719 0.77725 0.62545 0.55639 -0.30019 -0.45730
1540821847.981987000 -0.82742 4.72965 0.78957 0.55544 0.63762 -0.31461 -0.43121
1540821848.084613085 -1.11193 5.18805 0.81246 0.50439 0.69389 -0.34731 -0.37880
1540821848.187954903 -1.44116 5.60808 0.84618 0.45045 0.73911 -0.37396 -0.33313
1540821848.266019106 -1.71839 5.89338 0.88261 0.40494 0.76889 -0.38991 -0.30462
1540821848.370863914 -2.12849 6.22347 0.94426 0.33266 0.80794 -0.40965 -0.26221
1540821848.476527929 -2.56822 6.49243 1.00649 0.22791 0.85178 -0.41944 -0.21585
1540821848.556167126 -2.89538 6.66444 1.03758 0.14449 0.87972 -0.42092 -0.16743
1540821848.662805080 -3.33248 6.83600 1.05579 0.03078 0.90185 -0.41942 -0.09905
1540821848.742984056 -3.64828 6.91259 1.06223 -0.02587 0.90806 -0.41579 -0.04345
1540821848.850042105 -4.04376 6.92534 1.07300 -0.05886 0.91386 -0.39967 0.04077
1540821848.930453062 -4.33014 6.88654 1.08545 -0.08817 0.90999 -0.39261 0.09996
1540821849.037931919 -4.70205 6.75739 1.10509 -0.15739 0.89134 -0.39313 0.16184
1540821849.118736029 -4.94967 6.59143 1.12910 -0.22410 0.86888 -0.39286 0.20121
1540821849.226715088 -5.26045 6.31166 1.16508 -0.30104 0.83484 -0.38862 0.24777
1540821849.307826996 -5.46276 6.05989 1.19077 -0.36307 0.80405 -0.38369 0.27287
1540821849.416018009 -5.69130 5.68203 1.20853 -0.46173 0.74967 -0.37408 0.29131
1540821849.524095058 -5.86280 5.28762 1.21311 -0.55735 0.69531 -0.34005 0.30046
1540821849.604990959 -5.95577 4.99448 1.21636 -0.62424 0.65381 -0.30563 0.29908
1540821849.712558031 -5.99838 4.60925 1.22076 0.70425 -0.57965 0.27555 -0.30349
1540821849.793018103 -5.97647 4.33804 1.22171 0.74565 -0.53179 0.24756 -0.31609
1540821849.899993896 -5.86217 4.01246 1.21742 0.78189 -0.47945 0.20548 -0.34139
1540821849.980044127 -5.72942 3.80268 1.21260 0.80454 -0.44842 0.15935 -0.35531
1540821850.086684942 -5.49092 3.56615 1.19169 0.83151 -0.40946 0.07926 -0.36693
1540821850.166700125 -5.26676 3.42043 1.16616 0.84539 -0.37573 0.02359 -0.37892
1540821850.273494959 -4.88862 3.28476 1.12116 0.86159 -0.29349 -0.01152 -0.41400
1540821850.380417109 -4.44125 3.22378 1.07799 0.87658 -0.19952 -0.02903 -0.43699
1540821850.460684061 -4.08405 3.22503 1.05655 0.88432 -0.11331 -0.04448 -0.45073
1540821850.567755938 -3.59726 3.29583 1.03334 0.88626 0.02611 -0.06676 -0.45760
1540821850.648044109 -3.24057 3.38753 1.02224 0.87493 0.14346 -0.09210 -0.45325
1540821850.755146027 -2.79364 3.57227 1.00993 0.84487 0.28603 -0.12897 -0.43331
1540821850.835424900 -2.49893 3.74977 1.00802 0.82252 0.36789 -0.15762 -0.40408
1540821850.942332983 -2.17533 4.03202 1.01101 0.78196 0.47460 -0.18427 -0.35963
1540821851.022561073 -1.99962 4.26824 1.01835 0.74689 0.54758 -0.20601 -0.31603
1540821851.129831076 -1.86749 4.60221 1.02942 0.69561 0.62428 -0.24576 -0.25691
1540821851.237648010 -1.84673 4.94087 1.04239 0.62882 0.68921 -0.28834 -0.21548
1540821851.318892002 -1.90203 5.18728 1.05686 0.57203 0.73246 -0.31557 -0.19158
1540821851.427707911 -2.08020 5.49088 1.08194 0.50446 0.78004 -0.33697 -0.15331
1540821851.509670019 -2.28237 5.69104 1.10787 0.45666 0.80925 -0.34658 -0.12832
1540821851.619317055 -2.64110 5.90984 1.14807 0.38561 0.84537 -0.35619 -0.09893
1540821851.701725960 -2.96605 6.03102 1.18533 0.32788 0.87391 -0.35262 -0.06665
1540821851.784189939 -3.33541 6.09683 1.22602 0.26634 0.89920 -0.34605 -0.02731
1540821851.894119024 -3.89322 6.08221 1.27800 0.14292 0.92481 -0.35210 0.01783
1540821851.976537943 -4.33204 5.99498 1.31799 0.01787 0.93268 -0.35653 0.05179
1540821852.086267948 -4.90572 5.76823 1.37308 -0.18284 0.91283 -0.34899 0.10730
1540821852.168354988 -5.29632 5.53120 1.41843 -0.35276 0.86166 -0.33377 0.14730
1540821852.277633905 -5.73821 5.16435 1.46918 -0.56233 0.74898 -0.29844 0.18373
1540821852.359435081 -5.99879 4.88196 1.49559 0.67928 -0.65265 0.26271 -0.20883
1540821852.468174934 -6.24265 4.51651 1.51082 0.79118 -0.51901 0.23381 -0.22359
1540821852.549437046 -6.35308 4.28155 1.50918 0.82658 -0.46500 0.21839 -0.22987
1540821852.657542944 -6.40498 4.03441 1.48756 0.83672 -0.45139 0.19402 -0.24186
1540821852.738574028 -6.38093 3.90592 1.46253 0.85973 -0.40190 0.18799 -0.25298
1540821852.846683025 -6.28399 3.81004 1.41197 0.91308 -0.26241 0.13783 -0.28005
1540821852.927875996 -6.18600 3.79945 1.34872 0.93815 -0.12991 0.05516 -0.31616
1540821853.036361933 -6.04471 3.86807 1.23942 0.91303 0.06426 -0.09970 -0.39026
1540821853.117644072 -5.95447 3.96178 1.16035 0.83818 0.23053 -0.22066 -0.44229
1540821853.225049019 -5.85365 4.12279 1.08559 0.65949 0.44980 -0.35362 -0.48756
1540821853.329850912 -5.77215 4.27474 1.05174 0.41014 0.65493 -0.40981 -0.48468
1540821853.406492949 -5.71005 4.35607 1.03972 0.20645 0.76290 -0.40786 -0.45717
1540821853.507993937 -5.61076 4.39931 1.03006 -0.01996 0.83639 -0.37457 -0.39969
1540821853.610399008 -5.46322 4.35692 1.00918 -0.08120 0.88633 -0.33347 -0.31085
1540821853.713882923 -5.26171 4.20458 0.97942 -0.07793 0.92561 -0.30571 -0.20909
1540821853.792073011 -5.08832 4.00421 0.96021 -0.03471 0.94072 -0.29993 -0.15455
1540821853.896900892 -4.85232 3.61611 0.94081 0.00641 0.94381 -0.30477 -0.12764
1540821853.975925922 -4.68628 3.24530 0.92938 0.02432 0.93938 -0.30740 -0.14994
1540821854.081837893 -4.47543 2.65229 0.90479 0.09603 0.92627 -0.31665 -0.18038
1540821854.188374996 -4.28656 1.95404 0.87897 0.17016 0.90948 -0.32617 -0.19368
1540821854.268634081 -4.17393 1.37221 0.85906 0.24123 0.88954 -0.33153 -0.20154
1540821854.376118898 -4.05109 0.54335 0.80325 0.34162 0.86010 -0.33838 -0.17037
1540821854.457165003 -3.98476 -0.10444 0.73486 0.46369 0.81552 -0.33122 -0.10106
1540821854.566329002 -3.98633 -0.98382 0.62257 0.54739 0.76545 -0.33320 -0.05860
1540821854.649444103 -4.07034 -1.64981 0.52327 0.60545 0.72270 -0.33262 -0.02239
1540821854.762474060 -4.33846 -2.52131 0.36560 0.62943 0.69780 -0.34189 -0.00147
1540821854.849246025 -4.68430 -3.15305 0.23620 0.58333 0.72797 -0.35879 -0.03265
1540821854.937447071 -5.15776 -3.77634 0.11912 0.54603 0.73750 -0.39031 -0.07492
1540821855.026520967 -5.75531 -4.39209 0.04496 0.50585 0.72306 -0.44862 -0.14154
1540821855.146496058 -6.69671 -5.19977 0.06619 0.43697 0.70647 -0.50742 -0.22910
1540821855.236793041 -7.46959 -5.79326 0.20786 0.43740 0.67509 -0.53922 -0.24936
1540821855.326838017 -8.27510 -6.35606 0.43535 0.50031 0.62187 -0.55390 -0.23700
1540821855.416650057 -9.09597 -6.88097 0.67994 0.61897 0.52342 -0.54570 -0.21242
1540821855.505991936 -9.92599 -7.34446 0.90164 0.74850 0.38467 -0.49259 -0.22168
1540821855.594150066 -10.73850 -7.73687 1.08543 0.86721 0.19260 -0.39370 -0.23634
1540821855.708732128 -11.76117 -8.11696 1.28534 0.92521 -0.08847 -0.25002 -0.27139
1540821855.792707920 -12.44068 -8.29993 1.40495 0.91128 -0.27699 -0.12553 -0.27765
1540821855.903193951 -13.18878 -8.40470 1.55184 0.85365 -0.40398 0.03243 -0.32715
1540821855.985646963 -13.63803 -8.40895 1.67636 0.83226 -0.39789 0.11533 -0.36840
1540821856.095321894 -14.12080 -8.32558 1.86762 0.85012 -0.36345 0.14991 -0.35033
1540821856.177233934 -14.41837 -8.17271 2.01339 0.85443 -0.36473 0.14524 -0.34034
1540821856.285721064 -14.76288 -7.85074 2.14654 0.85541 -0.40010 0.10125 -0.31297
1540821856.366396904 -15.00895 -7.65325 2.19009 0.83780 -0.46768 0.04281 -0.27845
1540821856.472934008 -15.26712 -7.43439 2.19447 0.83622 -0.49215 -0.00660 -0.24183
1540821856.552067995 -15.39242 -7.26103 2.15447 0.84716 -0.47873 -0.01805 -0.22982
1540821856.656515121 -15.45252 -6.97892 2.06422 0.83601 -0.46974 0.00688 -0.28352
1540821856.759890079 -15.39524 -6.65142 1.94341 0.80872 -0.46422 0.05997 -0.35618
1540821856.836868048 -15.28511 -6.39296 1.84843 0.79510 -0.46801 0.09318 -0.37430
1540821856.939006090 -15.06144 -6.04367 1.71520 0.78228 -0.49405 0.14104 -0.35222
1540821857.040815115 -14.77595 -5.69527 1.55138 0.71635 -0.59118 0.20405 -0.30938
1540821857.117180109 -14.52734 -5.43330 1.41083 0.66079 -0.65385 0.24232 -0.27771
1540821857.219342947 -14.11230 -5.09918 1.21812 -0.60509 0.68367 -0.31348 0.26114
1540821857.322113037 -13.59787 -4.78822 1.05754 -0.55869 0.68438 -0.37985 0.27423
1540821857.425568104 -13.00666 -4.50820 0.94784 -0.51479 0.68853 -0.42937 0.27670
1540821857.503484964 -12.53632 -4.32253 0.88646 -0.44788 0.73153 -0.44940 0.24963
1540821857.607866049 -11.88661 -4.12060 0.83125 -0.30338 0.80775 -0.47396 0.17569
1540821857.713265896 -11.21301 -3.98232 0.82304 -0.15627 0.84978 -0.49485 0.09265
1540821857.793260098 -10.70026 -3.93378 0.85536 -0.05979 0.86811 -0.49043 0.04787
1540821857.901137114 -10.02702 -3.95036 0.94526 0.02778 0.87429 -0.48429 0.01766
1540821857.983084917 -9.54671 -4.01934 1.03213 0.10709 0.87444 -0.47304 -0.01069
1540821858.094090939 -8.96048 -4.17644 1.16510 0.25266 0.86166 -0.43482 -0.06805
1540821858.178663015 -8.56905 -4.34148 1.27424 0.36980 0.84402 -0.37670 -0.09474
1540821858.264305115 -8.23585 -4.54472 1.38754 0.48626 0.81038 -0.31409 -0.09050
1540821858.380258083 -7.93512 -4.85290 1.53269 0.55449 0.77811 -0.26638 -0.12700
1540821858.468431950 -7.81952 -5.10450 1.63190 0.58165 0.76065 -0.24282 -0.15534
1540821858.557311058 -7.80611 -5.37442 1.72341 0.60807 0.73915 -0.23370 -0.17113
1540821858.646857977 -7.90639 -5.65400 1.81269 0.62200 0.72124 -0.23789 -0.19061
1540821858.736814022 -8.10052 -5.93126 1.90130 0.63859 0.70363 -0.23250 -0.20747
1540821858.857049942 -8.49533 -6.28653 2.00065 0.68105 0.66518 -0.20753 -0.22505
1540821858.947175980 -8.86690 -6.53652 2.05296 0.74294 0.60267 -0.18080 -0.22837
1540821859.037050962 -9.29560 -6.75375 2.08011 0.80260 0.52058 -0.15398 -0.24721
1540821859.126497984 -9.77206 -6.92982 2.07474 0.85841 0.42198 -0.11602 -0.26758
1540821859.215155125 -10.27921 -7.05501 2.04265 0.90801 0.30105 -0.07228 -0.28224
1540821859.331857920 -10.98587 -7.12291 1.96364 0.94946 0.10880 -0.01945 -0.29379
1540821859.418355942 -11.50994 -7.09032 1.88249 0.95445 -0.05682 0.01397 -0.29258
1540821859.503988981 -12.00018 -6.98452 1.78857 0.93300 -0.21720 0.03903 -0.28427
1540821859.616693020 -12.55225 -6.73868 1.64810 0.87486 -0.39903 0.06144 -0.26763
1540821859.700305939 -12.85863 -6.49474 1.53585 0.82656 -0.49547 0.07750 -0.25554
1540821859.810707092 -13.10027 -6.13019 1.38296 0.76950 -0.58270 0.09607 -0.24311
1540821859.892709970 -13.14514 -5.84183 1.27194 0.70775 -0.65447 0.10245 -0.24550
1540821859.974087954 -13.06320 -5.56795 1.16809 -0.66317 0.68956 -0.12916 0.26084
1540821860.081797123 -12.78903 -5.25774 1.04664 -0.62337 0.71470 -0.16452 0.27121
1540821860.188911915 -12.34084 -5.02280 0.95488 -0.57412 0.73535 -0.21514 0.28872
1540821860.269032001 -11.90551 -4.90658 0.92074 -0.53878 0.73168 -0.28650 0.30377
1540821860.375833035 -11.24471 -4.82093 0.93071 -0.48034 0.75655 -0.34671 0.27692
1540821860.456140041 -10.72254 -4.80762 0.96456 -0.36508 0.83467 -0.36795 0.18616
1540821860.564635038 -10.00743 -4.85631 1.01957 -0.12054 0.90598 -0.40572 -0.00787
1540821860.648098946 -9.46310 -4.92555 1.05918 0.09728 0.89228 -0.40373 -0.17713
1540821860.761857986 -8.73404 -5.07500 1.12184 0.39130 0.76700 -0.37665 -0.34165
1540821860.847296953 -8.22144 -5.22662 1.19397 0.54472 0.65242 -0.32259 -0.41660
1540821860.931216002 -7.77282 -5.40565 1.30399 0.64344 0.56341 -0.28119 -0.43531
1540821861.040491104 -7.28783 -5.64689 1.50618 0.71726 0.51578 -0.25214 -0.39488
1540821861.121403933 -6.99287 -5.81397 1.67651 0.77952 0.49857 -0.22676 -0.30390
1540821861.230031013 -6.70608 -5.97237 1.91955 0.81735 0.49934 -0.19868 -0.20769
1540821861.313254118 -6.58753 -6.02031 2.10396 0.81579 0.51852 -0.18982 -0.17201
1540821861.426980972 -6.57896 -5.98694 2.34277 0.81368 0.53309 -0.18586 -0.13853
1540821861.514297962 -6.67646 -5.88665 2.50319 0.81112 0.53260 -0.19686 -0.14024
1540821861.603091002 -6.80490 -5.76152 2.63182 0.80975 0.52710 -0.21245 -0.14608
1540821861.692935944 -6.97035 -5.61373 2.71632 0.80852 0.52492 -0.22084 -0.14827
1540821861.813628912 -7.25151 -5.38600 2.73943 0.81701 0.50448 -0.21614 -0.17687
1540821861.904256105 -7.49420 -5.17644 2.69626 0.85350 0.42382 -0.17881 -0.24483
1540821861.994168997 -7.76213 -4.93677 2.61013 0.89008 0.29686 -0.09459 -0.33268
1540821862.082427979 -8.04767 -4.67554 2.49476 0.89591 0.18996 -0.01459 -0.40131
1540821862.168777943 -8.34405 -4.39209 2.36250 0.89466 0.08156 0.04604 -0.43682
1540821862.281619072 -8.74624 -3.95965 2.18390 0.88302 -0.05603 0.07564 -0.45981
1540821862.365089893 -9.03642 -3.58651 2.07417 0.86965 -0.15521 0.05496 -0.46541
1540821862.475193977 -9.35960 -3.02396 1.97687 0.83659 -0.28603 -0.00458 -0.46720
1540821862.557054043 -9.52002 -2.56979 1.93648 0.80327 -0.36847 -0.04071 -0.46618
1540821862.665628910 -9.59600 -1.94883 1.90827 0.77006 -0.43345 -0.04211 -0.46622
1540821862.746891975 -9.55424 -1.48733 1.89895 0.77344 -0.43475 -0.00858 -0.46121
1540821862.855112076 -9.38258 -0.86907 1.89763 0.79065 -0.42277 0.04359 -0.44072
1540821862.936067104 -9.18573 -0.40045 1.90100 0.79822 -0.41201 0.09202 -0.42968
1540821863.043529987 -8.86573 0.23032 1.89693 0.79695 -0.42982 0.13068 -0.40380
1540821863.123781919 -8.59787 0.70550 1.88038 0.79215 -0.44880 0.15809 -0.38221
1540821863.230449915 -8.17922 1.35191 1.84177 0.77845 -0.47281 0.20154 -0.36034
1540821863.310373068 -7.81898 1.84638 1.80968 0.76346 -0.48059 0.25089 -0.35101
1540821863.417184114 -7.29108 2.50220 1.74427 0.75504 -0.46240 0.33067 -0.32674
1540821863.524292946 -6.75689 3.18065 1.62433 0.73917 -0.46024 0.38558 -0.30517
1540821863.604573011 -6.34263 3.69176 1.50754 0.68365 -0.53049 0.40444 -0.29603
1540821863.711434126 -5.75747 4.37030 1.35200 -0.56218 0.65509 -0.41445 0.28816
1540821863.791471004 -5.28701 4.86049 1.24825 -0.43471 0.76809 -0.37847 0.27898
1540821863.898348093 -4.62051 5.43674 1.13829 -0.27081 0.87884 -0.31655 0.23259
1540821863.978866100 -4.10087 5.78068 1.07181 -0.18368 0.91297 -0.31365 0.18539
1540821864.086854935 -3.40503 6.09145 0.99580 -0.08947 0.93770 -0.31814 0.10727
1540821864.168258905 -2.89428 6.21410 0.95025 -0.02824 0.94234 -0.33027 0.04603
1540821864.277105093 -2.24630 6.23733 0.90923 0.03108 0.91988 -0.38829 -0.04569
1540821864.358809948 -1.78425 6.18629 0.89063 0.13029 0.90772 -0.38548 -0.10236
1540821864.467734098 -1.22597 6.01847 0.89345 0.30405 0.86677 -0.36968 -0.13997
1540821864.549549103 -0.87092 5.82953 0.91235 0.40106 0.82833 -0.35990 -0.15327
1540821864.658942938 -0.49396 5.53589 0.94502 0.50736 0.77516 -0.34341 -0.15422
1540821864.741173029 -0.29238 5.30319 0.96953 0.55101 0.74603 -0.33604 -0.16406
1540821864.851049900 -0.13455 4.98665 1.00724 0.57641 0.72702 -0.32356 -0.18574
1540821864.933583021 -0.11862 4.74537 1.05000 0.58403 0.71977 -0.31596 -0.20252
1540821865.043657064 -0.23037 4.42899 1.12936 0.58275 0.70687 -0.32199 -0.23889
1540821865.126132965 -0.38943 4.19874 1.20029 0.58223 0.69535 -0.32608 -0.26678
1540821865.235758066 -0.66284 3.89200 1.27960 0.59035 0.69034 -0.30840 -0.28251
1540821865.317637920 -0.91753 3.66811 1.32918 0.61166 0.67397 -0.28825 -0.29756
1540821865.426384926 -1.31578 3.38386 1.37939 0.67408 0.60954 -0.24921 -0.33462
1540821865.507580996 -1.65784 3.19272 1.40798 0.72629 0.54279 -0.20911 -0.36627
1540821865.615185022 -2.16194 2.95872 1.43651 0.78894 0.44147 -0.16432 -0.39457
1540821865.695390940 -2.57077 2.81637 1.45608 0.83815 0.34946 -0.12985 -0.39815
1540821865.801923037 -3.13737 2.68070 1.46102 0.89173 0.20286 -0.06658 -0.39905
1540821865.881895065 -3.56570 2.61634 1.44494 0.91657 0.05727 -0.01286 -0.39555
1540821865.989016056 -4.12904 2.58821 1.39872 0.92117 -0.12134 0.04919 -0.36647
1540821866.069844961 -4.52565 2.63050 1.35714 0.90863 -0.22252 0.08702 -0.34248
1540821866.178164959 -4.98886 2.76572 1.29467 0.87795 -0.34635 0.12328 -0.30668
1540821866.286691904 -5.34602 2.98130 1.22748 0.82906 -0.45777 0.13944 -0.28923
1540821866.368002892 -5.51635 3.19187 1.18115 0.78851 -0.52374 0.15091 -0.28491
1540821866.476078033 -5.61036 3.49282 1.12741 0.75176 -0.57319 0.16838 -0.27921
1540821866.556890011 -5.59186 3.71925 1.09122 0.73386 -0.59383 0.18260 -0.27473
1540821866.664418936 -5.45502 4.02496 1.04440 0.69788 -0.61226 0.21710 -0.30160
1540821866.744975090 -5.28010 4.24852 1.00889 0.66631 -0.62551 0.24690 -0.32220
1540821866.852345943 -4.96332 4.52999 0.96720 -0.62475 0.65382 -0.29109 0.31222
1540821866.932969093 -4.67612 4.72209 0.94039 -0.59672 0.67462 -0.33332 0.27876
1540821867.040733099 -4.24154 4.95058 0.90411 -0.51397 0.73674 -0.39034 0.20170
1540821867.121819973 -3.87802 5.10483 0.87810 -0.40832 0.79839 -0.41729 0.14740
1540821867.230425119 -3.34448 5.26000 0.85427 -0.27264 0.85027 -0.44329 0.07879
1540821867.312201023 -2.92541 5.33185 0.84793 -0.13853 0.87877 -0.45647 0.01417
1540821867.421468973 -2.36111 5.35959 0.84949 0.08941 0.89132 -0.44084 -0.05672
1540821867.503340960 -1.95624 5.32901 0.85680 0.27015 0.87081 -0.40377 -0.07539
1540821867.612472057 -1.49624 5.22330 0.87599 0.44551 0.81878 -0.34844 -0.09856
1540821867.694478989 -1.23546 5.11070 0.89328 0.52159 0.78533 -0.30847 -0.12669
1540821867.804167986 -1.01711 4.93134 0.91600 0.61251 0.73040 -0.26122 -0.15202
1540821867.886735916 -0.96537 4.78837 0.93498 0.63386 0.71024 -0.24984 -0.17708
1540821867.997141123 -1.03275 4.59791 0.95982 0.62831 0.70891 -0.24602 -0.20529
1540821868.080060005 -1.16807 4.45233 0.97318 0.62250 0.70909 -0.25031 -0.21685
1540821868.190650940 -1.43818 4.25216 0.97152 0.58118 0.73069 -0.26120 -0.24515
1540821868.273510933 -1.69819 4.09743 0.94777 0.56136 0.74246 -0.25460 -0.26232
1540821868.356233120 -2.00037 3.93328 0.90894 0.56446 0.74055 -0.25010 -0.26537
1540821868.466217995 -2.50222 3.68746 0.86637 0.54082 0.74868 -0.25999 -0.28177
1540821868.548173904 -2.95425 3.47740 0.86361 0.52084 0.75417 -0.27159 -0.29358
1540821868.656156063 -3.64677 3.15404 0.90360 0.53150 0.74623 -0.28178 -0.28504
1540821868.736382008 -4.22958 2.88950 0.96257 0.56737 0.72007 -0.29978 -0.26405
1540821868.842782021 -5.09278 2.51967 1.06990 0.53152 0.72905 -0.36139 -0.23529
1540821868.949165106 -6.03366 2.14377 1.21321 0.45204 0.76408 -0.40698 -0.21497
1540821869.029035091 -6.77057 1.85172 1.33185 0.35682 0.81257 -0.41646 -0.19739
1540821869.135499001 -7.76694 1.43605 1.48246 0.21482 0.86381 -0.42191 -0.17225
1540821869.215502024 -8.51383 1.09427 1.58665 0.12784 0.88401 -0.42354 -0.15101
1540821869.322926044 -9.49816 0.57914 1.71422 0.02461 0.89762 -0.41888 -0.13497
1540821869.404218912 -10.21840 0.14692 1.80281 -0.03767 0.89783 -0.42040 -0.12545
1540821869.513361931 -11.13901 -0.48619 1.90122 -0.10966 0.89860 -0.41042 -0.10980
1540821869.595485926 -11.78902 -0.99876 1.95565 -0.20077 0.89142 -0.39503 -0.09497
1540821869.705028057 -12.57208 -1.73727 2.00705 -0.30349 0.87688 -0.36875 -0.05480
1540821869.787081957 -13.08226 -2.32119 2.03170 -0.36953 0.86027 -0.35123 -0.00372
1540821869.896181107 -13.64553 -3.14353 2.04814 -0.47167 0.81535 -0.32972 0.06330
1540821869.977699041 -13.96961 -3.77548 2.05216 -0.55682 0.76439 -0.30661 0.10799
1540821870.085984945 -14.27428 -4.61695 2.04713 -0.65312 0.68962 -0.26569 0.16512
1540821870.166960001 -14.40892 -5.22472 2.03729 0.71200 -0.62957 0.23665 -0.20173
1540821870.274668932 -14.46250 -5.98701 2.01856 0.76503 -0.56042 0.20700 -0.24044
1540821870.355322123 -14.42301 -6.50857 2.00369 0.78660 -0.52186 0.18993 -0.26990
1540821870.462944984 -14.27281 -7.14997 1.98399 0.81165 -0.46589 0.17902 -0.30351
1540821870.571015120 -14.00795 -7.71095 1.96814 0.84258 -0.39392 0.17511 -0.32285
1540821870.652558088 -13.75045 -8.07174 1.96369 0.86833 -0.31884 0.17964 -0.33476
1540821870.762053013 -13.35773 -8.44914 1.97466 0.89975 -0.19343 0.18206 -0.34625
1540821870.844667912 -13.04066 -8.64130 1.99056 0.91404 -0.11193 0.17998 -0.34584
1540821870.927733898 -12.72019 -8.74785 2.01310 0.92168 -0.06641 0.16818 -0.34325
1540821871.039377928 -12.30312 -8.78408 2.04212 0.92353 -0.05362 0.14305 -0.35178
1540821871.123780966 -11.99539 -8.73959 2.05848 0.92263 -0.05750 0.12470 -0.36040
1540821871.237097979 -11.58745 -8.59659 2.05766 0.92418 -0.03676 0.10450 -0.36555
1540821871.322571993 -11.28848 -8.42523 2.04143 0.92518 0.00591 0.09061 -0.36850
1540821871.408385992 -11.00329 -8.18933 2.01400 0.92707 0.05005 0.05452 -0.36752
1540821871.523149967 -10.65765 -7.78305 1.96532 0.92483 0.08752 -0.04817 -0.36703
1540821871.609209061 -10.41619 -7.41297 1.92516 0.91083 0.14122 -0.12755 -0.36631
1540821871.694751024 -10.18874 -6.99150 1.88723 0.88108 0.23617 -0.18433 -0.36599
1540821871.807168007 -9.93053 -6.36400 1.84528 0.82896 0.35756 -0.22438 -0.36692
1540821871.889961958 -9.78581 -5.86148 1.82441 0.77750 0.45173 -0.23647 -0.36812
1540821871.998344898 -9.67516 -5.18527 1.81407 0.67301 0.59726 -0.25358 -0.35502
1540821872.078391075 -9.65847 -4.70025 1.82038 0.57258 0.70288 -0.27067 -0.32381
1540821872.184300900 -9.72443 -4.11284 1.85126 0.42310 0.81599 -0.29283 -0.26344
1540821872.263722897 -9.83021 -3.73326 1.88930 0.31675 0.87321 -0.30143 -0.21523
1540821872.370235920 -10.02756 -3.32858 1.95261 0.20269 0.91449 -0.30925 -0.16427
1540821872.450834990 -10.20846 -3.10871 2.00447 0.14839 0.92752 -0.31295 -0.14050
1540821872.559278965 -10.47794 -2.93299 2.07249 0.06378 0.93886 -0.31483 -0.12392
1540821872.641149998 -10.68584 -2.89286 2.12038 -0.01019 0.94227 -0.31333 -0.11772
1540821872.750974894 -10.93487 -2.94701 2.17028 -0.04769 0.94552 -0.31175 -0.08087
1540821872.833821058 -11.10205 -3.04835 2.18112 -0.00431 0.94970 -0.31203 -0.02630
1540821872.944725990 -11.32268 -3.23378 2.14113 0.00197 0.93949 -0.34169 0.02447
1540821873.028182983 -11.49526 -3.43075 2.08652 -0.01882 0.91660 -0.39654 0.04729
1540821873.139997959 -11.72307 -3.78853 2.02911 -0.11718 0.88774 -0.44229 0.05063
1540821873.224392891 -11.86663 -4.13244 2.02570 -0.25885 0.84380 -0.46665 0.05690
1540821873.309552908 -11.96184 -4.51393 2.04714 -0.41802 0.78252 -0.45346 0.08535
1540821873.424521923 -12.00005 -5.03175 2.07191 -0.62008 0.66567 -0.37936 0.16876
1540821873.511559010 -11.96241 -5.40361 2.08621 0.73597 -0.54756 0.32045 -0.23630
1540821873.598972082 -11.86256 -5.73310 2.11085 0.80566 -0.42549 0.26978 -0.31158
1540821873.715022087 -11.65015 -6.08519 2.17927 0.85163 -0.27191 0.23522 -0.38140
1540821873.800859928 -11.45656 -6.27469 2.25841 0.86994 -0.19283 0.23653 -0.38739
1540821873.885780096 -11.24924 -6.39474 2.35306 0.87474 -0.18862 0.22866 -0.38335
1540821873.998310089 -10.95193 -6.44811 2.50112 0.87182 -0.19535 0.22778 -0.38716
1540821874.082518101 -10.71387 -6.41986 2.62217 0.86946 -0.19228 0.23649 -0.38877
1540821874.166717052 -10.47054 -6.35499 2.72319 0.86651 -0.19825 0.23862 -0.39104
1540821874.279093981 -10.14125 -6.22891 2.80381 0.86411 -0.20148 0.23979 -0.39399
1540821874.363487005 -9.89030 -6.10949 2.82257 0.86794 -0.17158 0.25838 -0.38791
1540821874.476273060 -9.56152 -5.92001 2.78626 0.87074 -0.14793 0.26620 -0.38610
1540821874.561146021 -9.31776 -5.75292 2.71331 0.87138 -0.15704 0.24461 -0.39523
1540821874.646181107 -9.07471 -5.54594 2.61284 0.87092 -0.17049 0.20961 -0.41047
1540821874.759491920 -8.74444 -5.21318 2.46091 0.86317 -0.21215 0.13498 -0.43784
1540821874.844048023 -8.47715 -4.92751 2.34696 0.85487 -0.23569 0.08025 -0.45521
1540821874.928009033 -8.18739 -4.61485 2.22981 0.84549 -0.24806 0.04548 -0.47069
1540821875.039026976 -7.76158 -4.16951 2.06167 0.83193 -0.24178 0.03719 -0.49805
1540821875.121618986 -7.42186 -3.81745 1.93077 -0.83054 0.22866 -0.03672 0.50652
1540821875.230781078 -6.94415 -3.31961 1.76650 -0.83702 0.19134 -0.03508 0.51143
1540821875.312004089 -6.57272 -2.92456 1.65079 -0.84229 0.15546 -0.02652 0.51543
1540821875.419599056 -6.06502 -2.37045 1.50057 -0.85086 0.11548 -0.00633 0.51250
1540821875.499840975 -5.67704 -1.92943 1.39891 -0.85182 0.08960 0.00643 0.51607
1540821875.606292009 -5.15509 -1.30551 1.28702 -0.85202 0.04637 0.01815 0.52113
1540821875.712246895 -4.63782 -0.64068 1.19892 -0.85134 -0.00656 0.04096 0.52298
1540821875.791489124 -4.25414 -0.12114 1.14360 -0.84928 -0.03963 0.06777 0.52207
1540821875.896835089 -3.75339 0.60915 1.10164 -0.83520 -0.08393 0.09365 0.53538
1540821875.975496054 -3.38817 1.18161 1.10261 -0.81900 -0.11921 0.10948 0.55050
1540821876.079756021 -2.93315 1.96456 1.14312 -0.80560 -0.18891 0.14195 0.54330
1540821876.183336020 -2.51820 2.75873 1.20993 -0.78712 -0.29451 0.18130 0.51072
1540821876.260571957 -2.23904 3.35561 1.27192 0.75365 0.39294 -0.21461 -0.48120
1540821876.362900972 -1.92312 4.13809 1.36636 0.70426 0.51563 -0.28045 -0.39935
1540821876.464942932 -1.67184 4.90503 1.47565 0.63445 0.61912 -0.35543 -0.29638
1540821876.567570925 -1.48958 5.66603 1.59459 0.53019 0.70774 -0.41198 -0.21971
1540821876.645242929 -1.40226 6.22637 1.68575 0.43595 0.76701 -0.43487 -0.18036
1540821876.749675989 -1.34515 6.94381 1.80820 0.32579 0.82223 -0.44313 -0.14639
1540821876.854976892 -1.34342 7.60860 1.93332 0.21871 0.85935 -0.44082 -0.13913
1540821876.934345007 -1.37434 8.05884 2.02859 0.11536 0.88165 -0.42613 -0.16674
1540821877.040682077 -1.42379 8.58153 2.15043 -0.03130 0.89377 -0.38371 -0.23014
1540821877.120793104 -1.43665 8.91762 2.22647 -0.04451 0.91279 -0.31727 -0.25332
1540821877.228123903 -1.41831 9.24069 2.31662 -0.00601 0.94140 -0.21143 -0.26275
1540821877.309065104 -1.40706 9.35338 2.37017 0.02359 0.95142 -0.15035 -0.26766
1540821877.417858124 -1.37561 9.35899 2.39292 0.05217 0.95520 -0.11343 -0.26834
1540821877.500124931 -1.35639 9.27767 2.36344 0.06254 0.95751 -0.08957 -0.26690
1540821877.610636950 -1.32652 9.06136 2.25264 0.10034 0.96398 -0.09265 -0.22824
1540821877.694097042 -1.32556 8.76405 2.12167 0.17048 0.96220 -0.12711 -0.17015
1540821877.806106091 -1.39598 8.19658 1.92460 0.26036 0.94168 -0.20147 -0.06980
1540821877.890449047 -1.53963 7.65149 1.78627 0.24685 0.92592 -0.28484 -0.02440
1540821877.974735022 -1.75097 7.01762 1.67507 0.21396 0.90792 -0.36040 0.00391
1540821878.086713076 -2.13329 6.05125 1.61225 0.16309 0.87126 -0.46252 0.01987
1540821878.170052052 -2.47569 5.26763 1.64614 0.13334 0.86038 -0.49123 0.02562
1540821878.279885054 -2.97611 4.18359 1.75552 0.16308 0.86520 -0.47200 0.04533
1540821878.361570120 -3.37547 3.35173 1.83844 0.18281 0.85831 -0.47826 0.03396
1540821878.470098972 -3.92862 2.23908 1.91151 0.20293 0.84379 -0.49664 -0.01365
1540821878.551498890 -4.34976 1.40871 1.92497 0.19817 0.84925 -0.48457 -0.06852
1540821878.660475016 -4.91617 0.29601 1.89715 0.20221 0.84885 -0.47107 -0.12907
1540821878.742912054 -5.34422 -0.55253 1.84361 0.19454 0.84365 -0.47142 -0.16788
1540821878.854161978 -5.92255 -1.70833 1.74382 0.23986 0.82570 -0.47589 -0.18496
1540821878.938584089 -6.36852 -2.60343 1.68204 0.30862 0.79839 -0.48694 -0.17384
1540821879.023550034 -6.84940 -3.50711 1.64795 0.37313 0.76705 -0.49168 -0.17509
1540821879.137398958 -7.54452 -4.70374 1.65129 0.46812 0.70080 -0.49567 -0.20989
1540821879.222830057 -8.10720 -5.56789 1.68825 0.56232 0.62843 -0.47693 -0.24781
1540821879.307725906 -8.69057 -6.37567 1.74667 0.69875 0.49879 -0.42107 -0.29266
1540821879.419131994 -9.48387 -7.33195 1.84344 0.86591 0.25241 -0.29657 -0.31390
1540821879.501528025 -10.07451 -7.94536 1.92482 0.92553 0.06834 -0.20635 -0.31006
1540821879.611243010 -10.83268 -8.60425 2.04409 0.95071 -0.04240 -0.09042 -0.29355
1540821879.694197893 -11.37951 -8.96161 2.14293 0.95124 -0.04084 -0.03773 -0.30341
1540821879.805788040 -12.07480 -9.27770 2.27640 0.93370 -0.04225 -0.00574 -0.35551
1540821879.889699936 -12.57337 -9.40547 2.37321 0.92052 -0.04015 -0.00234 -0.38862
1540821880.000755072 -13.19831 -9.51787 2.46258 0.91092 -0.07173 -0.02159 -0.40573
1540821880.082973003 -13.64027 -9.56462 2.49644 0.89562 -0.15647 -0.06319 -0.41156
1540821880.191018105 -14.16971 -9.59189 2.49652 0.87580 -0.24022 -0.07804 -0.41131
1540821880.271021128 -14.51645 -9.58366 2.46604 0.86713 -0.29177 -0.07000 -0.39757
1540821880.376883030 -14.88293 -9.51753 2.39789 0.86470 -0.31859 -0.03598 -0.38666
1540821880.455984116 -15.08575 -9.42709 2.34224 0.87179 -0.30656 -0.00464 -0.38208
1540821880.561233997 -15.26835 -9.24777 2.26747 0.87378 -0.30072 0.02062 -0.38164
1540821880.666258097 -15.36435 -9.00137 2.18317 0.86609 -0.30503 0.03023 -0.39488
1540821880.744739056 -15.39983 -8.78956 2.10307 0.85132 -0.30779 0.04010 -0.42298
1540821880.848787069 -15.39678 -8.47921 1.97889 0.82513 -0.31984 0.05420 -0.46251
1540821880.951968908 -15.33539 -8.14629 1.84913 0.79444 -0.36876 0.06429 -0.47827
1540821881.029035091 -15.23837 -7.88423 1.75792 0.76730 -0.40428 0.09466 -0.48872
1540821881.131839037 -15.04742 -7.53222 1.63872 0.74455 -0.43201 0.15795 -0.48381
1540821881.234978914 -14.80538 -7.17566 1.52504 0.73346 -0.45931 0.20119 -0.45891
1540821881.312635899 -14.58517 -6.90318 1.45240 0.73152 -0.46052 0.23185 -0.44615
1540821881.416503906 -14.24544 -6.53104 1.37096 0.74039 -0.44675 0.26650 -0.42568
1540821881.520541906 -13.85918 -6.14045 1.30409 0.74227 -0.44372 0.28442 -0.41383
1540821881.598639965 -13.53706 -5.83450 1.27203 0.73670 -0.45178 0.29415 -0.40822
1540821881.702901125 -13.06503 -5.41748 1.24193 0.72346 -0.46443 0.32778 -0.39175
1540821881.807363033 -12.55542 -4.99167 1.21700 0.67141 -0.48889 0.40630 -0.38095
1540821881.885977030 -12.15990 -4.66886 1.19787 0.61290 -0.54188 0.44949 -0.35872
1540821881.991672039 -11.61132 -4.23449 1.17410 -0.51234 0.63747 -0.47001 0.33202
1540821882.071779013 -11.17847 -3.91817 1.16669 -0.42847 0.69931 -0.47650 0.31673
1540821882.179829121 -10.58437 -3.52915 1.17380 -0.31657 0.76578 -0.48381 0.28159
1540821882.261877060 -10.13127 -3.27534 1.19047 -0.23753 0.80535 -0.48702 0.24043
1540821882.372824907 -9.53167 -2.99133 1.22535 -0.14606 0.84238 -0.48966 0.17115
1540821882.457391977 -9.08813 -2.82355 1.25820 -0.06667 0.86216 -0.48729 0.12161
1540821882.571805000 -8.51600 -2.66971 1.31031 0.03592 0.87358 -0.48152 0.06096
1540821882.658689976 -8.11561 -2.60723 1.35831 0.10409 0.87234 -0.47745 0.01518
1540821882.746388912 -7.74387 -2.58954 1.41070 0.17684 0.86527 -0.46869 -0.01937
1540821882.834728003 -7.40911 -2.61804 1.46649 0.24841 0.85087 -0.46088 -0.04363
1540821882.953195095 -7.03093 -2.71361 1.54130 0.27687 0.84583 -0.44928 -0.07789
1540821883.042387009 -6.79407 -2.82470 1.58894 0.28163 0.84581 -0.44322 -0.09409
1540821883.131808043 -6.60331 -2.96877 1.63471 0.28552 0.84248 -0.44504 -0.10315
1540821883.221442938 -6.44941 -3.14281 1.67647 0.30227 0.83459 -0.44874 -0.10360
1540821883.311286926 -6.32443 -3.34362 1.71477 0.33578 0.82024 -0.45298 -0.09624
1540821883.431399107 -6.24752 -3.65283 1.75987 0.37914 0.80332 -0.44876 -0.09768
1540821883.521788120 -6.24685 -3.90406 1.78170 0.41049 0.79547 -0.43283 -0.10668
1540821883.612467051 -6.29774 -4.17149 1.78883 0.44111 0.78630 -0.41570 -0.11980
1540821883.703434944 -6.39836 -4.45237 1.78215 0.46626 0.77512 -0.40388 -0.13667
1540821883.794636965 -6.55579 -4.74519 1.76908 0.47398 0.76401 -0.40352 -0.16972
1540821883.885848999 -6.77051 -5.04847 1.74990 0.47815 0.74735 -0.41362 -0.20434
1540821883.976660013 -7.02500 -5.35390 1.71939 0.49903 0.72718 -0.41230 -0.22846
1540821884.096549034 -7.41544 -5.75668 1.65760 0.54420 0.68365 -0.40762 -0.26517
1540821884.185265064 -7.73631 -6.05009 1.58950 0.60077 0.63565 -0.40036 -0.27339
1540821884.272834063 -8.08269 -6.32620 1.50412 0.65094 0.58583 -0.39042 -0.28398
1540821884.359378099 -8.45389 -6.57957 1.40669 0.67939 0.54592 -0.37982 -0.31006
1540821884.473198891 -8.98155 -6.87639 1.26189 0.70800 0.49774 -0.36560 -0.34253
1540821884.557349920 -9.40118 -7.05994 1.15415 0.71811 0.46559 -0.35427 -0.37687
1540821884.667791128 -9.98255 -7.24970 1.02574 0.71711 0.42530 -0.33362 -0.43997
1540821884.748928070 -10.42054 -7.35971 0.94020 0.73260 0.37965 -0.30982 -0.47241
1540821884.854617119 -10.99499 -7.45907 0.84483 -0.76747 -0.28448 0.26900 0.50765
1540821884.932145119 -11.41039 -7.50311 0.78759 -0.79442 -0.21118 0.22169 0.52456
1540821885.033626080 -11.94165 -7.52310 0.72641 -0.83341 -0.10495 0.15566 0.51979
1540821885.133899927 -12.44365 -7.48838 0.68589 -0.85497 -0.00717 0.07880 0.51260
1540821885.233907938 -12.90999 -7.39356 0.67024 -0.85978 0.07618 -0.01334 0.50477
1540821885.309044123 -13.23420 -7.28547 0.67553 -0.84865 0.15039 -0.08424 0.50008
1540821885.409496069 -13.63396 -7.11354 0.69638 0.81170 -0.26172 0.17121 -0.49329
1540821885.510211945 -13.99439 -6.91227 0.72656 0.76805 -0.36026 0.24439 -0.46966
1540821885.611444950 -14.31459 -6.68674 0.75715 0.73064 -0.44745 0.28606 -0.42910
1540821885.713253975 -14.58959 -6.44164 0.78217 0.68650 -0.53067 0.30707 -0.39092
1540821885.789968967 -14.75207 -6.23682 0.79831 0.64980 -0.59138 0.30254 -0.36946
1540821885.892684937 -14.91630 -5.97648 0.81553 -0.61036 0.65810 -0.28274 0.33828
1540821885.995765924 -15.00533 -5.75192 0.83698 -0.58009 0.69557 -0.28141 0.31699
1540821886.073102951 -15.01456 -5.60749 0.85347 -0.55830 0.71565 -0.28656 0.30663
1540821886.176081896 -14.96656 -5.45316 0.87579 -0.54138 0.72704 -0.30466 0.29239
1540821886.278906107 -14.85783 -5.33717 0.90216 -0.52174 0.71859 -0.35752 0.28913
1540821886.356096029 -14.72993 -5.27342 0.92857 -0.50335 0.69590 -0.41943 0.29402
1540821886.459311008 -14.51917 -5.20442 0.96394 -0.48935 0.65453 -0.49419 0.29649
1540821886.563015938 -14.28783 -5.13742 0.97511 -0.48717 0.62412 -0.53862 0.28814
1540821886.641263008 -14.10229 -5.08368 0.96499 -0.47155 0.60452 -0.57081 0.29389
1540821886.746288061 -13.84546 -5.00841 0.93689 -0.45248 0.61506 -0.58123 0.28132
1540821886.852179050 -13.57087 -4.92370 0.92655 -0.40871 0.64894 -0.57838 0.27804
1540821886.932063103 -13.35394 -4.85987 0.93533 -0.36369 0.69057 -0.56070 0.27650
1540821887.039191008 -13.04752 -4.80222 0.97630 -0.31980 0.72163 -0.55514 0.26231
1540821887.119967937 -12.80930 -4.77852 1.02883 -0.29414 0.73651 -0.55540 0.25011
1540821887.228301048 -12.48470 -4.77557 1.11790 -0.26237 0.75501 -0.55160 0.23846
1540821887.310231924 -12.23775 -4.79573 1.18654 -0.25159 0.75898 -0.55757 0.22308
1540821887.420408964 -11.90509 -4.84485 1.26241 -0.23748 0.76220 -0.56762 0.20114
1540821887.504045010 -11.65250 -4.89932 1.30186 -0.22481 0.76549 -0.57363 0.18557
1540821887.616874933 -11.32053 -4.99412 1.32631 -0.18547 0.77772 -0.58602 0.13169
1540821887.702465057 -11.07418 -5.08241 1.33227 -0.13287 0.78861 -0.59611 0.07135
1540821887.788855076 -10.82820 -5.18402 1.33357 -0.05361 0.80062 -0.59674 0.00662
1540821887.904803038 -10.50075 -5.33722 1.32592 0.07802 0.81819 -0.56660 -0.05875
1540821887.992018938 -10.26111 -5.47130 1.31072 0.17703 0.82748 -0.52585 -0.08613
1540821888.079135895 -10.03988 -5.62753 1.29009 0.26115 0.82108 -0.49542 -0.11040
1540821888.166115999 -9.84884 -5.80514 1.26568 0.32562 0.80038 -0.48259 -0.14308
1540821888.282042980 -9.64784 -6.06022 1.22277 0.40856 0.76575 -0.45496 -0.19931
1540821888.368936062 -9.54715 -6.26079 1.19046 0.46190 0.72480 -0.43659 -0.26589
1540821888.455379009 -9.47894 -6.46507 1.15555 0.52485 0.67987 -0.40562 -0.31270
1540821888.569140911 -9.44446 -6.73115 1.10862 0.61892 0.59573 -0.36357 -0.36036
1540821888.653121948 -9.45724 -6.91802 1.07550 0.66617 0.53880 -0.33328 -0.39350
1540821888.763281107 -9.52717 -7.14322 1.03434 0.70302 0.47725 -0.31134 -0.42552
1540821888.844613075 -9.61452 -7.28526 1.01162 0.70976 0.44561 -0.30698 -0.45104
1540821888.951330900 -9.76550 -7.43648 0.99862 0.70187 0.42275 -0.29324 -0.49262
1540821889.030056000 -9.89550 -7.52673 1.00469 -0.70291 -0.40411 0.27764 0.51529
1540821889.133352995 -10.08639 -7.62050 1.02488 -0.72321 -0.35691 0.24935 0.53610
1540821889.235032082 -10.28295 -7.68601 1.04896 -0.75020 -0.30499 0.20076 0.55125
1540821889.310573101 -10.43680 -7.71666 1.06544 -0.76736 -0.26776 0.15775 0.56087
1540821889.410763025 -10.64985 -7.73520 1.08706 -0.78075 -0.22182 0.09856 0.57577
1540821889.510765076 -10.87136 -7.73383 1.10390 -0.78794 -0.17519 0.03998 0.58895
1540821889.610975027 -11.10272 -7.71397 1.10723 -0.79079 -0.12869 -0.01584 0.59820
1540821889.711563110 -11.34217 -7.68125 1.09112 -0.79013 -0.08099 -0.07126 0.60338
1540821889.787337065 -11.52889 -7.64779 1.06447 -0.79052 -0.04168 -0.11093 0.60086
1540821889.888740063 -11.78698 -7.58792 1.01262 -0.79582 0.01470 -0.15506 0.58516
1540821889.990500927 -12.05311 -7.50472 0.95364 -0.80497 0.08198 -0.18774 0.55683
1540821890.092703104 -12.31823 -7.39097 0.89333 -0.81257 0.15912 -0.21223 0.51900
1540821890.169773102 -12.50984 -7.28246 0.85212 0.80952 -0.20656 0.23429 -0.49711
1540821890.273190975 -12.74626 -7.10091 0.80866 0.79235 -0.24395 0.27965 -0.48422
1540821890.377264977 -12.96458 -6.88228 0.77651 0.76881 -0.29410 0.31384 -0.47322
1540821890.455647945 -13.11277 -6.69625 0.76006 0.74874 -0.33570 0.33561 -0.46267
1540821890.560528994 -13.29267 -6.42728 0.73847 0.71898 -0.40823 0.35085 -0.43968
1540821890.665735960 -13.44032 -6.13851 0.70836 0.68829 -0.50530 0.33669 -0.39696
1540821890.744728088 -13.51744 -5.91711 0.68520 0.66360 -0.56031 0.33384 -0.36639
1540821890.850129128 -13.56977 -5.62585 0.65371 0.63197 -0.60079 0.35975 -0.33203
1540821890.929228067 -13.57247 -5.41241 0.62703 -0.60669 0.62972 -0.37734 0.30495
1540821891.034603119 -13.50709 -5.14129 0.59303 -0.57800 0.65081 -0.41111 0.27082
1540821891.139666080 -13.39023 -4.88226 0.56061 -0.55421 0.66345 -0.44521 0.23341
1540821891.218192101 -13.26656 -4.69387 0.53574 -0.53457 0.67470 -0.46531 0.20616
1540821891.322565079 -13.05314 -4.45282 0.50200 -0.50711 0.68848 -0.49019 0.16894
1540821891.426652908 -12.78777 -4.22248 0.46889 -0.47435 0.70050 -0.51515 0.13752
1540821891.504655123 -12.55667 -4.05627 0.44114 -0.42361 0.72757 -0.52338 0.13141
1540821891.608768940 -12.21317 -3.85440 0.40398 -0.35434 0.76605 -0.52415 0.11343
1540821891.713382006 -11.83700 -3.67849 0.36829 -0.26753 0.80676 -0.51619 0.10541
1540821891.792382956 -11.53945 -3.57526 0.34185 -0.19746 0.83572 -0.50264 0.09966
1540821891.898423910 -11.13888 -3.48834 0.31852 -0.11483 0.85734 -0.49547 0.07934
1540821891.978445053 -10.84279 -3.46786 0.31063 -0.04586 0.86935 -0.48786 0.06417
1540821892.085832119 -10.46889 -3.50358 0.31505 0.02549 0.87455 -0.48307 0.03403
1540821892.166949034 -10.21219 -3.58002 0.32418 0.06707 0.87410 -0.48110 -0.00041
1540821892.275938034 -9.89980 -3.73010 0.33549 0.11559 0.87125 -0.47360 -0.05716
1540821892.358283043 -9.68820 -3.87943 0.34191 0.14963 0.86491 -0.46772 -0.10381
1540821892.468733072 -9.43852 -4.12826 0.34667 0.18836 0.85228 -0.45601 -0.17378
1540821892.551903009 -9.27565 -4.35406 0.34813 0.22292 0.83471 -0.45033 -0.22532
1540821892.663064003 -9.08118 -4.69018 0.34550 0.28486 0.80561 -0.43575 -0.28280
1540821892.746438026 -8.95876 -4.97028 0.34184 0.33443 0.78250 -0.41620 -0.32036
1540821892.857362986 -8.83429 -5.37404 0.33362 0.41804 0.73940 -0.38860 -0.35711
1540821892.940292120 -8.77192 -5.69161 0.32433 0.47731 0.69945 -0.36686 -0.38518
1540821893.022943974 -8.73292 -6.01612 0.31165 0.53027 0.65877 -0.34503 -0.40718
1540821893.132735014 -8.72377 -6.45260 0.28746 0.60788 0.60508 -0.31148 -0.40908
1540821893.215018034 -8.75800 -6.77325 0.27096 0.65640 0.56184 -0.28574 -0.41453
1540821893.325097084 -8.85575 -7.18113 0.25140 0.71983 0.49933 -0.24768 -0.41372
1540821893.408143044 -8.97023 -7.46337 0.24150 0.75910 0.45138 -0.22117 -0.41365
1540821893.519784927 -9.18281 -7.79210 0.23544 0.78873 0.39842 -0.18388 -0.43052
1540821893.604108095 -9.37760 -8.00079 0.23356 0.80474 0.35958 -0.15348 -0.44670
1540821893.688755035 -9.60149 -8.17541 0.23238 0.82135 0.31569 -0.12617 -0.45805
1540821893.801894903 -9.93397 -8.35238 0.22965 0.83769 0.25688 -0.09000 -0.47349
1540821893.886891127 -10.20524 -8.44197 0.22535 0.84723 0.21419 -0.06343 -0.48197
1540821894.000324965 -10.58694 -8.50508 0.21724 0.85838 0.15683 -0.02696 -0.48771
1540821894.085479021 -10.88099 -8.50202 0.20938 0.86732 0.10979 -0.00214 -0.48548
1540821894.170710087 -11.17692 -8.46713 0.20121 0.87096 0.06594 0.02482 -0.48628
1540821894.284416914 -11.56798 -8.35534 0.18914 0.87335 0.00634 0.06158 -0.48314
1540821894.369578123 -11.85349 -8.22701 0.17963 0.87234 -0.04498 0.08515 -0.47931
1540821894.454488039 -12.12978 -8.06281 0.17143 0.86737 -0.09945 0.10734 -0.47566
1540821894.566814899 -12.46818 -7.79114 0.16482 0.85318 -0.17349 0.14127 -0.47119
1540821894.650069952 -12.69257 -7.55463 0.16368 0.83842 -0.23484 0.16712 -0.46257
1540821894.759612083 -12.94452 -7.20395 0.16415 0.81447 -0.32007 0.19811 -0.44153
1540821894.840759993 -13.09345 -6.92190 0.16703 0.79193 -0.37995 0.22272 -0.42294
1540821894.947932959 -13.23655 -6.52769 0.17430 0.75541 -0.44801 0.26203 -0.39999
1540821895.027892113 -13.30464 -6.22506 0.18081 0.72502 -0.49525 0.29138 -0.37969
1540821895.134094954 -13.33788 -5.81899 0.18923 0.68058 -0.55600 0.32858 -0.34599
1540821895.213372946 -13.32264 -5.51722 0.19423 0.64329 -0.60009 0.35254 -0.31905
1540821895.318517923 -13.24919 -5.12798 0.19866 -0.59127 0.65157 -0.38389 0.28016
1540821895.422959089 -13.11450 -4.76156 0.20066 -0.53602 0.69827 -0.41063 0.23766
1540821895.500808954 -12.97716 -4.50396 0.19970 -0.49091 0.73230 -0.42381 0.20769
1540821895.604075909 -12.74829 -4.19278 0.19604 -0.42695 0.77632 -0.43181 0.16907
1540821895.706928968 -12.47232 -3.92604 0.19213 -0.36338 0.81281 -0.43627 0.13026
1540821895.783976078 -12.23685 -3.76506 0.19013 -0.31471 0.83509 -0.43960 0.10168
1540821895.886902094 -11.89763 -3.59570 0.18678 -0.24868 0.85684 -0.44686 0.06557
1540821895.990394115 -11.53270 -3.48958 0.18178 -0.18548 0.87542 -0.44549 0.02791
1540821896.094532967 -11.14883 -3.46038 0.17919 -0.12415 0.88505 -0.44851 -0.01047
1540821896.173124075 -10.85525 -3.48842 0.17770 -0.07557 0.89065 -0.44680 -0.03736
1540821896.278660059 -10.46189 -3.58280 0.17604 -0.00935 0.88929 -0.45166 -0.07125
1540821896.358398914 -10.17213 -3.70056 0.17766 0.03953 0.88489 -0.45396 -0.09661
1540821896.465595007 -9.80250 -3.91868 0.18220 0.10592 0.87603 -0.45158 -0.13204
1540821896.546725988 -9.54115 -4.12463 0.18800 0.15813 0.86454 -0.45003 -0.15825
1540821896.655942917 -9.22456 -4.45069 0.19858 0.22591 0.84709 -0.43893 -0.19683
1540821896.738647938 -9.01686 -4.73328 0.20905 0.28293 0.82695 -0.43040 -0.22552
1540821896.849862099 -8.78955 -5.15276 0.22900 0.36945 0.78931 -0.41829 -0.25600
1540821896.934008121 -8.65858 -5.49194 0.24791 0.43872 0.75998 -0.39625 -0.27009
1540821897.047029018 -8.54999 -5.96389 0.27920 0.52044 0.71492 -0.36429 -0.29211
1540821897.132461071 -8.52186 -6.32345 0.30344 0.57957 0.67645 -0.33849 -0.30321
1540821897.218480110 -8.54294 -6.67867 0.32607 0.63417 0.63350 -0.31318 -0.31374
1540821897.334104061 -8.65199 -7.12903 0.35421 0.69757 0.57214 -0.27511 -0.33222
1540821897.421456099 -8.79407 -7.43928 0.37213 0.74272 0.51801 -0.24604 -0.34568
1540821897.509222984 -8.98339 -7.71654 0.38614 0.78226 0.46263 -0.21565 -0.35713
1540821897.597254992 -9.21733 -7.95435 0.39787 0.81002 0.41083 -0.18695 -0.37435
1540821897.714828014 -9.59230 -8.19562 0.41261 0.83530 0.35348 -0.14694 -0.39463
1540821897.802963018 -9.90927 -8.31845 0.42472 0.84981 0.31157 -0.11608 -0.40899
1540821897.890908003 -10.24855 -8.39635 0.43536 0.86425 0.26303 -0.08566 -0.42018
1540821897.978540897 -10.60653 -8.41821 0.44348 0.87498 0.21571 -0.04963 -0.43060
1540821898.094799995 -11.10416 -8.37682 0.45165 0.88478 0.13986 -0.00679 -0.44448
1540821898.181509972 -11.48560 -8.29151 0.45650 0.88875 0.06980 0.01789 -0.45268
1540821898.267693043 -11.86075 -8.15958 0.46156 0.89029 -0.00107 0.04506 -0.45315
1540821898.381467104 -12.33829 -7.91901 0.46851 0.88144 -0.10062 0.08872 -0.45283
1540821898.465567112 -12.67240 -7.69756 0.47376 0.86779 -0.17682 0.12622 -0.44693
1540821898.548432112 -12.97319 -7.44221 0.48137 0.84836 -0.25372 0.15778 -0.43705
1540821898.657212019 -13.32146 -7.06792 0.49515 0.81579 -0.34538 0.20299 -0.41713
1540821898.737780094 -13.53344 -6.76639 0.50775 0.78613 -0.41317 0.23438 -0.39542
1540821898.844322920 -13.75528 -6.35036 0.52223 0.74281 -0.50014 0.26998 -0.35383
1540821898.950258017 -13.90264 -5.92822 0.53501 0.69127 -0.58131 0.29618 -0.31064
1540821899.029371977 -13.95587 -5.61311 0.54252 0.65297 -0.63240 0.30997 -0.27859
1540821899.134344101 -13.94914 -5.21073 0.55224 -0.60304 0.68442 -0.33092 0.24165
1540821899.212668896 -13.89308 -4.92784 0.55880 -0.56385 0.71982 -0.34320 0.21483
1540821899.316589117 -13.74961 -4.58237 0.56737 -0.51371 0.75774 -0.35862 0.18254
1540821899.420056105 -13.52554 -4.28431 0.57848 -0.47310 0.77835 -0.38394 0.15147
1540821899.523178101 -13.23383 -4.03463 0.59059 -0.43269 0.79627 -0.40584 0.11842
1540821899.600393057 -12.97511 -3.87789 0.60086 -0.39876 0.80981 -0.42023 0.09281
1540821899.703272104 -12.58427 -3.71058 0.61588 -0.34740 0.82817 -0.43588 0.05885
1540821899.806415081 -12.14525 -3.60089 0.63054 -0.28323 0.85378 -0.43621 0.02379
1540821899.884202957 -11.78851 -3.55504 0.63952 -0.22186 0.87630 -0.42765 -0.00095
1540821899.988583088 -11.28547 -3.55586 0.65055 -0.13514 0.90020 -0.41272 -0.03214
1540821900.093724012 -10.76808 -3.64120 0.65852 -0.05219 0.91488 -0.39499 -0.06518
1540821900.173109055 -10.37971 -3.76493 0.66161 0.00768 0.91923 -0.38285 -0.09152
1540821900.279762983 -9.87548 -4.00940 0.65926 0.09237 0.91805 -0.36551 -0.12267
1540821900.360491991 -9.51552 -4.25053 0.65104 0.16877 0.90903 -0.35346 -0.14228
1540821900.469347000 -9.08180 -4.65257 0.63950 0.27256 0.88317 -0.34310 -0.16734
1540821900.552115917 -8.80616 -5.00737 0.63084 0.35343 0.85479 -0.33221 -0.18452
1540821900.664169073 -8.51987 -5.53466 0.61607 0.46466 0.80544 -0.30550 -0.20499
1540821900.749531984 -8.38278 -5.95992 0.60302 0.54457 0.75856 -0.28001 -0.22277
1540821900.836056948 -8.31897 -6.39559 0.58690 0.61278 0.70491 -0.25961 -0.24537
1540821900.953066111 -8.35193 -6.96820 0.56342 0.69210 0.62563 -0.23264 -0.27472
1540821901.041820049 -8.46726 -7.37429 0.54713 0.74181 0.56320 -0.21138 -0.29639
1540821901.131233931 -8.65713 -7.74412 0.53012 0.78885 0.49519 -0.18781 -0.31183
1540821901.221147060 -8.90518 -8.06518 0.51252 0.83184 0.41962 -0.16331 -0.32449
1540821901.311377048 -9.20489 -8.32484 0.49549 0.86525 0.34524 -0.14220 -0.33457
1540821901.431996107 -9.66767 -8.55243 0.47787 0.89418 0.25378 -0.11336 -0.35098
1540821901.522584915 -10.04452 -8.62576 0.46793 0.90975 0.18323 -0.09092 -0.36126
1540821901.613193989 -10.43245 -8.62215 0.45803 0.91585 0.13873 -0.05825 -0.37225
1540821901.703774929 -10.82486 -8.54215 0.44775 0.91469 0.10539 -0.01998 -0.38966
1540821901.794115067 -11.21648 -8.39037 0.44156 0.91063 0.06039 0.01687 -0.40843
1540821901.883857012 -11.60281 -8.17630 0.44026 0.90524 -0.00082 0.05295 -0.42158
1540821902.001977921 -12.08596 -7.79980 0.45618 0.89377 -0.09989 0.11118 -0.42290
1540821902.088968992 -12.41696 -7.46337 0.48038 0.87647 -0.18349 0.15844 -0.41597
1540821902.174289942 -12.71285 -7.08967 0.51468 0.85057 -0.27084 0.19531 -0.40623
1540821902.285542011 -13.04514 -6.55408 0.57483 0.80125 -0.39345 0.23066 -0.38729
1540821902.367418051 -13.24157 -6.14079 0.62938 0.75597 -0.48047 0.25650 -0.36314
1540821902.475183010 -13.41526 -5.58713 0.71404 0.68597 -0.59509 0.27528 -0.31548
1540821902.555249929 -13.47706 -5.18244 0.78357 -0.62711 0.67340 -0.27994 0.27370
1540821902.661288977 -13.47038 -4.68058 0.88022 -0.55985 0.74366 -0.29562 0.21483
1540821902.740350008 -13.39619 -4.34176 0.95341 -0.51251 0.78298 -0.30900 0.16970
1540821902.845207930 -13.22291 -3.94891 1.05002 -0.44660 0.82510 -0.32733 0.11230
1540821902.949593067 -12.96468 -3.62701 1.14170 -0.38001 0.85691 -0.34168 0.06742
1540821903.027720928 -12.71366 -3.43264 1.20308 -0.33937 0.87434 -0.34426 0.04302
1540821903.131904125 -12.32218 -3.25880 1.27911 -0.28652 0.89909 -0.33079 0.01075
1540821903.236324072 -11.88003 -3.18265 1.34297 -0.22268 0.92211 -0.31586 -0.01882
1540821903.314872980 -11.51977 -3.19343 1.38044 -0.15886 0.93686 -0.30938 -0.03673
1540821903.420082092 -11.01883 -3.30507 1.41308 -0.08752 0.94704 -0.29970 -0.07508
1540821903.499377966 -10.63709 -3.45350 1.42018 -0.03310 0.94766 -0.29880 -0.10753
1540821903.605715036 -10.13120 -3.74780 1.40738 0.05274 0.94086 -0.30346 -0.14111
1540821903.712780952 -9.64231 -4.14165 1.37707 0.14825 0.92391 -0.31062 -0.16710
1540821903.793759108 -9.30369 -4.50343 1.34762 0.22759 0.90546 -0.30850 -0.18213
1540821903.902857065 -8.91257 -5.06895 1.30380 0.34171 0.87164 -0.28740 -0.20217
1540821903.985721111 -8.68219 -5.54472 1.27057 0.42686 0.83428 -0.26704 -0.22464
1540821904.069616079 -8.51721 -6.05462 1.23856 0.51064 0.78391 -0.24711 -0.25231
1540821904.183017015 -8.41631 -6.76335 1.20560 0.60687 0.70669 -0.21846 -0.29081
1540821904.269072056 -8.43328 -7.29692 1.18868 0.67690 0.63739 -0.19387 -0.31298
1540821904.355843067 -8.53368 -7.81244 1.18014 0.75437 0.54360 -0.17305 -0.32477
1540821904.472426891 -8.78147 -8.43022 1.18713 0.83053 0.41644 -0.14944 -0.33832
1540821904.560344934 -9.04257 -8.81504 1.20709 0.87238 0.32349 -0.13081 -0.34235
1540821904.648591042 -9.34852 -9.11305 1.23990 0.89734 0.24884 -0.10527 -0.34897
1540821904.737144947 -9.68223 -9.32107 1.28255 0.91411 0.18352 -0.07608 -0.35346
1540821904.855636120 -10.14847 -9.45326 1.35065 0.93044 0.11030 -0.04072 -0.34707
1540821904.944859028 -10.50667 -9.43933 1.40779 0.93746 0.04912 -0.02368 -0.34381
1540821905.034332037 -10.85815 -9.32908 1.46869 0.93936 -0.00161 -0.00870 -0.34283
1540821905.123829126 -11.19073 -9.12934 1.53161 0.93476 -0.04207 0.00480 -0.35275
1540821905.212971926 -11.49814 -8.85165 1.59856 0.91813 -0.09238 0.00310 -0.38535
1540821905.330151081 -11.84162 -8.37756 1.70314 0.89459 -0.16421 -0.00447 -0.41560
1540821905.415942907 -12.04096 -7.96975 1.78728 0.88391 -0.21596 -0.00646 -0.41476
1540821905.499860048 -12.18937 -7.53805 1.86389 0.87284 -0.28273 -0.00123 -0.39776
1540821905.609448910 -12.31124 -6.93622 1.93429 0.84246 -0.38869 0.01458 -0.37278
1540821905.690531969 -12.35826 -6.47823 1.95924 0.81416 -0.45800 0.04767 -0.35370
1540821905.797658920 -12.33549 -5.86023 1.95698 0.77404 -0.52892 0.09636 -0.33440
1540821905.904326916 -12.23931 -5.23764 1.90398 0.72067 -0.56759 0.15358 -0.36726
1540821905.984196901 -12.11742 -4.77850 1.84347 0.67358 -0.58444 0.19498 -0.40829
1540821906.090713024 -11.89861 -4.18977 1.75156 0.63011 -0.60271 0.22006 -0.43735
1540821906.170767069 -11.69296 -3.77006 1.68111 -0.58119 0.63492 -0.21736 0.46027
1540821906.278090954 -11.36075 -3.26494 1.58564 -0.52938 0.67389 -0.23062 0.46092
1540821906.359106064 -11.07103 -2.93756 1.51441 -0.49838 0.69610 -0.27537 0.43730
1540821906.467977047 -10.64311 -2.55690 1.42790 -0.43325 0.73684 -0.32022 0.40843
1540821906.550405979 -10.28459 -2.32958 1.37119 -0.37390 0.77235 -0.33567 0.38858
1540821906.661415100 -9.77600 -2.11578 1.31718 -0.30896 0.79358 -0.37568 0.36556
1540821906.745491028 -9.37830 -2.02512 1.29140 -0.27882 0.79702 -0.40322 0.35274
1540821906.858597994 -8.84596 -1.98673 1.28194 -0.25794 0.79354 -0.43630 0.33675
1540821906.944014072 -8.45154 -2.02561 1.29547 -0.22437 0.79605 -0.47030 0.30787
1540821907.029706001 -8.07188 -2.11516 1.33285 -0.15614 0.80436 -0.50945 0.26286
1540821907.144335985 -7.60668 -2.30427 1.41564 -0.03318 0.81810 -0.54210 0.18902
1540821907.230952978 -7.29231 -2.48394 1.49647 0.06716 0.82701 -0.53975 0.14216
1540821907.318397999 -7.01770 -2.69871 1.59206 0.16779 0.82588 -0.52948 0.09707
1540821907.406646013 -6.78955 -2.94310 1.69269 0.24185 0.81876 -0.51876 0.04519
1540821907.525543928 -6.55983 -3.30471 1.83512 0.30056 0.78832 -0.53556 -0.03727
1540821907.615267038 -6.43145 -3.58314 1.94974 0.32723 0.77555 -0.53297 -0.08592
1540821907.704960108 -6.35001 -3.87096 2.07356 0.35093 0.77321 -0.51371 -0.12288
1540821907.794409037 -6.31508 -4.16836 2.19913 0.37708 0.76911 -0.49250 -0.15401
1540821907.883524895 -6.31362 -4.47250 2.30951 0.40439 0.76196 -0.47319 -0.17882
1540821908.001740932 -6.35397 -4.88694 2.43239 0.43598 0.74733 -0.45585 -0.20886
1540821908.089875937 -6.42483 -5.20441 2.51449 0.46696 0.73035 -0.45013 -0.21431
1540821908.177486897 -6.53199 -5.52217 2.58995 0.51212 0.70480 -0.44501 -0.20726
1540821908.264792919 -6.68772 -5.83153 2.65843 0.55466 0.67430 -0.44153 -0.20671
1540821908.380844116 -6.95676 -6.22355 2.73495 0.60698 0.63419 -0.43063 -0.20959
1540821908.467543125 -7.20377 -6.49440 2.77892 0.63289 0.61438 -0.41518 -0.22272
1540821908.553864956 -7.49266 -6.73950 2.81121 0.64365 0.60518 -0.39595 -0.25039
1540821908.668087959 -7.93198 -7.03173 2.83522 0.65957 0.59062 -0.36781 -0.28435
1540821908.752861977 -8.29603 -7.22597 2.84001 0.68204 0.56565 -0.34904 -0.30502
1540821908.836694002 -8.68642 -7.39494 2.83731 0.71508 0.52525 -0.32783 -0.32451
1540821908.946811914 -9.23972 -7.57778 2.82423 0.77891 0.43926 -0.29046 -0.34056
1540821909.028228998 -9.67649 -7.67617 2.80802 0.81880 0.36875 -0.26029 -0.35475
1540821909.134939909 -10.27447 -7.73967 2.78075 0.86021 0.25642 -0.22318 -0.38009
1540821909.213865042 -10.72330 -7.73365 2.75775 0.88098 0.16378 -0.19623 -0.39817
1540821909.317812920 -11.30322 -7.65060 2.72824 0.88764 0.05294 -0.15492 -0.43046
1540821909.420452118 -11.84271 -7.48729 2.70273 0.88291 -0.05643 -0.11546 -0.45162
1540821909.522125959 -12.32558 -7.25905 2.68357 0.86412 -0.16144 -0.07441 -0.47085
1540821909.597973108 -12.63834 -7.05055 2.67570 0.84133 -0.22344 -0.03074 -0.49122
1540821909.698771954 -12.98563 -6.74396 2.67823 -0.80580 0.29415 -0.04140 0.51231
1540821909.799623013 -13.26027 -6.41874 2.69844 -0.76040 0.36743 -0.10267 0.52559
1540821909.901027918 -13.47377 -6.08299 2.71904 -0.71224 0.43191 -0.14106 0.53504
1540821909.977564096 -13.60303 -5.82972 2.71591 -0.68952 0.46991 -0.15190 0.52979
1540821910.080470085 -13.73878 -5.50027 2.68232 -0.66467 0.51501 -0.15570 0.51840
1540821910.184169054 -13.82564 -5.18541 2.61450 -0.63924 0.55597 -0.15202 0.50908
1540821910.262336016 -13.84002 -4.96378 2.54795 -0.62752 0.57285 -0.16698 0.50017
1540821910.366920948 -13.80059 -4.70264 2.45516 0.61468 -0.59091 0.19464 -0.48488
1540821910.471781015 -13.69743 -4.47928 2.36694 -0.59877 0.61184 -0.21891 0.46819
1540821910.550540924 -13.57407 -4.33839 2.30554 -0.59367 0.62133 -0.23903 0.45207
1540821910.655653954 -13.35819 -4.17783 2.22685 -0.57846 0.63923 -0.25527 0.43772
1540821910.760883093 -13.08719 -4.04659 2.14429 -0.54952 0.64667 -0.28625 0.44487
1540821910.839930058 -12.85129 -3.97373 2.07819 -0.54473 0.63993 -0.30985 0.44470
1540821910.945535898 -12.50559 -3.89978 1.98217 -0.54200 0.63073 -0.32821 0.44799
1540821911.024955988 -12.22266 -3.86012 1.90467 -0.54190 0.61374 -0.35168 0.45386
1540821911.131206989 -11.82178 -3.82835 1.79193 -0.54513 0.58846 -0.38258 0.45846
1540821911.238043070 -11.39912 -3.80969 1.66994 -0.54404 0.57289 -0.40340 0.46161
1540821911.318711996 -11.06614 -3.80613 1.58140 -0.53835 0.56330 -0.42080 0.46454
1540821911.427139997 -10.60518 -3.81033 1.47726 -0.52733 0.55748 -0.43719 0.46905
1540821911.509068966 -10.24878 -3.81909 1.41271 -0.51759 0.55328 -0.44718 0.47540
1540821911.618981123 -9.76759 -3.84230 1.34365 -0.51088 0.54649 -0.45592 0.48217
1540821911.701798916 -9.40370 -3.86463 1.29770 -0.51113 0.53897 -0.46416 0.48251
1540821911.784847021 -9.03895 -3.89084 1.25526 -0.51189 0.53160 -0.47053 0.48371
1540821911.895750046 -8.55368 -3.93068 1.20655 -0.51600 0.51781 -0.47940 0.48558
1540821911.978878021 -8.19184 -3.95945 1.17514 0.52137 -0.50602 0.48250 -0.48919
1540821912.089514971 -7.71688 -3.99734 1.14759 -0.53092 0.48053 -0.48655 0.50049
1540821912.172347069 -7.36775 -4.02370 1.13943 -0.54040 0.45206 -0.49235 0.51107
1540821912.282453060 -6.91839 -4.05126 1.13737 -0.55525 0.41227 -0.49471 0.52630
1540821912.364711046 -6.59640 -4.06510 1.13803 -0.56847 0.38501 -0.49041 0.53676
1540821912.473891020 -6.18940 -4.07019 1.14341 -0.58476 0.34196 -0.48990 0.54875
1540821912.555395126 -5.90503 -4.06280 1.14687 -0.59688 0.31745 -0.48336 0.55617
1540821912.663592100 -5.55529 -4.04063 1.15092 -0.61401 0.30131 -0.45664 0.56894
1540821912.744401932 -5.31298 -4.01214 1.15805 -0.62598 0.28895 -0.43161 0.58170
1540821912.851546049 -5.01376 -3.96183 1.17787 -0.64047 0.27247 -0.39642 0.59867
1540821912.931349993 -4.80480 -3.91837 1.20128 -0.64943 0.25959 -0.37420 0.60896
1540821913.036983967 -4.54588 -3.85166 1.24484 -0.65921 0.24591 -0.35193 0.61734
1540821913.141770124 -4.30343 -3.78142 1.29968 -0.66543 0.23163 -0.34117 0.62221
1540821913.219861031 -4.13732 -3.72251 1.34410 -0.67343 0.23250 -0.32717 0.62080
1540821913.323406935 -3.93749 -3.63525 1.41023 -0.68738 0.24088 -0.30856 0.61177
1540821913.426319122 -3.74976 -3.53936 1.48460 -0.69453 0.23948 -0.29940 0.60880
1540821913.503118038 -3.61729 -3.46166 1.53784 -0.70211 0.23961 -0.28943 0.60486
1540821913.605081081 -3.44256 -3.34722 1.60433 -0.71177 0.24170 -0.27057 0.60146
1540821913.706622124 -3.26445 -3.22396 1.66976 -0.71569 0.22994 -0.26386 0.60439
1540821913.807785034 -3.09858 -3.08985 1.73041 -0.72110 0.22505 -0.25089 0.60533
1540821913.883452892 -2.97132 -2.98545 1.77263 -0.72794 0.22739 -0.23615 0.60219
1540821913.984152079 -2.80907 -2.83659 1.82806 -0.72885 0.22447 -0.22891 0.60497
1540821914.084692001 -2.64603 -2.67767 1.87552 -0.72744 0.22030 -0.23047 0.60761
1540821914.185174942 -2.48637 -2.51077 1.91375 -0.72633 0.21801 -0.23256 0.60896
1540821914.260550976 -2.36277 -2.37951 1.93635 -0.72540 0.21674 -0.23461 0.60973
1540821914.361145973 -2.19289 -2.19933 1.95887 -0.72432 0.21661 -0.23577 0.61061
1540821914.461955070 -2.02016 -2.01184 1.96829 -0.72345 0.21646 -0.23744 0.61105
1540821914.563040018 -1.85244 -1.81635 1.95862 -0.72365 0.21358 -0.24141 0.61027
1540821914.664498091 -1.68383 -1.61317 1.93384 -0.72421 0.20878 -0.24771 0.60875
1540821914.740860939 -1.56301 -1.45515 1.90798 -0.72445 0.20748 -0.25139 0.60740
1540821914.843082905 -1.40397 -1.23770 1.86843 -0.72211 0.20923 -0.26465 0.60393
1540821914.945749044 -1.24522 -1.01159 1.82242 -0.71719 0.21660 -0.28547 0.59769
1540821915.023005962 -1.12695 -0.83690 1.78102 -0.71243 0.22726 -0.29991 0.59233
1540821915.126291037 -0.96866 -0.59309 1.71858 -0.70673 0.24278 -0.30915 0.58823
1540821915.229871988 -0.81469 -0.33847 1.65204 -0.69978 0.26146 -0.30542 0.59048
1540821915.307835102 -0.70068 -0.14300 1.60276 -0.69119 0.28321 -0.29415 0.59626
1540821915.412312984 -0.54192 0.12232 1.54236 -0.68332 0.30136 -0.28786 0.59949
1540821915.517564058 -0.37574 0.38890 1.48969 -0.67764 0.31512 -0.28599 0.59976
1540821915.597002029 -0.24462 0.58662 1.45644 -0.67530 0.31915 -0.29025 0.59822
1540821915.703776121 -0.06267 0.85050 1.42079 -0.67415 0.32118 -0.29640 0.59542
1540821915.784487963 0.07749 1.04510 1.39799 -0.67337 0.32109 -0.30115 0.59395
1540821915.893012047 0.27274 1.30942 1.37649 -0.67045 0.31975 -0.30616 0.59543
1540821915.975188017 0.42432 1.50854 1.37080 -0.66696 0.31536 -0.31234 0.59847
1540821916.085971117 0.62920 1.77706 1.38067 -0.66514 0.31360 -0.31550 0.59975
1540821916.170025110 0.78564 1.97982 1.40251 -0.66459 0.31543 -0.31664 0.59880
1540821916.283560038 0.99855 2.25131 1.45297 -0.66339 0.31900 -0.32049 0.59618
1540821916.369915009 1.16045 2.45303 1.50152 -0.66354 0.33166 -0.31423 0.59243
1540821916.457391024 1.32853 2.65560 1.55855 -0.66251 0.34994 -0.30346 0.58867
1540821916.546102047 1.50690 2.85886 1.62533 -0.66080 0.35784 -0.30377 0.58568
1540821916.666608095 1.75857 3.13019 1.72326 -0.66369 0.37218 -0.29941 0.57563
1540821916.758867025 1.96074 3.33168 1.80239 -0.66426 0.37590 -0.30223 0.57107
1540821916.852924109 2.17622 3.53273 1.88076 -0.66127 0.37590 -0.31020 0.57026
1540821916.948962927 2.40106 3.73002 1.95307 -0.65431 0.38519 -0.31640 0.56867
1540821917.047141075 2.64121 3.93223 2.02936 -0.63643 0.39008 -0.32971 0.57801
1540821917.147638083 2.89036 4.13052 2.11052 -0.61663 0.38617 -0.34663 0.59202
1540821917.215963125 3.05623 4.25731 2.16033 -0.60153 0.38070 -0.35662 0.60502
1540821917.320419073 3.30787 4.44467 2.22179 -0.57726 0.36811 -0.37353 0.62590
1540821917.427000999 3.55349 4.61987 2.27220 -0.55179 0.35592 -0.38935 0.64596
1540821917.498991966 3.70470 4.72064 2.30608 -0.53500 0.34765 -0.40076 0.65750
1540821917.607772112 3.91970 4.86544 2.36092 -0.50663 0.33328 -0.41707 0.67699
1540821917.716711998 4.09974 4.98214 2.41699 -0.47829 0.31654 -0.43156 0.69627
1540821917.789034128 4.19180 5.03758 2.44828 -0.46520 0.30877 -0.43810 0.70450
1540821917.896646976 4.29295 5.09545 2.48472 -0.45899 0.30859 -0.43633 0.70973
1540821918.003237009 4.34916 5.12144 2.51043 -0.46049 0.30902 -0.43693 0.70820
1540821918.073869944 4.37317 5.13537 2.52236 -0.46335 0.31124 -0.43535 0.70633
1540821918.179362059 4.36315 5.11488 2.51723 -0.49316 0.32672 -0.42162 0.68723
1540821918.284709930 4.35067 5.10175 2.49168 -0.53213 0.34842 -0.40134 0.65907
1540821918.355318069 4.30892 5.05862 2.46450 -0.54951 0.35796 -0.39209 0.64511
1540821918.462451935 4.23489 4.96754 2.41191 -0.58033 0.37197 -0.37218 0.62156
1540821918.571633101 4.13870 4.85314 2.34621 -0.60875 0.38193 -0.35274 0.59927
1540821918.645792961 4.06307 4.75783 2.29998 -0.61815 0.38362 -0.34519 0.59293
1540821918.759179115 3.95741 4.61735 2.23468 -0.62411 0.37959 -0.33990 0.59233
1540821918.836062908 3.84923 4.47850 2.18735 -0.62910 0.37626 -0.33621 0.59129
1540821918.952973127 3.75455 4.34335 2.11681 -0.63922 0.35621 -0.33799 0.59184
1540821919.031743050 3.71650 4.26841 2.06512 -0.64519 0.34194 -0.33954 0.59289
1540821919.150725126 3.66467 4.16379 1.97713 -0.65400 0.32691 -0.33435 0.59466
1540821919.230355978 3.63136 4.09593 1.91507 -0.66526 0.32339 -0.32396 0.58983
1540821919.310065031 3.59941 4.03234 1.85303 -0.67954 0.32221 -0.30931 0.58201
1540821919.429595947 3.56159 3.94820 1.76058 -0.69558 0.31381 -0.29213 0.57650
1540821919.509131908 3.54193 3.90011 1.69615 -0.70605 0.30776 -0.28256 0.57178
1540821919.627901077 3.52420 3.83816 1.59903 -0.72058 0.29886 -0.26996 0.56442
1540821919.706521034 3.51775 3.80523 1.53465 -0.72842 0.28896 -0.26664 0.56107
1540821919.784538984 3.52194 3.78527 1.47385 -0.73601 0.27831 -0.26521 0.55722
1540821919.900234938 3.54091 3.77370 1.38696 -0.74460 0.26142 -0.26547 0.55386
1540821919.976404905 3.55955 3.78032 1.33041 -0.74933 0.25104 -0.26540 0.55231
1540821920.089176893 3.59833 3.81362 1.24705 -0.75055 0.24123 -0.25717 0.55888
1540821920.200259924 3.64374 3.87262 1.16138 -0.74194 0.22623 -0.25122 0.57899
1540821920.273464918 3.67545 3.92356 1.10145 -0.73492 0.21192 -0.25029 0.59358
1540821920.382266045 3.72655 4.01305 1.00647 -0.72917 0.19349 -0.25146 0.60634
1540821920.454252005 3.75973 4.08046 0.94102 -0.72836 0.19003 -0.24824 0.60972
1540821920.561475992 3.80946 4.19209 0.84844 -0.72112 0.18394 -0.24692 0.62063
1540821920.667871952 3.85606 4.31371 0.76539 -0.70208 0.17474 -0.25284 0.64235
1540821920.738456011 3.88401 4.39629 0.71367 -0.68880 0.17054 -0.25684 0.65613
1540821920.844074965 3.91510 4.51957 0.64501 -0.67259 0.16515 -0.26149 0.67229
1540821920.949579000 3.93463 4.63798 0.58809 -0.66279 0.16164 -0.26497 0.68145
1540821921.055016041 3.94411 4.75094 0.54012 -0.66102 0.16233 -0.26586 0.68266
1540821921.125269890 3.94500 4.82254 0.50938 -0.65950 0.16352 -0.26548 0.68399
1540821921.230561018 3.93296 4.92531 0.45963 -0.66088 0.16440 -0.26548 0.68245
1540821921.335591078 3.91053 5.02320 0.40398 -0.66176 0.16314 -0.26293 0.68288
1540821921.405349970 3.89190 5.08708 0.35980 -0.66302 0.16185 -0.26129 0.68260
1540821921.509414911 3.85464 5.17944 0.27583 -0.66808 0.16292 -0.25883 0.67833
1540821921.612514019 3.80860 5.26961 0.17000 -0.66775 0.16319 -0.25845 0.67874
1540821921.714260101 3.75607 5.35217 0.05972 -0.70969 0.21965 -0.19070 0.64166
1540821921.814445972 3.73724 5.39972 0.13895 -0.69355 0.20839 -0.21164 0.65633
1540821921.880482912 3.72289 5.42753 0.17755 -0.71993 0.21547 -0.19949 0.62887
1540821921.978589058 3.71042 5.47699 0.23340 -0.71622 0.21556 -0.19972 0.63299
1540821922.075756073 3.69952 5.53603 0.25509 -0.71432 0.21473 -0.20272 0.63446
1540821922.172595024 3.68887 5.60044 0.21743 -0.71231 0.21640 -0.20450 0.63558
1540821922.269347906 3.68210 5.65853 0.11118 -0.70993 0.21691 -0.20627 0.63749
1540821922.365983009 3.67142 5.68646 0.09722 -0.67575 0.21566 -0.22362 0.66846
1540821922.462677956 3.64571 5.68142 0.14926 -0.70003 0.23397 -0.20666 0.64226
1540821922.559498072 3.62633 5.68126 0.15304 -0.68508 0.21465 -0.21832 0.66100
1540821922.656419992 3.60357 5.69111 0.07648 -0.69101 0.20784 -0.21402 0.65841
1540821922.753497124 3.59858 5.69563 0.10991 -0.68157 0.20747 -0.20819 0.67014
1540821922.850606918 3.59383 5.70005 0.10763 -0.68411 0.19928 -0.20350 0.67147
1540821922.947753906 3.59166 5.70211 0.09967 -0.68697 0.19790 -0.20321 0.66904
1540821923.044866085 3.59137 5.69785 0.10232 -0.68814 0.19919 -0.20251 0.66766
1540821923.141973972 3.59244 5.69980 0.09980 -0.68885 0.19960 -0.20163 0.66708
1540821923.239085913 3.59035 5.69957 0.10062 -0.68907 0.19951 -0.20163 0.66688
1540821923.336201906 3.58920 5.69965 0.10133 -0.68907 0.19937 -0.20172 0.66689
1540821923.433310986 3.58843 5.69935 0.10259 -0.68929 0.19913 -0.20162 0.66677
1540821923.498053074 3.58783 5.69940 0.10251 -0.68915 0.19971 -0.20133 0.66683
1540821923.595160961 3.58749 5.69965 0.10351 -0.68923 0.19962 -0.20118 0.66681
1540821923.692248106 3.58749 5.69995 0.10384 -0.68921 0.19957 -0.20145 0.66677
1540821923.789313078 3.58710 5.69998 0.10352 -0.68921 0.19963 -0.20131 0.66680
1540821923.886361122 3.58678 5.69997 0.10211 -0.68915 0.19971 -0.20125 0.66685
1540821923.983388901 3.58642 5.70000 0.09933 -0.68907 0.19965 -0.20125 0.66695
1540821924.080384016 3.58613 5.69988 0.09616 -0.68892 0.19964 -0.20135 0.66708
1540821924.177356005 3.58704 5.70029 0.09449 -0.68876 0.19961 -0.20149 0.66720
1540821924.274332047 3.58780 5.70092 0.09354 -0.68865 0.19960 -0.20165 0.66728
1540821924.371302128 3.58865 5.70168 0.09251 -0.68850 0.19960 -0.20170 0.66742
1540821924.468270063 3.58984 5.70256 0.09135 -0.68838 0.19949 -0.20185 0.66752
1540821924.565232992 3.59117 5.70334 0.09036 -0.68827 0.19938 -0.20195 0.66764
1540821924.662199020 3.59243 5.70398 0.08961 -0.68817 0.19930 -0.20202 0.66775
1540821924.759187937 3.59321 5.70470 0.08911 -0.68815 0.19919 -0.20206 0.66779
1540821924.856199026 3.59482 5.70638 0.08793 -0.68810 0.19909 -0.20215 0.66784
1540821924.953243017 3.59475 5.70638 0.08792 -0.68806 0.19907 -0.20218 0.66788
1540821925.050307035 3.59472 5.70638 0.08794 -0.68802 0.19905 -0.20219 0.66792
1540821925.147393942 3.59477 5.70641 0.08796 -0.68800 0.19903 -0.20220 0.66795
1540821925.244488001 3.59487 5.70649 0.08789 -0.68796 0.19902 -0.20223 0.66798
1540821925.309211016 3.59405 5.70570 0.08790 -0.68796 0.19902 -0.20225 0.66798
1540821925.406274080 3.59497 5.70649 0.08784 -0.68789 0.19899 -0.20230 0.66805
1540821925.503314018 3.59497 5.70651 0.08779 -0.68785 0.19899 -0.20234 0.66807
1540821925.600332975 3.59504 5.70654 0.08780 -0.68781 0.19900 -0.20236 0.66811
1540821925.697357893 3.59505 5.70645 0.08778 -0.68777 0.19899 -0.20240 0.66814
1540821925.794394016 3.59497 5.70630 0.08778 -0.68773 0.19897 -0.20243 0.66818
1540821925.891448021 3.59496 5.70619 0.08779 -0.68771 0.19894 -0.20247 0.66819
1540821925.988502026 3.59497 5.70614 0.08778 -0.68769 0.19893 -0.20248 0.66822
1540821926.085550070 3.59498 5.70609 0.08775 -0.68765 0.19892 -0.20250 0.66825
1540821926.182574987 3.59487 5.70602 0.08777 -0.68763 0.19893 -0.20251 0.66826
1540821926.279582024 3.59485 5.70592 0.08778 -0.68761 0.19892 -0.20252 0.66829
1540821926.376564980 3.59486 5.70595 0.08791 -0.68761 0.19890 -0.20252 0.66829
1540821926.473526001 3.59479 5.70585 0.08792 -0.68760 0.19888 -0.20254 0.66830
1540821926.570470095 3.59485 5.70592 0.08792 -0.68761 0.19887 -0.20254 0.66830
1540821926.667413950 3.59479 5.70586 0.08791 -0.68757 0.19888 -0.20254 0.66833
1540821926.764374018 3.59479 5.70580 0.08788 -0.68755 0.19887 -0.20255 0.66836
1540821926.861350060 3.59480 5.70577 0.08791 -0.68755 0.19885 -0.20255 0.66836
1540821926.958338022 3.59472 5.70569 0.08792 -0.68754 0.19883 -0.20256 0.66837
1540821927.022990942 3.59405 5.70518 0.08817 -0.68760 0.19886 -0.20254 0.66831
1540821927.119956017 3.59460 5.70553 0.08806 -0.68753 0.19881 -0.20259 0.66838
1540821927.216921091 3.59451 5.70541 0.08811 -0.68751 0.19879 -0.20262 0.66840
1540821927.313899040 3.59442 5.70532 0.08820 -0.68749 0.19879 -0.20266 0.66841
1540821927.410872936 3.59438 5.70529 0.08826 -0.68750 0.19878 -0.20268 0.66840
1540821927.507848024 3.59425 5.70520 0.08836 -0.68748 0.19878 -0.20271 0.66840
1540821927.604815960 3.59422 5.70514 0.08846 -0.68747 0.19875 -0.20271 0.66842
1540821927.701776981 3.59427 5.70518 0.08849 -0.68747 0.19873 -0.20270 0.66843
1540821927.798738956 3.59420 5.70509 0.08862 -0.68746 0.19872 -0.20269 0.66845
1540821927.895694971 3.59421 5.70512 0.08864 -0.68747 0.19871 -0.20270 0.66844
1540821927.992649078 3.59416 5.70501 0.08877 -0.68746 0.19870 -0.20270 0.66845
1540821928.089600086 3.59403 5.70489 0.08889 -0.68745 0.19869 -0.20272 0.66846
1540821928.186554909 3.59393 5.70485 0.08900 -0.68744 0.19870 -0.20273 0.66846
1540821928.283502102 3.59383 5.70473 0.08920 -0.68742 0.19872 -0.20275 0.66847
1540821928.380439043 3.59377 5.70464 0.08936 -0.68740 0.19873 -0.20276 0.66849
1540821928.477364063 3.59375 5.70458 0.08940 -0.68738 0.19873 -0.20273 0.66852
1540821928.574280977 3.59373 5.70455 0.08947 -0.68739 0.19873 -0.20273 0.66851
1540821928.671189070 3.59372 5.70456 0.08952 -0.68740 0.19876 -0.20274 0.66848
1540821928.768089056 3.59369 5.70455 0.08958 -0.68741 0.19875 -0.20275 0.66848
1540821928.832690001 3.59361 5.70451 0.08957 -0.68741 0.19879 -0.20275 0.66846
1540821928.929590940 3.59365 5.70450 0.08962 -0.68740 0.19877 -0.20273 0.66848
1540821929.026499033 3.59365 5.70448 0.08964 -0.68739 0.19874 -0.20270 0.66852
1540821929.123410940 3.59361 5.70445 0.08969 -0.68739 0.19873 -0.20267 0.66853
1540821929.220324993 3.59363 5.70442 0.08970 -0.68740 0.19872 -0.20264 0.66853
1540821929.317260027 3.59366 5.70441 0.08975 -0.68741 0.19871 -0.20260 0.66853
1540821929.414222956 3.59363 5.70440 0.08978 -0.68741 0.19872 -0.20260 0.66852
1540821929.511228085 3.59361 5.70437 0.08983 -0.68741 0.19873 -0.20262 0.66852
1540821929.608264923 3.59356 5.70435 0.08987 -0.68742 0.19875 -0.20263 0.66851
1540821929.705322981 3.59351 5.70430 0.08988 -0.68741 0.19878 -0.20261 0.66850
1540821929.802381039 3.59343 5.70425 0.08990 -0.68740 0.19882 -0.20263 0.66850
1540821929.899449110 3.59338 5.70423 0.08992 -0.68739 0.19882 -0.20265 0.66851
1540821929.996514082 3.59340 5.70421 0.08993 -0.68739 0.19881 -0.20262 0.66851
1540821930.093579054 3.59336 5.70419 0.08995 -0.68741 0.19882 -0.20263 0.66849
1540821930.190639973 3.59333 5.70416 0.08997 -0.68742 0.19883 -0.20261 0.66848
1540821930.287696123 3.59331 5.70414 0.08998 -0.68741 0.19882 -0.20260 0.66850
1540821930.384752989 3.59330 5.70415 0.09002 -0.68742 0.19882 -0.20261 0.66848
1540821930.481822014 3.59330 5.70412 0.09004 -0.68741 0.19883 -0.20259 0.66850
1540821930.546539068 3.59327 5.70410 0.08997 -0.68742 0.19886 -0.20258 0.66848
1540821930.643610954 3.59323 5.70408 0.09006 -0.68743 0.19885 -0.20258 0.66847
1540821930.740660906 3.59321 5.70406 0.09009 -0.68743 0.19885 -0.20259 0.66848
1540821930.837688923 3.59322 5.70404 0.09012 -0.68744 0.19883 -0.20258 0.66847
