1468941033.775629520 0.20450 0.04682 -0.05087 0.87063 -0.02349 0.01754 -0.49106
1468941033.867760658 0.27910 0.05304 -0.04950 0.86701 -0.02814 0.01599 -0.49724
1468941033.959890604 0.31048 0.06011 -0.06091 0.86981 -0.05484 -0.01899 -0.48997
1468941034.052021742 0.34919 0.05892 -0.06389 0.88370 -0.06307 -0.01721 -0.46346
1468941034.144152641 0.39090 0.07748 -0.07091 0.88425 -0.07016 -0.00445 -0.46170
1468941034.236283541 0.41983 0.08038 -0.07029 0.88569 -0.07443 0.01536 -0.45802
1468941034.374479532 0.45446 0.07310 -0.07096 0.88684 -0.08491 0.03323 -0.45299
1468941034.466610670 0.47950 0.06375 -0.06852 0.88750 -0.08596 0.04712 -0.45025
1468941034.558740616 0.49733 0.06003 -0.06547 0.88785 -0.08858 0.05509 -0.44815
1468941034.650871515 0.50541 0.05684 -0.06291 0.88748 -0.09052 0.05800 -0.44813
1468941034.743002653 0.49747 0.05899 -0.06252 0.88648 -0.08956 0.05578 -0.45058
1468941034.835132599 0.47595 0.06096 -0.06491 0.88701 -0.08801 0.05122 -0.45037
1468941034.973329544 0.43048 0.06057 -0.06683 0.88823 -0.08034 0.04227 -0.45033
1468941035.065459728 0.39699 0.05983 -0.06494 0.88862 -0.07614 0.03373 -0.45102
1468941035.157590628 0.36015 0.05828 -0.06107 0.88923 -0.06635 0.03222 -0.45148
1468941035.249721527 0.31796 0.05323 -0.05782 0.89024 -0.05346 0.02940 -0.45138
1468941035.341851711 0.27080 0.04756 -0.05349 0.89117 -0.03993 0.02710 -0.45109
1468941035.433982611 0.21977 0.04203 -0.04644 0.89326 -0.02664 0.02339 -0.44814
1468941035.572178602 0.14217 0.03640 -0.02417 0.89349 -0.00449 0.02243 -0.44851
1468941035.664309740 0.09291 0.03474 0.00120 0.89260 0.00680 0.01931 -0.45039
1468941035.756440639 0.04802 0.03455 0.03278 0.89314 0.02092 0.02670 -0.44849
1468941035.848571539 0.00824 0.03960 0.06916 0.89151 0.03397 0.02749 -0.45090
1468941035.940701723 -0.02626 0.04798 0.11020 0.88869 0.04971 0.02895 -0.45488
1468941036.032832623 -0.05541 0.06046 0.15437 0.88838 0.06210 0.02886 -0.45397
1468941036.171028614 -0.09269 0.08272 0.22278 0.88342 0.07509 0.02759 -0.46170
1468941036.263159752 -0.11533 0.09829 0.26606 0.88196 0.08624 0.02418 -0.46273
1468941036.355290651 -0.13331 0.11318 0.29994 0.87605 0.09319 0.01595 -0.47287
1468941036.447420597 -0.14643 0.12556 0.32185 0.87340 0.09643 0.01628 -0.47708
1468941036.539551735 -0.14857 0.13449 0.33072 0.87309 0.09781 0.01435 -0.47743
1468941036.631682634 -0.14034 0.13931 0.32974 0.87316 0.09697 0.00947 -0.47760
1468941036.769878626 -0.10116 0.15174 0.32170 0.87769 0.08609 0.00709 -0.47137
1468941036.862009525 -0.05980 0.16205 0.31340 0.87986 0.07657 0.00919 -0.46893
1468941036.954139709 -0.00787 0.17273 0.30449 0.87990 0.06414 0.01561 -0.47055
1468941037.046270609 0.04988 0.18279 0.29338 0.88182 0.05121 0.01842 -0.46844
1468941037.138401747 0.11105 0.19279 0.28086 0.88204 0.04152 0.01604 -0.46906
1468941037.230532646 0.17126 0.19884 0.26880 0.88200 0.03587 0.01908 -0.46949
1468941037.368728638 0.26015 0.20892 0.25365 0.88296 0.02984 0.01807 -0.46816
1468941037.460858583 0.31643 0.21539 0.24490 0.88262 0.02778 0.01731 -0.46894
1468941037.552989721 0.36829 0.22017 0.23730 0.87590 0.02807 0.02560 -0.48100
1468941037.645120621 0.41698 0.22486 0.22551 0.87843 0.02903 0.03191 -0.47593
1468941037.737251520 0.46232 0.22803 0.21270 0.87634 0.03788 0.03518 -0.47890
1468941037.829381704 0.50321 0.22970 0.19860 0.86845 0.05305 0.05349 -0.49001
1468941037.967577696 0.55738 0.23293 0.16924 0.87602 0.03953 0.05475 -0.47752
1468941038.059708595 0.58474 0.23795 0.14561 0.88199 0.04719 0.06389 -0.46453
1468941038.151839733 0.61066 0.24282 0.11797 0.88832 0.03981 0.05138 -0.45459
1468941038.243970633 0.63639 0.24386 0.08507 0.89320 0.02042 0.04019 -0.44739
1468941038.336100578 0.65723 0.24151 0.04520 0.89777 -0.00066 0.02181 -0.43992
1468941038.428231716 0.67303 0.23406 -0.00015 0.90117 -0.02662 0.00943 -0.43254
1468941038.566427708 0.68409 0.21545 -0.07662 0.91032 -0.07258 -0.01961 -0.40702
1468941038.658558607 0.68231 0.19963 -0.12674 0.91717 -0.10082 -0.04628 -0.38274
1468941038.750689745 0.67453 0.18469 -0.17005 0.92009 -0.12160 -0.06291 -0.36700
1468941038.842819691 0.66222 0.16860 -0.20763 0.91726 -0.15226 -0.08381 -0.35836
1468941038.934950590 0.64300 0.15319 -0.23911 0.91169 -0.19002 -0.10777 -0.34800
1468941039.027081728 0.61642 0.14197 -0.26545 0.90398 -0.22132 -0.12138 -0.34512
1468941039.165277719 0.56075 0.13245 -0.29076 0.89285 -0.25200 -0.13418 -0.34830
1468941039.257408619 0.51561 0.13245 -0.30139 0.88133 -0.27285 -0.13917 -0.35978
1468941039.349538565 0.46358 0.13533 -0.30830 0.86926 -0.30055 -0.15703 -0.35972
1468941039.441669703 0.40713 0.14300 -0.30921 0.86300 -0.30614 -0.16220 -0.36769
1468941039.533800602 0.34696 0.15561 -0.30376 0.86311 -0.29784 -0.15802 -0.37598
1468941039.625931740 0.28595 0.17256 -0.29248 0.86253 -0.28461 -0.15436 -0.38887
1468941039.764127731 0.19390 0.20389 -0.27118 0.86849 -0.24718 -0.13941 -0.40643
1468941039.856257677 0.13474 0.22509 -0.25726 0.87196 -0.22209 -0.14112 -0.41286
1468941039.948388577 0.07748 0.24485 -0.24306 0.87801 -0.19082 -0.12649 -0.42035
1468941040.040519714 0.02570 0.26427 -0.22648 0.88350 -0.16277 -0.10071 -0.42753
1468941040.132650614 -0.02193 0.28308 -0.20521 0.88915 -0.12652 -0.06106 -0.43551
1468941040.224780560 -0.06664 0.30115 -0.18126 0.89245 -0.09554 -0.02774 -0.44004
1468941040.362976551 -0.12505 0.33084 -0.14407 0.89666 -0.04708 0.01403 -0.43999
1468941040.455107689 -0.15780 0.35236 -0.11850 0.89927 -0.02086 0.03772 -0.43526
1468941040.547238588 -0.19253 0.37219 -0.08942 0.89606 0.01597 0.06486 -0.43888
1468941040.639369726 -0.22509 0.38909 -0.05409 0.89149 0.04713 0.08271 -0.44293
1468941040.731499672 -0.25985 0.40411 -0.01545 0.88421 0.08248 0.10808 -0.44686
1468941040.823630571 -0.29659 0.41743 0.02721 0.88010 0.11799 0.12898 -0.44144
1468941040.961826563 -0.34839 0.43481 0.08977 0.88598 0.17060 0.15463 -0.40252
1468941041.053957701 -0.37782 0.44177 0.13518 0.88911 0.19337 0.16739 -0.37957
1468941041.146088600 -0.40590 0.44600 0.18117 0.88290 0.20870 0.18127 -0.37958
1468941041.238218546 -0.42871 0.44748 0.21930 0.88312 0.22412 0.18379 -0.36890
1468941041.330349684 -0.44483 0.44952 0.24669 0.89085 0.23206 0.18635 -0.34323
1468941041.422480583 -0.45091 0.45439 0.26497 0.89788 0.23632 0.18511 -0.32203
1468941041.560676575 -0.43792 0.46951 0.28963 0.90655 0.22915 0.18404 -0.30297
1468941041.652807713 -0.41408 0.48303 0.30822 0.91279 0.21729 0.18434 -0.29261
1468941041.744937658 -0.38123 0.49869 0.32974 0.91799 0.20933 0.18331 -0.28263
1468941041.837068558 -0.33997 0.51517 0.35310 0.92140 0.19457 0.17860 -0.28506
1468941041.929199696 -0.29065 0.53342 0.37329 0.92397 0.18135 0.16953 -0.29093
1468941042.021330595 -0.23598 0.55237 0.39233 0.92645 0.16674 0.15606 -0.29923
1468941042.159526587 -0.15023 0.58024 0.41657 0.93110 0.15061 0.12350 -0.30840
1468941042.251656532 -0.09176 0.59950 0.42879 0.93213 0.14417 0.11564 -0.31140
1468941042.343787670 -0.03235 0.61767 0.43716 0.93432 0.13496 0.10205 -0.31370
1468941042.435918570 0.02556 0.63395 0.44036 0.93405 0.12923 0.09121 -0.32021
1468941042.528049707 0.07984 0.64478 0.43686 0.93235 0.12835 0.07974 -0.32845
1468941042.620179653 0.13252 0.65023 0.42990 0.93067 0.12612 0.06695 -0.33684
1468941042.758376598 0.21428 0.64852 0.41338 0.92771 0.12545 0.05134 -0.34781
1468941042.850506544 0.27140 0.64309 0.39344 0.92730 0.12111 0.03952 -0.35197
1468941042.942637682 0.32985 0.63236 0.36944 0.92769 0.11209 0.02761 -0.35505
1468941043.034768581 0.38689 0.61918 0.34048 0.92878 0.10148 0.01622 -0.35610
1468941043.126898527 0.43986 0.60465 0.31290 0.92878 0.08811 0.00740 -0.35992
1468941043.219029665 0.48890 0.59216 0.28724 0.93267 0.07659 0.00377 -0.35249
1468941043.357225657 0.55122 0.57498 0.24864 0.93542 0.06408 -0.00266 -0.34766
1468941043.449356556 0.58578 0.56319 0.21957 0.93361 0.05994 -0.01462 -0.35294
1468941043.541487694 0.61979 0.54832 0.18595 0.92924 0.05108 -0.02609 -0.36500
1468941043.633618593 0.65017 0.52978 0.14754 0.92327 0.04259 -0.03443 -0.38022
1468941043.725748539 0.67959 0.50494 0.11300 0.91770 0.02585 -0.04134 -0.39428
1468941043.817879677 0.70059 0.47653 0.08325 0.91624 0.00954 -0.04293 -0.39821
1468941043.956075668 0.72284 0.43182 0.03729 0.90625 0.00275 -0.04056 -0.42078
1468941044.048206568 0.73688 0.40231 0.00096 0.90524 -0.00912 -0.04756 -0.42212
1468941044.140337706 0.75077 0.37189 -0.04092 0.90005 -0.02119 -0.04803 -0.43262
1468941044.232467651 0.76172 0.33817 -0.08475 0.89802 -0.03812 -0.04273 -0.43622
1468941044.324598551 0.76935 0.30289 -0.12437 0.89576 -0.04776 -0.02131 -0.44145
1468941044.416729689 0.77573 0.26809 -0.15792 0.89132 -0.06681 -0.01734 -0.44809
1468941044.554925680 0.77852 0.22653 -0.20350 0.87982 -0.05589 -0.03549 -0.47068
1468941044.647056580 0.78427 0.20279 -0.23239 0.86594 -0.06004 -0.07479 -0.49086
1468941044.739186525 0.78555 0.18009 -0.25986 -0.85763 0.05942 0.07085 0.50589
1468941044.831317663 0.77543 0.16139 -0.28524 -0.86234 0.04568 0.03207 0.50324
1468941044.923448563 0.75378 0.14617 -0.30487 0.86957 -0.04161 -0.00277 -0.49204
1468941045.015578747 0.72641 0.13623 -0.31608 0.87501 -0.03798 0.02629 -0.48189
1468941045.153775692 0.67263 0.13734 -0.31233 0.88718 -0.03450 0.03218 -0.45900
1468941045.245905638 0.62878 0.14443 -0.29704 0.88497 -0.02377 0.02757 -0.46422
1468941045.338036537 0.58016 0.15395 -0.27586 0.88070 -0.01133 0.02348 -0.47296
1468941045.430167675 0.53068 0.16547 -0.25389 0.87858 -0.00318 0.01468 -0.47737
1468941045.522298574 0.47808 0.17676 -0.23121 0.87632 0.00391 0.00880 -0.48163
1468941045.614428520 0.42096 0.18617 -0.20580 0.87260 0.01140 0.00607 -0.48827
1468941045.752624750 0.33689 0.20110 -0.16721 -0.86214 -0.01864 -0.01316 0.50616
1468941045.844755650 0.28950 0.20956 -0.14580 -0.85767 -0.01440 -0.01648 0.51373
1468941045.936886549 0.24716 0.21603 -0.12868 -0.85507 -0.01282 -0.02380 0.51780
1468941046.029017687 0.20680 0.22003 -0.11337 -0.85391 -0.01416 -0.02979 0.51938
1468941046.121147633 0.16637 0.22308 -0.09895 -0.85391 -0.01940 -0.03147 0.51911
1468941046.213278532 0.12935 0.22947 -0.08502 -0.85609 -0.02121 -0.03017 0.51551
1468941046.351474524 0.08357 0.24634 -0.06339 -0.85092 -0.02657 -0.03538 0.52343
1468941046.443605661 0.05899 0.26134 -0.05247 -0.84100 -0.03968 -0.04926 0.53733
1468941046.535736561 0.03748 0.27738 -0.04500 -0.82585 -0.04688 -0.04013 0.56051
1468941046.627866745 0.00983 0.30190 -0.04095 -0.82195 -0.02565 -0.10061 0.56001
1468941046.719997644 -0.01939 0.32859 -0.03811 -0.83460 -0.04759 -0.09438 0.54061
1468941046.812128544 -0.04621 0.35149 -0.03232 -0.83362 -0.04050 -0.07317 0.54597
1468941046.950324535 -0.08737 0.38288 -0.02156 -0.83833 -0.00994 -0.02545 0.54448
1468941047.042455673 -0.12379 0.40204 -0.01660 -0.84179 -0.01141 -0.03832 0.53832
1468941047.134585619 -0.15913 0.41990 -0.01590 -0.84809 0.00557 -0.03269 0.52882
1468941047.226716518 -0.19717 0.43656 -0.01734 -0.85227 0.02247 -0.02172 0.52217
1468941047.318847656 -0.24117 0.45237 -0.01962 -0.85415 0.02256 -0.03052 0.51863
1468941047.410978556 -0.28430 0.46809 -0.02043 -0.85332 0.03767 -0.03827 0.51861
1468941047.549174547 -0.35138 0.48996 -0.01614 -0.85149 0.07108 -0.05731 0.51637
1468941047.641304731 -0.39919 0.50387 -0.01443 -0.85250 0.08673 -0.08534 0.50837
1468941047.733435631 -0.44736 0.51762 -0.01307 -0.85249 0.10518 -0.10815 0.50050
1468941047.825566530 -0.49205 0.53029 -0.01306 0.85443 -0.13050 0.10086 -0.49269
1468941047.917697668 -0.53133 0.54182 -0.01301 0.85215 -0.15579 0.10043 -0.48937
1468941048.009827614 -0.57337 0.55602 -0.01384 0.84825 -0.17403 0.11383 -0.48707
1468941048.148023605 -0.63550 0.58259 -0.01056 0.84077 -0.19468 0.12759 -0.48880
1468941048.240154743 -0.67580 0.60549 -0.00402 0.83107 -0.21605 0.13501 -0.49438
1468941048.332285643 -0.71561 0.63160 0.00669 -0.82179 0.24672 -0.10632 0.50249
1468941048.424416542 -0.75383 0.65688 0.02137 -0.80594 0.28207 -0.06203 0.51677
1468941048.516546726 -0.78441 0.68352 0.03527 -0.79108 0.32522 -0.01717 0.51782
1468941048.608677626 -0.81291 0.71206 0.04851 -0.78282 0.36092 0.01579 0.50664
1468941048.746873617 -0.85543 0.74450 0.06602 -0.74964 0.42675 0.05730 0.50264
1468941048.839004517 -0.88960 0.76312 0.07376 -0.72333 0.46814 0.07736 0.50165
1468941048.931135654 -0.92548 0.78462 0.08018 0.70506 -0.49787 -0.08848 -0.49717
1468941049.023265600 -0.96716 0.80840 0.08559 0.71555 -0.48633 -0.07992 -0.49506
1468941049.115396738 -1.00929 0.82975 0.08577 -0.73399 0.45127 0.05085 0.50501
1468941049.207527637 -1.04579 0.85000 0.06986 -0.74624 0.41480 0.01914 0.52029
1468941049.345723629 -1.08468 0.87002 0.01005 -0.76704 0.36852 -0.02655 0.52453
1468941049.437854528 -1.09820 0.87109 -0.04918 -0.77975 0.34652 -0.05505 0.51854
1468941049.529984713 -1.09818 0.85965 -0.11750 0.79705 -0.33159 0.07602 -0.49898
1468941049.622115612 -1.08865 0.83774 -0.18412 0.80817 -0.31742 0.10160 -0.48558
1468941049.714246750 -1.06700 0.81054 -0.24737 0.81712 -0.30798 0.11906 -0.47253
1468941049.806377649 -1.02851 0.78225 -0.30000 0.82752 -0.29315 0.13824 -0.45844
1468941049.944573641 -0.93834 0.74613 -0.33846 0.83170 -0.27641 0.19121 -0.44194
1468941050.036703587 -0.86912 0.72700 -0.33014 0.82163 -0.28969 0.21974 -0.43900
1468941050.128834724 -0.80165 0.71661 -0.29497 0.80809 -0.30359 0.25041 -0.43830
1468941050.220965624 -0.74544 0.71825 -0.23797 0.79141 -0.31932 0.27291 -0.44410
1468941050.313096523 -0.70756 0.73206 -0.16845 0.78931 -0.32493 0.27855 -0.44025
1468941050.405226707 -0.69505 0.75136 -0.09108 0.78154 -0.33428 0.26263 -0.45659
1468941050.543422699 -0.71738 0.78675 0.01824 0.76943 -0.33105 0.23175 -0.49464
1468941050.635553598 -0.75189 0.81620 0.07353 -0.77538 0.31885 -0.21328 0.50163
1468941050.727684736 -0.79638 0.84706 0.11462 -0.78234 0.29667 -0.19943 0.51007
1468941050.819815636 -0.84589 0.87956 0.13819 -0.78299 0.27453 -0.18502 0.52662
1468941050.911945581 -0.89867 0.91563 0.14243 -0.79222 0.26063 -0.17576 0.52303
1468941051.004076719 -0.94905 0.95035 0.12843 -0.79369 0.25414 -0.18078 0.52229
1468941051.142272711 -1.01383 0.98137 0.06795 -0.79810 0.21812 -0.19634 0.52623
1468941051.234403610 -1.03716 0.97740 0.00603 -0.80171 0.20464 -0.20690 0.52209
1468941051.326534748 -1.04060 0.95390 -0.06536 -0.80510 0.20922 -0.20263 0.51670
1468941051.418664694 -1.02982 0.92132 -0.13773 -0.80488 0.20940 -0.20884 0.51450
1468941051.510795593 -1.00636 0.88494 -0.20081 -0.81280 0.20790 -0.20829 0.50274
1468941051.602926731 -0.97471 0.84394 -0.25086 -0.81063 0.20142 -0.21466 0.50619
1468941051.741122723 -0.90995 0.77601 -0.30396 -0.81097 0.18512 -0.21699 0.51086
1468941051.833253622 -0.86218 0.72568 -0.32914 -0.80775 0.16736 -0.21201 0.52400
1468941051.925384521 -0.81438 0.67677 -0.35147 -0.80879 0.15449 -0.19895 0.53142
1468941052.017514706 -0.77265 0.63253 -0.37612 -0.80318 0.13593 -0.18827 0.54862
1468941052.109645605 -0.72975 0.59256 -0.40116 -0.79461 0.11945 -0.16955 0.57060
1468941052.201776743 -0.68451 0.55891 -0.42617 -0.78112 0.10061 -0.17218 0.59168
1468941052.339972734 -0.60989 0.51553 -0.46188 -0.77759 0.09571 -0.16728 0.59850
1468941052.432103634 -0.55768 0.48289 -0.48907 -0.77478 0.09392 -0.15883 0.60470
1468941052.524233580 -0.50437 0.44513 -0.51668 -0.77107 0.08415 -0.15927 0.61074
1468941052.616364717 -0.44426 0.41409 -0.53134 -0.76475 0.08256 -0.16434 0.61752
1468941052.708495617 -0.38205 0.38399 -0.53908 -0.75087 0.08174 -0.16508 0.63424
1468941052.800625563 -0.31491 0.35547 -0.54313 -0.74977 0.08214 -0.16873 0.63453
1468941052.938822746 -0.21674 0.31977 -0.56258 -0.73936 0.06459 -0.16564 0.64941
1468941053.030952692 -0.15135 0.29971 -0.58114 -0.73550 0.05245 -0.15282 0.65797
1468941053.123083591 -0.07887 0.28007 -0.59716 -0.74037 0.04174 -0.13857 0.65644
1468941053.215214729 0.00394 0.25994 -0.60554 -0.74751 0.03232 -0.12210 0.65213
1468941053.307344675 0.09699 0.24485 -0.60535 -0.75105 0.02529 -0.10161 0.65189
1468941053.399475574 0.19384 0.23578 -0.60411 -0.75630 0.01864 -0.08826 0.64798
1468941053.537671566 0.33733 0.23228 -0.60507 -0.76828 0.02531 -0.10724 0.63056
1468941053.629802704 0.43069 0.22818 -0.59982 -0.77374 0.03277 -0.11676 0.62178
1468941053.721933603 0.51749 0.22698 -0.58298 -0.78348 0.03716 -0.12883 0.60678
1468941053.814064741 0.59182 0.22739 -0.54064 -0.79026 0.04565 -0.13369 0.59626
1468941053.906194687 0.65195 0.22989 -0.47206 -0.78890 0.05308 -0.12758 0.59879
1468941053.998325586 0.69388 0.23504 -0.37974 -0.78928 0.05353 -0.11216 0.60132
1468941054.136521578 0.72258 0.24865 -0.21158 -0.78187 0.03910 -0.08082 0.61694
1468941054.228652716 0.72520 0.26267 -0.09034 -0.77293 0.03498 -0.06134 0.63055
1468941054.320783615 0.71250 0.27792 0.02987 -0.76679 0.03146 -0.04801 0.63932
1468941054.412913561 0.68791 0.28820 0.14588 -0.76425 0.02589 -0.03235 0.64359
1468941054.505044699 0.65425 0.29470 0.25348 -0.76343 0.02019 -0.02529 0.64508
1468941054.597175598 0.61217 0.30244 0.34896 -0.76385 0.01801 -0.03357 0.64426
1468941054.735371590 0.53689 0.31934 0.47089 -0.77771 0.02300 -0.02672 0.62764
1468941054.827502728 0.48291 0.33033 0.53488 -0.78291 0.03227 -0.02865 0.62064
1468941054.919632673 0.42622 0.33734 0.58669 -0.78450 0.03468 -0.02937 0.61846
1468941055.011763573 0.37252 0.33998 0.63506 -0.79239 0.04196 -0.01244 0.60845
1468941055.103894711 0.32198 0.34307 0.67862 -0.79632 0.04754 0.00398 0.60299
1468941055.196025610 0.27095 0.35161 0.71378 -0.80117 0.04506 0.01761 0.59647
1468941055.334221601 0.19360 0.37416 0.74789 -0.82051 0.04744 0.03477 0.56860
1468941055.426351547 0.14198 0.39321 0.75882 -0.83096 0.04499 0.04710 0.55250
1468941055.518482685 0.09050 0.41000 0.76078 -0.84244 0.04559 0.06074 0.53341
1468941055.610613585 0.03958 0.42525 0.75928 -0.85164 0.04950 0.07458 0.51643
1468941055.702744722 -0.01046 0.44193 0.74658 -0.86064 0.04956 0.07688 0.50093
1468941055.794874668 -0.06864 0.44947 0.73814 0.86313 -0.03361 -0.07968 -0.49752
1468941055.933070660 -0.15435 0.47534 0.71021 0.87441 -0.01791 -0.07629 -0.47883
1468941056.025201559 -0.21268 0.49107 0.69040 0.87753 -0.00008 -0.07398 -0.47378
1468941056.117332697 -0.27292 0.51228 0.66818 0.88099 0.01927 -0.05484 -0.46955
1468941056.209463596 -0.33416 0.53385 0.64456 0.87770 0.03687 -0.04081 -0.47605
1468941056.301593542 -0.40836 0.56334 0.60995 0.87561 0.06493 0.00580 -0.47859
1468941056.393724680 -0.48550 0.59303 0.55429 0.86500 0.11749 0.07042 -0.48271
1468941056.531920671 -0.58304 0.63428 0.43687 0.83613 0.20866 0.18127 -0.47379
1468941056.624051571 -0.61885 0.64891 0.34218 0.81837 0.25828 0.22930 -0.45932
1468941056.716182709 -0.63127 0.66145 0.23690 0.78624 0.31408 0.29346 -0.44391
1468941056.808312654 -0.62361 0.67308 0.13552 0.76131 0.34883 0.34100 -0.42714
1468941056.900443554 -0.60836 0.68228 0.03680 0.75830 0.36732 0.36828 -0.39296
1468941056.992574692 -0.57373 0.68246 -0.04805 0.75422 0.38634 0.38521 -0.36538
1468941057.130770683 -0.49871 0.65987 -0.10699 0.77951 0.36180 0.32336 -0.39611
1468941057.222901583 -0.43793 0.63874 -0.10348 0.83575 0.27430 0.20941 -0.42712
1468941057.315031528 -0.36509 0.60652 -0.08181 0.86902 0.13245 0.04068 -0.47498
1468941057.407162666 -0.28022 0.56889 -0.06172 0.86620 -0.03657 -0.11865 -0.48403
1468941057.499293566 -0.18668 0.52464 -0.04991 0.82126 -0.16373 -0.23988 -0.49111
1468941057.591424704 -0.10626 0.49350 -0.05569 0.86298 -0.16303 -0.20869 -0.43028
1468941057.729620695 0.01030 0.47383 -0.07350 0.91422 0.03925 0.01451 -0.40304
1468941057.821750641 0.09926 0.47896 -0.06982 0.88551 0.15226 0.11469 -0.42371
1468941057.913881540 0.18099 0.47693 -0.04880 0.83695 0.23226 0.16098 -0.46867
1468941058.006012678 0.26788 0.46280 -0.02751 -0.80010 -0.25755 -0.15172 0.52009
1468941058.098143578 0.35991 0.44939 -0.00916 -0.80348 -0.20819 -0.06731 0.55366
1468941058.190273523 0.45534 0.41439 -0.01248 -0.81172 -0.13392 -0.08666 0.56184
1468941058.328469515 0.60031 0.34099 -0.03373 -0.83430 -0.04195 -0.17155 0.52227
1468941058.420600653 0.67850 0.28257 -0.05762 0.85376 -0.02903 0.19572 -0.48162
1468941058.512731552 0.71678 0.22257 -0.09424 0.86828 -0.03059 0.20045 -0.45274
1468941058.604862690 0.70198 0.17462 -0.14099 0.88210 -0.00438 0.20195 -0.42556
1468941058.696992636 0.64700 0.13956 -0.16819 0.90094 0.00527 0.16381 -0.40179
1468941058.789123535 0.56517 0.12640 -0.16224 0.90864 0.02371 0.12327 -0.39828
1468941058.927319527 0.43165 0.14650 -0.05394 0.89870 0.04176 0.04546 -0.43419
1468941059.019450665 0.35830 0.17411 0.06888 0.87726 0.07717 -0.00761 -0.47372
1468941059.111581564 0.32928 0.20558 0.20011 -0.83545 -0.09614 0.04649 0.53909
1468941059.203711748 0.34874 0.23688 0.30052 -0.78612 -0.08035 0.05613 0.61025
1468941059.295842648 0.39662 0.27312 0.34094 -0.76621 -0.05299 0.03783 0.63928
1468941059.387973547 0.45902 0.30672 0.30798 -0.76738 -0.01025 0.00758 0.64106
1468941059.526169538 0.54525 0.34065 0.14554 -0.81044 0.04441 -0.07597 0.57917
1468941059.618300676 0.58373 0.32950 0.00222 -0.83760 0.07468 -0.13915 0.52296
1468941059.710430622 0.57695 0.28821 -0.12487 0.87163 -0.08124 0.18356 -0.44718
1468941059.802561522 0.51346 0.24176 -0.19463 0.89294 -0.06275 0.19165 -0.40248
1468941059.894692659 0.40517 0.22939 -0.19736 0.91159 -0.04608 0.15456 -0.37813
1468941059.986823559 0.28917 0.24763 -0.14630 0.92035 -0.05180 0.11256 -0.37095
1468941060.125019550 0.13152 0.30284 -0.00059 0.90892 -0.04553 0.05363 -0.41098
1468941060.217149734 0.06200 0.34351 0.12288 0.88170 -0.04536 0.03320 -0.46845
1468941060.309280634 0.01459 0.38256 0.21892 0.87326 -0.05404 0.02343 -0.48368
1468941060.401411533 -0.02253 0.40844 0.24786 0.86421 -0.08100 0.02352 -0.49601
1468941060.493542671 -0.06005 0.41885 0.18283 0.87540 -0.08497 0.03726 -0.47442
1468941060.585672617 -0.07808 0.40800 0.05057 0.89071 -0.07869 0.08798 -0.43897
1468941060.723869562 -0.06902 0.35197 -0.13561 0.89638 -0.06961 0.16425 -0.40581
1468941060.815999746 -0.07746 0.32595 -0.18903 0.90000 -0.05782 0.19559 -0.38523
1468941060.908130646 -0.12593 0.32749 -0.16745 0.89748 -0.02032 0.17835 -0.40289
1468941061.000261545 -0.20249 0.36113 -0.09151 0.87986 0.02219 0.14441 -0.45222
1468941061.092391729 -0.28773 0.41111 0.00762 0.86037 0.08256 0.11671 -0.48922
1468941061.184522629 -0.36004 0.47403 0.10620 -0.85026 -0.10556 -0.09889 0.50610
1468941061.322718620 -0.43997 0.58093 0.19356 -0.84515 -0.07981 -0.11929 0.51490
1468941061.414849520 -0.47967 0.65913 0.19193 0.86096 0.05909 0.13717 -0.48625
1468941061.506980658 -0.50739 0.71736 0.14414 0.87341 0.06955 0.15255 -0.45721
1468941061.599111557 -0.49884 0.72570 0.06488 0.87283 0.08876 0.16544 -0.45047
1468941061.691241741 -0.45097 0.68145 -0.01005 0.87907 0.11004 0.14167 -0.44166
1468941061.783372641 -0.37269 0.60279 -0.06354 0.87776 0.12848 0.12853 -0.44329
1468941061.921568632 -0.23480 0.48168 -0.09685 0.88380 0.16217 0.13473 -0.41766
1468941062.013699532 -0.14149 0.41464 -0.09622 0.88231 0.17418 0.15162 -0.41012
1468941062.105830669 -0.04335 0.36469 -0.08814 0.87454 0.17396 0.16969 -0.41967
1468941062.197960615 0.05621 0.32887 -0.08374 0.87204 0.16830 0.18738 -0.41965
1468941062.290091753 0.15101 0.30293 -0.08794 0.87207 0.16347 0.21574 -0.40770
1468941062.382222652 0.23931 0.27710 -0.09436 0.87015 0.17512 0.23798 -0.39438
1468941062.520418644 0.36227 0.24198 -0.10757 0.86279 0.18849 0.26575 -0.38659
1468941062.612549543 0.43866 0.21925 -0.11492 0.86184 0.19118 0.26437 -0.38833
1468941062.704679728 0.51106 0.19573 -0.12986 0.85295 0.22005 0.26530 -0.39201
1468941062.796810627 0.57977 0.17739 -0.15705 0.84327 0.24103 0.28024 -0.39021
1468941062.888941526 0.63520 0.16737 -0.19393 0.83540 0.25284 0.29930 -0.38548
1468941062.981071711 0.66520 0.16117 -0.24201 0.81943 0.27237 0.31866 -0.39091
1468941063.119268656 0.65453 0.15963 -0.33390 0.79473 0.29632 0.33213 -0.41266
1468941063.211398602 0.60304 0.16350 -0.40128 0.79363 0.29855 0.31889 -0.42348
1468941063.303529739 0.52016 0.18129 -0.47205 0.80052 0.29922 0.30087 -0.42323
1468941063.395660639 0.41208 0.21712 -0.53717 0.80597 0.29400 0.28141 -0.42988
1468941063.487791538 0.28497 0.27016 -0.58502 0.81082 0.28828 0.26218 -0.43673
1468941063.579921722 0.14659 0.34058 -0.60603 0.81817 0.25770 0.24773 -0.45036
1468941063.718117714 -0.06421 0.45663 -0.58622 0.83160 0.17632 0.21417 -0.48113
1468941063.810248613 -0.18992 0.53566 -0.54839 0.83771 0.11460 0.19644 -0.49651
1468941063.902379751 -0.28960 0.60960 -0.48472 -0.83983 -0.05296 -0.18521 0.50753
1468941063.994510651 -0.35567 0.66341 -0.39498 -0.84422 0.01268 -0.17257 0.50729
1468941064.086640596 -0.39671 0.69683 -0.28692 -0.84669 0.04942 -0.15715 0.50594
1468941064.178771734 -0.43105 0.71874 -0.17318 0.86164 -0.06592 0.13530 -0.48468
1468941064.316967726 -0.47261 0.74348 -0.04004 0.89883 -0.04846 0.11691 -0.41963
1468941064.409098625 -0.47657 0.75227 -0.01041 0.92099 -0.05009 0.10056 -0.37305
1468941064.501229525 -0.46040 0.74104 -0.03102 0.93246 -0.04523 0.08074 -0.34923
1468941064.593359709 -0.42423 0.70494 -0.08226 0.93990 -0.02429 0.06322 -0.33466
1468941064.685490608 -0.36502 0.64327 -0.13736 0.93840 0.00902 0.03935 -0.34319
1468941064.777621746 -0.28352 0.56324 -0.18847 0.93390 0.05659 0.03085 -0.35169
1468941064.915817738 -0.11201 0.42919 -0.24797 0.92435 0.09576 0.04608 -0.36644
1468941065.007948637 -0.00377 0.37474 -0.24744 0.92746 0.10476 0.10140 -0.34433
1468941065.100078583 0.05007 0.38048 -0.15304 0.92327 0.11744 0.12058 -0.34532
1468941065.192209721 0.06786 0.41088 0.01777 0.90226 0.10502 0.09099 -0.40818
1468941065.284340620 0.09068 0.43186 0.17727 0.88418 0.07283 0.05774 -0.45781
1468941065.376471519 0.13016 0.43907 0.24722 0.86787 0.02775 0.03141 -0.49501
1468941065.514667749 0.23622 0.38392 0.12975 0.87201 -0.00815 0.05901 -0.48585
1468941065.606797695 0.31005 0.30639 0.01542 0.88933 -0.00000 0.11347 -0.44297
1468941065.698928595 0.34656 0.30203 0.03897 0.90074 -0.03301 0.11716 -0.41696
1468941065.791059732 0.36814 0.32395 0.16654 0.87291 -0.07003 0.06764 -0.47807
1468941065.883190632 0.39730 0.31673 0.24970 -0.84362 0.08079 -0.05408 0.52806
1468941065.975320578 0.43693 0.27895 0.21894 -0.83460 0.08948 -0.06726 0.53937
1468941066.113516569 0.50273 0.15604 0.04281 -0.80708 0.07961 -0.13870 0.56837
1468941066.205647707 0.53566 0.10236 0.00302 -0.79780 0.06191 -0.15615 0.57905
1468941066.297778606 0.55225 0.08027 0.03311 -0.77605 0.03178 -0.15325 0.61095
1468941066.389909744 0.56597 0.07039 0.07003 -0.76014 -0.00158 -0.15739 0.63040
1468941066.482039690 0.58294 0.06322 0.10879 -0.73505 -0.04391 -0.15917 0.65760
1468941066.574170589 0.61411 0.07463 0.15358 -0.73058 -0.04023 -0.13629 0.66787
1468941066.712366581 0.68562 0.14162 0.24793 -0.74438 0.03530 -0.06920 0.66323
1468941066.804497719 0.72631 0.18652 0.28628 -0.72892 0.05824 -0.03045 0.68144
1468941066.896628618 0.75225 0.21916 0.20774 -0.74510 0.04845 -0.02357 0.66477
1468941066.988758564 0.76480 0.21778 0.01586 -0.82133 0.01737 -0.06747 0.56619
1468941067.080889702 0.74917 0.20943 -0.09357 0.89808 0.00862 0.06591 -0.43478
1468941067.173020601 0.67871 0.25761 0.01726 -0.85515 -0.03900 -0.02026 0.51652
1468941067.311216593 0.56720 0.31270 0.24552 -0.75001 -0.03103 0.02572 0.66020
1468941067.403347731 0.50580 0.31209 0.23183 -0.74060 -0.00620 0.01940 0.67164
1468941067.495477676 0.44935 0.28462 0.05377 -0.80112 -0.02611 -0.04165 0.59649
1468941067.587608576 0.39999 0.21692 -0.15219 0.89104 0.06891 0.11891 -0.43262
1468941067.679739714 0.31018 0.21834 -0.14899 0.90533 0.05756 0.12064 -0.40312
1468941067.771870613 0.17768 0.29166 0.02601 0.86572 0.04643 0.06169 -0.49454
1468941067.910066605 0.00236 0.33694 0.24924 -0.81284 -0.05414 0.02338 0.57949
1468941068.002196550 -0.07050 0.33953 0.19802 -0.81640 -0.07564 0.03011 0.57172
1468941068.094327688 -0.10511 0.31238 -0.01510 0.86236 0.14564 0.03919 -0.48332
1468941068.186458588 -0.09857 0.25791 -0.21750 0.90096 0.21664 0.12127 -0.35585
1468941068.278589725 -0.17741 0.28160 -0.23763 0.90283 0.24607 0.12378 -0.33019
1468941068.370719671 -0.35262 0.38648 -0.08316 0.85449 0.26373 0.05826 -0.44373
1468941068.508915663 -0.57944 0.51363 0.15082 -0.78334 -0.27929 -0.01106 0.55521
1468941068.601046562 -0.64943 0.55356 0.12373 -0.78593 -0.29870 -0.02732 0.54069
1468941068.693177700 -0.62450 0.56387 -0.05955 0.79037 0.35336 0.09473 -0.49140
1468941068.785308599 -0.46950 0.57058 -0.28377 0.84649 0.34916 0.15670 -0.37011
1468941068.877438545 -0.27220 0.55700 -0.39277 0.86942 0.33436 0.23067 -0.28126
1468941068.969569683 -0.14495 0.60200 -0.35337 0.86739 0.27426 0.29713 -0.29005
1468941069.107765675 -0.22358 0.76277 -0.12486 0.83486 0.18560 0.28564 -0.43241
1468941069.199896574 -0.36127 0.82135 0.00290 0.81552 0.19953 0.22848 -0.49286
1468941069.292027712 -0.48540 0.82506 0.05846 -0.79520 -0.23425 -0.14338 0.54058
1468941069.384157658 -0.56596 0.78989 0.01023 -0.79503 -0.26287 -0.06590 0.54267
1468941069.476288557 -0.56414 0.70637 -0.14180 0.83200 0.26345 0.02669 -0.48750
1468941069.568419695 -0.45644 0.61584 -0.29700 0.88685 0.23394 0.00967 -0.39834
1468941069.706615686 -0.11434 0.51504 -0.31199 0.93963 0.08212 -0.01693 -0.33177
1468941069.798746586 0.17371 0.49066 -0.19460 0.92595 -0.07939 -0.03507 -0.36754
1468941069.890877724 0.40660 0.45430 -0.05338 0.86815 -0.21017 -0.04964 -0.44685
1468941069.983007669 0.50888 0.43530 0.06844 -0.81745 0.24466 0.12376 0.50655
1468941070.075138569 0.49580 0.44650 0.15475 -0.79055 0.21310 0.19115 0.54137
1468941070.167269707 0.41287 0.46381 0.17843 -0.79968 0.10130 0.19911 0.55732
1468941070.305465698 0.30822 0.44508 0.04130 -0.84262 -0.03530 0.18557 0.50430
1468941070.397596598 0.36526 0.38352 -0.08745 0.88722 0.02850 -0.19310 -0.41802
1468941070.489726543 0.55624 0.30489 -0.16388 0.90983 -0.00595 -0.16857 -0.37914
1468941070.581857681 0.80805 0.26322 -0.14577 0.91395 -0.09724 -0.06892 -0.38794
1468941070.673988581 0.94913 0.27523 -0.01286 0.86338 -0.11499 0.05720 -0.48794
1468941070.766118526 0.89762 0.31607 0.13355 -0.80654 0.04713 -0.08892 0.58255
1468941070.904315710 0.68106 0.33763 0.12607 -0.78267 -0.16747 -0.13499 0.58409
1468941070.996445656 0.66133 0.29400 -0.02793 0.81534 0.25524 0.14711 -0.49843
1468941071.088576555 0.74393 0.23435 -0.12916 0.86633 0.18876 0.15122 -0.43701
1468941071.180707693 0.76928 0.19685 -0.18328 0.89043 0.12336 0.20383 -0.38777
1468941071.272838593 0.65961 0.17985 -0.22295 0.89197 0.15966 0.18988 -0.37794
1468941071.364968538 0.48033 0.22491 -0.20075 0.89417 0.18964 0.13936 -0.38087
1468941071.503164530 0.25662 0.35467 0.07893 -0.80927 -0.15965 -0.10994 0.55454
1468941071.595295668 0.17598 0.40202 0.21310 -0.76530 -0.11882 -0.12968 0.61918
1468941071.687426567 0.11374 0.42605 0.11873 -0.79301 -0.15682 -0.16009 0.56650
1468941071.779557705 0.09736 0.39534 -0.13476 0.85693 0.24597 0.25288 -0.37579
1468941071.871687651 0.08425 0.36430 -0.21744 0.88176 0.25794 0.26239 -0.29517
1468941071.963818550 -0.01162 0.44245 -0.07781 0.86662 0.21125 0.19204 -0.40923
1468941072.102014542 -0.10975 0.55652 0.13592 -0.79487 -0.08241 -0.07826 0.59604
1468941072.194145679 -0.14506 0.60357 0.02872 -0.82441 -0.09676 -0.10730 0.54724
1468941072.286276579 -0.15009 0.61297 -0.23665 0.89622 0.16960 0.20512 -0.35489
1468941072.378406525 -0.14025 0.58581 -0.37619 0.92762 0.18005 0.25347 -0.20701
1468941072.470537663 -0.24801 0.65518 -0.31319 0.92447 0.19297 0.20022 -0.26081
1468941072.562668562 -0.39672 0.75412 -0.12445 0.88595 0.19463 0.10562 -0.40751
1468941072.700864553 -0.53053 0.82960 0.11721 -0.79174 -0.23064 -0.02927 0.56488
1468941072.792995691 -0.57058 0.80677 0.12651 -0.75481 -0.26044 -0.04526 0.60032
1468941072.885125637 -0.53838 0.77376 -0.02739 -0.78390 -0.28235 -0.06703 0.54889
1468941072.977256536 -0.40419 0.72212 -0.29064 0.85652 0.31996 0.10359 -0.39150
