1473347432.117902994 -0.14456 -0.02819 0.00991 -0.81886 -0.09867 0.04575 0.56360
1473347432.212033987 -0.17920 -0.04726 0.01063 -0.82980 -0.09560 0.06708 0.54570
1473347432.353230000 -0.21186 -0.06377 0.01302 -0.83764 -0.09473 0.08764 0.53076
1473347432.447360992 -0.22591 -0.07732 0.00489 -0.84446 -0.10122 0.08663 0.51879
1473347432.541491985 -0.22516 -0.07677 0.00094 -0.84462 -0.09997 0.09092 0.51803
1473347432.635622025 -0.21856 -0.08057 -0.00297 -0.84405 -0.10163 0.08784 0.51918
1473347432.729753017 -0.20593 -0.07196 -0.00603 -0.84456 -0.09768 0.08331 0.51985
1473347432.823884010 -0.18570 -0.06911 -0.00601 -0.84552 -0.09193 0.07581 0.52048
1473347432.918015003 -0.16263 -0.05942 -0.00552 -0.84673 -0.07861 0.07240 0.52118
1473347433.059211016 -0.11680 -0.04040 -0.00438 -0.85068 -0.05514 0.05975 0.51937
1473347433.153341055 -0.08014 -0.02504 -0.00270 -0.85333 -0.04054 0.04676 0.51769
1473347433.247472048 -0.03731 -0.00783 -0.00216 -0.85319 -0.02520 0.02905 0.52019
1473347433.341603041 0.00914 0.00666 -0.00252 -0.84918 -0.01407 0.00901 0.52783
1473347433.435734034 0.05891 0.02280 -0.00145 -0.85186 0.00268 -0.00379 0.52375
1473347433.529864073 0.10348 0.03554 0.00189 -0.85367 0.01716 -0.01769 0.52023
1473347433.623995066 0.13440 0.03356 0.00363 -0.85004 0.02630 -0.03872 0.52463
1473347433.765191078 0.18493 0.03749 0.00667 -0.84860 0.04871 -0.05832 0.52355
1473347433.859322071 0.20956 0.03735 0.00727 -0.84859 0.06186 -0.06726 0.52110
1473347433.953453064 0.22568 0.03426 0.00843 -0.84943 0.06799 -0.07161 0.51838
1473347434.047583103 0.22915 0.02916 0.00276 -0.85075 0.07034 -0.06945 0.51619
1473347434.141714096 0.22210 0.02556 -0.00188 -0.85270 0.06628 -0.06480 0.51411
1473347434.235845089 0.20409 0.02418 -0.00267 -0.85452 0.05793 -0.05955 0.51274
1473347434.329975128 0.17984 0.02129 -0.00689 -0.85712 0.04953 -0.04964 0.51032
1473347434.471172094 0.13554 0.01515 -0.01622 -0.86282 0.03755 -0.03061 0.50318
1473347434.565301895 0.09944 0.00820 -0.02174 -0.86445 0.02782 -0.02297 0.50142
1473347434.659433126 0.05845 0.00009 -0.02716 0.86639 -0.01325 0.01583 -0.49894
1473347434.753564119 0.01533 -0.00815 -0.03113 0.86675 0.00500 0.00804 -0.49866
1473347434.847693920 -0.02474 -0.01734 -0.03321 0.86584 0.02065 -0.00058 -0.49990
1473347434.941824913 -0.06125 -0.02453 -0.03463 0.86736 0.03103 -0.01306 -0.49653
1473347435.035955906 -0.09218 -0.02996 -0.03536 0.87055 0.03495 -0.02416 -0.49025
1473347435.177151918 -0.12635 -0.03949 -0.03530 0.86709 0.04667 -0.02506 -0.49532
1473347435.271282911 -0.14239 -0.04371 -0.03669 0.86655 0.05177 -0.02355 -0.49583
1473347435.365413904 -0.15076 -0.04556 -0.03974 0.86839 0.05402 -0.02239 -0.49241
1473347435.459543943 -0.15409 -0.04682 -0.04112 0.86836 0.05570 -0.01896 -0.49242
1473347435.553674936 -0.15527 -0.04757 -0.04023 0.86820 0.05587 -0.01701 -0.49277
1473347435.647805929 -0.15440 -0.04571 -0.03488 0.86738 0.05468 -0.01737 -0.49433
1473347435.741935968 -0.15366 -0.04357 -0.02256 0.86518 0.04964 -0.02223 -0.49850
1473347435.883132935 -0.15522 -0.03852 0.01020 -0.85751 -0.04279 0.03179 0.51169
1473347435.977262974 -0.15726 -0.03504 0.04033 -0.85248 -0.03695 0.03696 0.52015
1473347436.071393967 -0.15870 -0.02866 0.07271 -0.84877 -0.03231 0.03985 0.52626
1473347436.165524960 -0.15947 -0.02320 0.10544 -0.84557 -0.02612 0.04463 0.53135
1473347436.259654999 -0.15967 -0.01871 0.13767 -0.84440 -0.02335 0.05280 0.53259
1473347436.353785992 -0.16039 -0.01378 0.16820 -0.83912 -0.02191 0.05281 0.54093
1473347436.447916985 -0.16321 -0.00679 0.19186 -0.83885 -0.02429 0.04978 0.54153
1473347436.589112997 -0.16598 -0.00112 0.21995 -0.83737 -0.02655 0.05200 0.54351
1473347436.683243990 -0.16557 -0.00169 0.23452 -0.83502 -0.02618 0.05861 0.54646
1473347436.777374983 -0.16497 0.00032 0.24138 -0.83281 -0.02336 0.05943 0.54986
1473347436.871505022 -0.16199 0.00090 0.24074 -0.83281 -0.02225 0.05934 0.54992
1473347436.965636015 -0.16216 0.00336 0.22716 -0.83407 -0.02142 0.05787 0.54819
1473347437.059767008 -0.15575 0.00211 0.20806 -0.83591 -0.02256 0.05654 0.54549
1473347437.153897047 -0.15020 -0.00120 0.18330 -0.83915 -0.02234 0.05517 0.54064
1473347437.295094013 -0.13955 -0.00632 0.13720 -0.84144 -0.02300 0.05460 0.53709
1473347437.389224052 -0.13048 -0.01145 0.10305 -0.84797 -0.02457 0.05024 0.52708
1473347437.483355045 -0.11963 -0.01692 0.06751 -0.85503 -0.02222 0.04629 0.51602
1473347437.577486038 -0.10908 -0.02061 0.03497 0.86535 0.01926 -0.03960 -0.49923
1473347437.671617031 -0.10084 -0.02123 0.01021 0.87320 0.01813 -0.02960 -0.48612
1473347437.765747070 -0.09353 -0.02425 -0.00694 0.87402 0.01979 -0.01999 -0.48508
1473347437.859878063 -0.08675 -0.02611 -0.02348 0.87542 0.02435 -0.01342 -0.48255
1473347438.001074076 -0.08081 -0.02973 -0.04287 0.87835 0.02846 -0.00389 -0.47715
1473347438.095205069 -0.07992 -0.02975 -0.04656 0.87977 0.02964 -0.00050 -0.47447
1473347438.189336061 -0.08281 -0.02640 -0.03935 0.87843 0.03157 -0.00033 -0.47683
1473347438.283466101 -0.08695 -0.02173 -0.02280 0.87541 0.03086 -0.00476 -0.48237
1473347438.377597094 -0.09269 -0.01581 0.00129 0.86948 0.02956 -0.01043 -0.49297
1473347438.471728086 -0.09986 -0.00563 0.02851 -0.86390 -0.02685 0.01472 0.50273
1473347438.565858126 -0.10707 0.00298 0.05866 -0.85912 -0.02524 0.01925 0.51079
1473347438.707055092 -0.12005 0.01183 0.10811 -0.84770 -0.02578 0.02505 0.52926
1473347438.801185131 -0.12908 0.01567 0.14079 -0.84143 -0.02353 0.02981 0.53904
1473347438.895316124 -0.13758 0.01824 0.17015 -0.83790 -0.02455 0.03402 0.54421
1473347438.989447117 -0.14399 0.01760 0.19438 -0.83113 -0.02420 0.03673 0.55434
1473347439.083576918 -0.14826 0.01584 0.21023 -0.82727 -0.02444 0.04149 0.55974
1473347439.177707911 -0.15001 0.01195 0.21696 -0.82392 -0.02473 0.04409 0.56444
1473347439.271838903 -0.15011 0.00752 0.21416 -0.82429 -0.02524 0.04438 0.56387
1473347439.413034916 -0.14396 -0.00122 0.19408 -0.82837 -0.02801 0.04303 0.55782
1473347439.507165909 -0.13687 -0.00740 0.17289 -0.83281 -0.02736 0.04053 0.55140
1473347439.601296902 -0.12957 -0.01480 0.15078 -0.83978 -0.02850 0.03852 0.54081
1473347439.695426941 -0.12204 -0.02621 0.12990 -0.84233 -0.03295 0.03491 0.53682
1473347439.789557934 -0.11213 -0.03672 0.11192 -0.84401 -0.03167 0.03691 0.53411
1473347439.883688927 -0.10310 -0.04584 0.09725 -0.84502 -0.03330 0.03112 0.53279
1473347439.977819920 -0.09714 -0.05231 0.08463 -0.84882 -0.03540 0.02753 0.52678
1473347440.119015932 -0.08908 -0.05973 0.07402 -0.85075 -0.03530 0.02285 0.52389
1473347440.213145971 -0.08605 -0.05714 0.06740 -0.85345 -0.03411 0.02261 0.51957
1473347440.307276964 -0.08537 -0.04976 0.06157 -0.85349 -0.03553 0.01837 0.51956
1473347440.401407957 -0.08783 -0.03311 0.05310 -0.85351 -0.03783 0.01207 0.51957
1473347440.495537996 -0.09226 -0.01161 0.04475 -0.85324 -0.03794 0.00905 0.52005
1473347440.589668989 -0.09956 0.01509 0.03595 -0.85226 -0.03664 0.00602 0.52180
1473347440.683799982 -0.10896 0.04657 0.02611 -0.85262 -0.03412 0.00746 0.52136
1473347440.824995995 -0.12712 0.09812 0.01112 -0.85422 -0.03552 0.00541 0.51867
1473347440.919126987 -0.13893 0.13249 0.00280 -0.85476 -0.03767 0.00513 0.51763
1473347441.013257980 -0.14968 0.16476 -0.00474 -0.85407 -0.03777 0.00572 0.51875
1473347441.107388020 -0.15997 0.19444 -0.01022 -0.85508 -0.03757 0.00612 0.51710
1473347441.201519012 -0.17036 0.22059 -0.01672 -0.85476 -0.03916 0.00737 0.51750
1473347441.295650005 -0.17912 0.24367 -0.02103 -0.85582 -0.03949 0.00897 0.51569
1473347441.389780045 -0.18335 0.25960 -0.02698 -0.85536 -0.03752 0.01137 0.51654
1473347441.530977011 -0.18553 0.27081 -0.03385 -0.85706 -0.03504 0.01312 0.51386
1473347441.625107050 -0.18488 0.26899 -0.03380 -0.85720 -0.03642 0.01632 0.51344
1473347441.719238043 -0.18219 0.25965 -0.03240 -0.85744 -0.03856 0.01991 0.51275
1473347441.813369036 -0.17907 0.24468 -0.02863 -0.85745 -0.04398 0.02071 0.51226
1473347441.907499075 -0.17211 0.22295 -0.02418 -0.85811 -0.04409 0.02293 0.51106
1473347442.001630068 -0.16153 0.19552 -0.02028 -0.85799 -0.04605 0.02358 0.51105
1473347442.095761061 -0.14854 0.16146 -0.01061 -0.85717 -0.04436 0.02746 0.51238
1473347442.236957073 -0.12669 0.10387 0.00491 -0.85350 -0.04197 0.03000 0.51853
1473347442.331088066 -0.10968 0.06262 0.01512 -0.85453 -0.03664 0.03340 0.51703
1473347442.425219059 -0.09577 0.01881 0.02352 -0.85127 -0.03970 0.03143 0.52228
1473347442.519349098 -0.08152 -0.02393 0.03454 -0.85015 -0.03921 0.03343 0.52401
1473347442.613480091 -0.06898 -0.06524 0.04355 -0.84880 -0.03861 0.04089 0.52572
1473347442.707611084 -0.05533 -0.09838 0.04936 -0.85314 -0.03418 0.04337 0.51875
1473347442.801741123 -0.04394 -0.12350 0.05499 -0.85734 -0.03019 0.04482 0.51190
1473347442.942938089 -0.03326 -0.14403 0.06440 -0.85679 -0.03243 0.04764 0.51243
1473347443.037068129 -0.03196 -0.14691 0.06988 -0.85308 -0.03215 0.04863 0.51851
1473347443.131199121 -0.03437 -0.14006 0.07265 -0.85158 -0.02984 0.04621 0.52133
1473347443.225330114 -0.03948 -0.12474 0.07175 -0.85157 -0.02792 0.04440 0.52161
1473347443.319461107 -0.04787 -0.10248 0.06715 -0.85252 -0.02801 0.04019 0.52039
1473347443.413590908 -0.06007 -0.07375 0.05963 -0.85339 -0.03086 0.03513 0.51917
1473347443.507721901 -0.07133 -0.03870 0.05113 -0.85452 -0.03075 0.03274 0.51748
1473347443.648917913 -0.08639 0.02482 0.03030 -0.85669 -0.02897 0.02337 0.51448
1473347443.743048906 -0.09773 0.07468 0.01139 -0.85851 -0.03066 0.01726 0.51159
1473347443.837179899 -0.10873 0.12577 -0.00750 -0.85769 -0.03125 0.00775 0.51315
1473347443.931309938 -0.11788 0.17360 -0.02567 -0.85587 -0.02728 0.00529 0.51644
1473347444.025440931 -0.12560 0.21999 -0.04198 -0.85419 -0.02388 -0.00157 0.51940
1473347444.119571924 -0.12932 0.26127 -0.05548 -0.85303 -0.01999 -0.00755 0.52142
1473347444.213702917 -0.13179 0.29511 -0.06470 -0.85353 -0.01933 -0.00719 0.52064
1473347444.354898930 -0.13320 0.32512 -0.07307 -0.85432 -0.02456 -0.01119 0.51904
1473347444.449028969 -0.13191 0.32962 -0.07362 -0.85301 -0.02344 -0.01384 0.52119
1473347444.543159962 -0.12820 0.32247 -0.07608 -0.85287 -0.02269 -0.01488 0.52141
1473347444.637290955 -0.12375 0.30932 -0.07572 -0.85591 -0.02244 -0.01329 0.51646
1473347444.731420994 -0.11655 0.28677 -0.07173 -0.85461 -0.02526 -0.01104 0.51853
1473347444.825551987 -0.10752 0.25870 -0.06458 -0.85550 -0.02945 -0.01003 0.51687
1473347444.919682980 -0.09864 0.22463 -0.05448 -0.85645 -0.03509 -0.01588 0.51480
1473347445.060878992 -0.08338 0.16703 -0.03636 -0.85401 -0.03919 -0.01190 0.51864
1473347445.155009985 -0.07473 0.12943 -0.02019 -0.85333 -0.03815 -0.00732 0.51992
1473347445.249140978 -0.06948 0.08915 -0.00605 -0.85128 -0.03917 -0.00297 0.52325
1473347445.343271017 -0.06287 0.05070 0.00868 -0.85175 -0.03745 0.00607 0.52258
1473347445.437402010 -0.05728 0.01498 0.02049 -0.84930 -0.03344 0.01255 0.52670
1473347445.531533003 -0.05141 -0.01639 0.03094 -0.84663 -0.02958 0.01907 0.53102
1473347445.625663042 -0.04720 -0.04254 0.04006 -0.84419 -0.02815 0.02276 0.53482
1473347445.766860008 -0.04819 -0.06824 0.04623 -0.84299 -0.03319 0.02302 0.53641
1473347445.860990047 -0.05377 -0.07957 0.04920 -0.84192 -0.03571 0.02423 0.53788
1473347445.955121040 -0.06216 -0.08822 0.05096 -0.84069 -0.03618 0.02660 0.53965
1473347446.049252033 -0.07339 -0.09240 0.05399 -0.84114 -0.03316 0.03144 0.53888
1473347446.143382072 -0.08998 -0.09861 0.05775 -0.83844 -0.03654 0.03218 0.54282
1473347446.237513065 -0.11496 -0.10194 0.06450 -0.83805 -0.04467 0.04011 0.54228
1473347446.331644058 -0.14555 -0.10511 0.06721 -0.83806 -0.05715 0.04918 0.54035
1473347446.472840071 -0.19998 -0.10972 0.07047 -0.83834 -0.07401 0.05874 0.53690
1473347446.566971064 -0.23725 -0.11265 0.06866 -0.83805 -0.08004 0.05910 0.53645
1473347446.661102057 -0.26880 -0.11377 0.06572 -0.84277 -0.08194 0.06809 0.52763
1473347446.755232096 -0.29446 -0.11767 0.06773 -0.83983 -0.08875 0.07371 0.53045
1473347446.849363089 -0.31359 -0.12277 0.07050 -0.83735 -0.10014 0.07978 0.53146
1473347446.943494081 -0.32356 -0.13007 0.07416 -0.83518 -0.11017 0.08777 0.53163
1473347447.037624121 -0.32298 -0.13765 0.07576 -0.83371 -0.11581 0.09504 0.53150
1473347447.178821087 -0.30431 -0.14600 0.07685 -0.83193 -0.11893 0.10216 0.53227
1473347447.272951126 -0.28314 -0.14594 0.07917 -0.83086 -0.12082 0.10144 0.53366
1473347447.367082119 -0.25575 -0.14544 0.07869 -0.83007 -0.11835 0.09523 0.53657
1473347447.461213112 -0.21862 -0.13890 0.07602 -0.83110 -0.11076 0.08736 0.53794
1473347447.555342913 -0.17484 -0.13382 0.07549 -0.83011 -0.10270 0.07632 0.54272
1473347447.649473906 -0.12369 -0.12425 0.07437 -0.83206 -0.08655 0.06534 0.54398
1473347447.743604898 -0.06755 -0.11169 0.07152 -0.83558 -0.06712 0.04902 0.54304
1473347447.884800911 0.01800 -0.09011 0.06602 -0.83940 -0.04151 0.02310 0.54144
1473347447.978931904 0.07321 -0.07373 0.06372 -0.84383 -0.02926 0.01141 0.53569
1473347448.073062897 0.12525 -0.06012 0.06404 -0.83970 -0.01876 -0.00761 0.54267
1473347448.167192936 0.17272 -0.04845 0.06741 -0.83609 -0.00727 -0.02384 0.54802
1473347448.261323929 0.21089 -0.03934 0.06922 -0.83403 0.00360 -0.03310 0.55071
1473347448.355454922 0.23259 -0.03350 0.07116 -0.83118 0.01010 -0.04092 0.55441
1473347448.449584961 0.23887 -0.03173 0.07183 -0.82923 0.01247 -0.04143 0.55723
1473347448.590781927 0.21779 -0.03446 0.07225 -0.82966 0.00934 -0.02947 0.55742
1473347448.684911966 0.18584 -0.03983 0.07098 -0.83062 0.00144 -0.01514 0.55663
1473347448.779042959 0.14260 -0.05141 0.07214 -0.82800 -0.00908 -0.00118 0.56066
1473347448.873173952 0.09037 -0.06094 0.07181 -0.82807 -0.01994 0.01455 0.56009
1473347448.967303991 0.03233 -0.07014 0.07055 -0.82583 -0.03299 0.03045 0.56213
1473347449.061434984 -0.02963 -0.07948 0.06809 -0.82540 -0.04417 0.04369 0.56112
1473347449.155565977 -0.09357 -0.08887 0.06242 -0.82769 -0.05864 0.05789 0.55510
1473347449.296761990 -0.18816 -0.10257 0.05476 -0.83250 -0.07418 0.07733 0.54356
1473347449.390892982 -0.24610 -0.11284 0.05029 -0.83440 -0.08557 0.08549 0.53772
1473347449.485023975 -0.29444 -0.12271 0.04766 -0.83336 -0.08954 0.09023 0.53791
1473347449.579154015 -0.32867 -0.13365 0.04701 -0.83337 -0.08777 0.10110 0.53626
1473347449.673285007 -0.34940 -0.14377 0.04696 -0.83206 -0.08729 0.10838 0.53694
1473347449.767416000 -0.35764 -0.14825 0.04724 -0.82828 -0.09500 0.11653 0.53977
1473347449.861546040 -0.35025 -0.14774 0.04615 -0.82641 -0.09795 0.12170 0.54097
1473347450.002743006 -0.31184 -0.13586 0.04239 -0.82711 -0.09664 0.11775 0.54101
1473347450.096873045 -0.27352 -0.12085 0.03876 -0.82908 -0.09482 0.10923 0.54009
1473347450.191004038 -0.21912 -0.10333 0.03462 -0.82749 -0.08957 0.09068 0.54682
1473347450.285135031 -0.15843 -0.08224 0.03235 -0.83010 -0.07552 0.07236 0.54772
1473347450.379265070 -0.09653 -0.06364 0.02756 -0.83049 -0.06855 0.05125 0.55042
1473347450.473396063 -0.03712 -0.04878 0.01981 -0.83338 -0.06517 0.03202 0.54791
1473347450.567527056 0.01610 -0.03766 0.01280 -0.83910 -0.05786 0.02133 0.54047
1473347450.708723068 0.07678 -0.02610 0.01760 -0.84464 -0.04087 0.01663 0.53351
1473347450.802854061 0.10219 -0.01986 0.04053 -0.84380 -0.02945 0.02610 0.53521
1473347450.896985054 0.11509 -0.01367 0.07611 -0.84027 -0.02443 0.03959 0.54016
1473347450.991115093 0.11686 -0.00641 0.11930 -0.83128 -0.01699 0.04619 0.55368
1473347451.085246086 0.11830 -0.00156 0.16723 -0.82528 -0.01199 0.05637 0.56178
1473347451.179377079 0.12014 0.00049 0.21882 -0.81977 -0.00541 0.06344 0.56914
1473347451.273507118 0.12051 0.00416 0.27018 -0.81787 -0.00315 0.05802 0.57246
1473347451.414704084 0.12544 0.00440 0.33286 -0.81088 0.00314 0.06145 0.58196
1473347451.508834124 0.12673 -0.00009 0.36039 -0.80130 0.00418 0.06276 0.59494
1473347451.602965117 0.12865 -0.00513 0.37249 -0.79598 0.00870 0.06295 0.60198
1473347451.697096109 0.12780 -0.01106 0.36716 -0.79308 0.01167 0.06063 0.60598
1473347451.791225910 0.12428 -0.01224 0.34356 -0.79523 0.00868 0.06244 0.60302
1473347451.885356903 0.11828 -0.01773 0.31172 -0.79802 0.00046 0.06165 0.59947
1473347451.979487896 0.11325 -0.02839 0.27267 -0.79960 -0.00470 0.05957 0.59755
1473347452.120683908 0.10682 -0.03927 0.19949 -0.80407 -0.01563 0.04796 0.59239
1473347452.214814901 0.10574 -0.04300 0.14625 -0.81842 -0.02350 0.04626 0.57227
1473347452.308945894 0.10527 -0.05014 0.09453 -0.82655 -0.02822 0.03326 0.56117
1473347452.403075933 0.10776 -0.05777 0.04915 -0.83357 -0.03446 0.03040 0.55049
1473347452.497206926 0.11076 -0.06341 0.01023 -0.84338 -0.04275 0.02469 0.53505
1473347452.591337919 0.11467 -0.06852 -0.02098 -0.84845 -0.04390 0.01806 0.52714
1473347452.685467958 0.11717 -0.07276 -0.04827 -0.85639 -0.04670 0.01106 0.51410
1473347452.826664925 0.11873 -0.07661 -0.06917 0.86528 0.04383 -0.00723 -0.49931
1473347452.920794964 0.11786 -0.07397 -0.06301 0.86719 0.03672 -0.00849 -0.49654
1473347453.014925957 0.11589 -0.06838 -0.04219 -0.86401 -0.02812 0.00687 0.50265
1473347453.109056950 0.11206 -0.06264 -0.01023 -0.85870 -0.02272 0.00995 0.51187
1473347453.203187943 0.10700 -0.05560 0.02788 -0.85179 -0.01610 0.01235 0.52349
1473347453.297317982 0.10340 -0.04912 0.07146 -0.84074 -0.00865 0.01774 0.54109
1473347453.391448975 0.10140 -0.04327 0.11815 -0.83081 -0.00192 0.02734 0.55588
1473347453.532644987 0.10269 -0.03674 0.18971 -0.82134 0.00639 0.03796 0.56914
1473347453.626775980 0.10508 -0.03573 0.23428 -0.81673 0.01141 0.04152 0.57541
1473347453.720906973 0.11031 -0.03517 0.27488 -0.80902 0.01855 0.04369 0.58587
1473347453.815037012 0.11415 -0.03419 0.30634 -0.80047 0.02092 0.04251 0.59750
1473347453.909168005 0.11477 -0.03731 0.32614 -0.79219 0.02264 0.04324 0.60833
1473347454.003298998 0.11406 -0.03967 0.33004 -0.78925 0.02237 0.04355 0.61211
1473347454.097429037 0.11398 -0.04073 0.31841 -0.79102 0.02346 0.04049 0.61000
1473347454.238626003 0.11374 -0.04206 0.27919 -0.79221 0.01967 0.03521 0.60892
1473347454.332756042 0.11251 -0.04644 0.24583 -0.79401 0.01259 0.03064 0.60701
1473347454.426887035 0.11246 -0.05240 0.21038 -0.80347 0.01104 0.02912 0.59453
1473347454.521018028 0.11330 -0.05837 0.17144 -0.81287 0.00934 0.02542 0.58181
1473347454.615148067 0.11205 -0.07214 0.13477 -0.81802 0.00561 0.02243 0.57473
1473347454.709279060 0.11173 -0.08298 0.09828 -0.82568 0.00057 0.01689 0.56389
1473347454.803410053 0.11189 -0.09034 0.06187 -0.83446 -0.00637 0.01688 0.55077
1473347454.944606066 0.11095 -0.09985 0.01126 -0.84811 -0.01128 0.01192 0.52957
1473347455.038737059 0.10965 -0.10774 -0.01733 -0.85052 -0.02025 0.00794 0.52550
1473347455.132868052 0.11032 -0.11226 -0.04058 -0.85391 -0.02562 0.00273 0.51979
1473347455.226998091 0.11137 -0.11135 -0.05079 -0.85830 -0.02705 0.00350 0.51242
1473347455.321129084 0.10991 -0.10944 -0.04535 -0.85738 -0.02518 0.00324 0.51406
1473347455.415260077 0.10820 -0.10677 -0.02516 -0.85140 -0.01920 0.00546 0.52414
1473347455.509390116 0.10297 -0.10651 0.00188 -0.84503 -0.02231 0.00377 0.53424
1473347455.650587082 0.09667 -0.10396 0.04298 -0.83713 -0.02912 0.00788 0.54618
1473347455.744717121 0.09639 -0.10324 0.06383 -0.83285 -0.02360 0.01433 0.55281
1473347455.838848114 0.09578 -0.10429 0.07413 -0.82842 -0.02216 0.01653 0.55942
1473347455.932979107 0.09525 -0.10213 0.07506 -0.82698 -0.01865 0.01726 0.56165
1473347456.027108908 0.09432 -0.09190 0.07084 -0.83048 -0.01297 0.01903 0.55657
1473347456.121239901 0.09046 -0.07515 0.06299 -0.83134 -0.00917 0.01571 0.55546
1473347456.215371132 0.08438 -0.05233 0.05149 -0.83152 -0.00670 0.01386 0.55528
1473347456.356566906 0.07181 -0.00733 0.02977 -0.83090 -0.00756 0.00999 0.55628
1473347456.450697899 0.06242 0.02860 0.01418 -0.83054 -0.00799 0.00874 0.55683
1473347456.544829130 0.05400 0.06932 -0.00266 -0.83189 -0.00436 0.01274 0.55478
1473347456.638958931 0.04259 0.11282 -0.01994 -0.83363 -0.00513 0.01437 0.55212
1473347456.733089924 0.03107 0.15491 -0.03549 -0.83400 -0.00504 0.01639 0.55149
1473347456.827220917 0.01955 0.19550 -0.05039 -0.83526 -0.00588 0.01874 0.54950
1473347456.921350956 0.00941 0.23135 -0.06340 -0.83582 -0.00757 0.01671 0.54870
1473347457.062547922 -0.00584 0.27790 -0.08572 -0.83850 -0.00652 0.01081 0.54476
1473347457.156677961 -0.01512 0.29824 -0.09809 -0.83949 -0.00475 0.00952 0.54327
1473347457.250808954 -0.02541 0.30547 -0.10583 -0.84048 -0.00787 0.00809 0.54173
1473347457.344939947 -0.03340 0.30280 -0.10663 -0.83867 -0.01684 0.00843 0.54431
1473347457.439069986 -0.03453 0.29061 -0.10302 -0.83833 -0.01597 0.01203 0.54479
1473347457.533200979 -0.02855 0.26992 -0.09617 -0.83805 -0.01314 0.01349 0.54526
1473347457.627331972 -0.01639 0.24069 -0.08394 -0.83723 -0.00777 0.01386 0.54662
1473347457.768527985 0.00161 0.18156 -0.06273 -0.83749 -0.00835 0.01399 0.54620
1473347457.862658978 0.01214 0.13217 -0.05092 -0.83435 -0.01209 0.01584 0.55087
1473347457.956789970 0.02337 0.07746 -0.03869 -0.83085 -0.01705 0.01755 0.55596
1473347458.050920010 0.03192 0.01915 -0.02937 -0.82948 -0.02548 0.01726 0.55769
1473347458.145051003 0.04138 -0.03811 -0.02215 -0.83665 -0.02916 0.02256 0.54649
1473347458.239181995 0.04932 -0.09236 -0.01322 -0.83623 -0.03909 0.02270 0.54651
1473347458.333312035 0.05943 -0.13431 -0.00229 -0.83805 -0.03917 0.02694 0.54352
1473347458.474509001 0.07341 -0.17643 0.00832 -0.83561 -0.03945 0.03363 0.54688
1473347458.568639040 0.07719 -0.18063 0.01275 -0.83465 -0.04369 0.03349 0.54802
1473347458.662770033 0.07649 -0.17207 0.01303 -0.83392 -0.04416 0.02843 0.54939
1473347458.756901026 0.07299 -0.15083 0.00843 -0.83378 -0.04153 0.02533 0.54995
1473347458.851032019 0.06572 -0.11988 -0.00160 -0.83346 -0.04114 0.02003 0.55068
1473347458.945162058 0.05518 -0.08282 -0.01335 -0.83471 -0.04115 0.01719 0.54889
1473347459.039293051 0.04533 -0.02777 -0.02980 -0.83840 -0.04177 0.01297 0.54329
1473347459.180489063 0.02675 0.04950 -0.05598 -0.84131 -0.04106 0.00982 0.53889
1473347459.274620056 0.01389 0.10323 -0.07441 -0.84422 -0.04252 0.00421 0.53429
1473347459.368751049 0.00483 0.15314 -0.09071 -0.84652 -0.03525 -0.00023 0.53119
1473347459.462881088 -0.00381 0.19603 -0.10431 -0.85008 -0.02971 -0.00492 0.52579
1473347459.557012081 -0.00978 0.23108 -0.11081 -0.85112 -0.02344 -0.01207 0.52431
1473347459.651143074 -0.01296 0.25744 -0.11290 -0.85174 -0.01470 -0.01404 0.52357
1473347459.745273113 -0.01372 0.26715 -0.11112 -0.85079 -0.01001 -0.01476 0.52521
1473347459.886470079 -0.00795 0.25531 -0.10779 -0.85039 -0.01199 -0.01503 0.52580
1473347459.980600119 -0.00188 0.22719 -0.10276 -0.85014 -0.01201 -0.01458 0.52622
1473347460.074731112 0.01000 0.19648 -0.10039 -0.85100 -0.00963 -0.01559 0.52485
1473347460.168862104 0.01979 0.15932 -0.09906 -0.85151 -0.01006 -0.01685 0.52397
1473347460.262993097 0.02975 0.11661 -0.09765 -0.85246 -0.01015 -0.01595 0.52245
1473347460.357122898 0.03828 0.07809 -0.09575 -0.85527 -0.00985 -0.02140 0.51765
1473347460.451254129 0.03853 0.03612 -0.09127 -0.85509 -0.01763 -0.02958 0.51734
1473347460.592449903 0.02942 -0.02385 -0.06402 -0.85346 -0.02137 -0.02444 0.52015
1473347460.686580896 0.01795 -0.05930 -0.03275 -0.84837 -0.02647 -0.01675 0.52847
1473347460.780712128 0.00271 -0.08958 0.00341 -0.83959 -0.03786 -0.00578 0.54188
1473347460.874841928 -0.01487 -0.11426 0.04237 -0.83338 -0.05194 0.00552 0.55022
1473347460.968972921 -0.03062 -0.13108 0.08549 -0.82862 -0.05929 0.01723 0.55639
1473347461.063103914 -0.04121 -0.14347 0.13214 -0.81992 -0.06847 0.02605 0.56778
1473347461.157233953 -0.04014 -0.14784 0.17883 -0.81136 -0.06836 0.04133 0.57906
1473347461.298430920 -0.01598 -0.14143 0.23996 -0.80057 -0.05031 0.06573 0.59349
1473347461.392560959 0.01486 -0.12712 0.26824 -0.79329 -0.02718 0.07268 0.60388
1473347461.486691952 0.04760 -0.10886 0.27930 -0.79253 -0.01331 0.06236 0.60649
1473347461.580822945 0.08175 -0.08905 0.26898 -0.79523 -0.00101 0.04627 0.60454
1473347461.674952984 0.11204 -0.07195 0.23935 -0.79988 0.00428 0.03541 0.59910
1473347461.769083977 0.13517 -0.06315 0.19840 -0.80573 0.00146 0.03059 0.59149
1473347461.863214970 0.15578 -0.05769 0.15207 -0.81461 -0.00108 0.03106 0.57918
1473347462.004410982 0.18084 -0.05666 0.07688 -0.82816 -0.01905 0.02129 0.55976
1473347462.098541975 0.19696 -0.06223 0.02882 -0.83141 -0.03649 0.00654 0.55442
1473347462.192672968 0.21655 -0.06481 -0.01522 -0.83935 -0.05371 -0.01095 0.54083
1473347462.286803007 0.24300 -0.06405 -0.05086 -0.84819 -0.06068 -0.02681 0.52553
1473347462.380934000 0.27805 -0.05965 -0.07282 -0.85576 -0.04992 -0.04087 0.51334
1473347462.475064993 0.32270 -0.04832 -0.07912 -0.86055 -0.02199 -0.05647 0.50574
1473347462.569195986 0.36733 -0.03272 -0.06692 -0.85705 0.01215 -0.07173 0.51007
1473347462.710391998 0.41064 -0.00810 -0.02266 -0.84445 0.04786 -0.09169 0.52556
1473347462.804522038 0.42276 0.00266 0.01802 -0.83422 0.06412 -0.09836 0.53878
1473347462.898653030 0.42507 0.00799 0.06375 -0.82269 0.07153 -0.09636 0.55568
1473347462.992784023 0.41886 0.01069 0.11105 -0.81196 0.07554 -0.08974 0.57180
1473347463.086915016 0.40372 0.01487 0.15304 -0.81389 0.07775 -0.07333 0.57111
1473347463.181045055 0.37916 0.01496 0.18314 -0.81457 0.07822 -0.06022 0.57161
1473347463.275176048 0.34559 0.00744 0.19802 -0.80904 0.07228 -0.05248 0.58092
1473347463.416372061 0.28641 -0.00507 0.18753 -0.80774 0.05985 -0.04393 0.58484
1473347463.510503054 0.24308 -0.01468 0.16551 -0.80603 0.04989 -0.04495 0.58806
1473347463.604634047 0.19641 -0.02435 0.13995 -0.81435 0.03541 -0.03889 0.57798
1473347463.698764086 0.14824 -0.03696 0.11484 -0.81973 0.02034 -0.03527 0.57130
1473347463.792895079 0.09741 -0.05188 0.08881 -0.83219 0.00084 -0.02709 0.55382
1473347463.887026072 0.04539 -0.07471 0.06783 -0.83883 -0.02330 -0.01324 0.54373
1473347463.981156111 -0.00296 -0.10032 0.05506 -0.84160 -0.04262 -0.00096 0.53841
1473347464.122353077 -0.06608 -0.13134 0.05734 -0.84054 -0.06755 0.02219 0.53706
1473347464.216483116 -0.09697 -0.14372 0.07403 -0.83527 -0.07370 0.03590 0.54370
1473347464.310614109 -0.12115 -0.14639 0.10248 -0.83034 -0.07806 0.04963 0.54952
1473347464.404745102 -0.13950 -0.14178 0.13685 -0.82302 -0.07906 0.05012 0.56024
1473347464.498876095 -0.15051 -0.12902 0.17118 -0.81760 -0.07845 0.05480 0.56778
1473347464.593005896 -0.15762 -0.11151 0.20045 -0.81035 -0.07848 0.05297 0.57825
1473347464.687137127 -0.15408 -0.08776 0.22223 -0.80286 -0.07116 0.05696 0.58916
1473347464.828332901 -0.13195 -0.03731 0.24159 -0.79987 -0.05180 0.06017 0.59490
1473347464.922463894 -0.11020 -0.00062 0.23936 -0.80266 -0.03876 0.05345 0.59277
1473347465.016595125 -0.08738 0.03412 0.22035 -0.80549 -0.03642 0.04332 0.58990
1473347465.110724926 -0.06561 0.05998 0.19430 -0.80195 -0.03536 0.02975 0.59560
1473347465.204855919 -0.04589 0.07292 0.16268 -0.80286 -0.03238 0.02485 0.59476
1473347465.298986912 -0.02970 0.07130 0.12770 -0.80266 -0.03312 0.02482 0.59500
1473347465.393116951 -0.01575 0.06060 0.08900 -0.80481 -0.03532 0.02961 0.59174
1473347465.534313917 0.00421 0.04120 0.02516 -0.81973 -0.03092 0.02814 0.57122
1473347465.628443956 0.01587 0.02034 -0.01166 -0.83194 -0.03525 0.01553 0.55352
1473347465.722574949 0.03047 -0.01118 -0.03314 -0.83739 -0.03370 0.01449 0.54537
1473347465.816705942 0.04501 -0.05210 -0.03727 -0.84291 -0.03136 0.01213 0.53701
1473347465.910835981 0.06160 -0.09313 -0.02667 -0.84942 -0.02884 0.00196 0.52692
1473347466.004966974 0.07917 -0.13138 -0.00633 -0.84656 -0.03030 -0.00337 0.53142
1473347466.099097967 0.09727 -0.15298 0.01460 -0.84613 -0.02746 -0.00106 0.53227
1473347466.240293980 0.11015 -0.14944 0.04020 -0.84927 -0.03345 -0.01164 0.52678
1473347466.334424973 0.11357 -0.12565 0.05417 -0.84721 -0.02426 -0.00806 0.53064
1473347466.428555965 0.11038 -0.08921 0.06529 -0.84014 -0.01028 -0.01099 0.54216
1473347466.522686005 0.10201 -0.04419 0.07005 -0.83734 0.00226 -0.01241 0.54654
1473347466.616816998 0.09082 0.00811 0.06562 -0.83133 0.01234 -0.01691 0.55539
1473347466.710947990 0.07925 0.06634 0.05282 -0.82999 0.01792 -0.01887 0.55717
1473347466.805078030 0.06800 0.12696 0.03879 -0.82771 0.02295 -0.01506 0.56049
1473347466.946274996 0.04758 0.22161 0.01864 -0.83438 0.02629 -0.01590 0.55033
1473347467.040405035 0.03174 0.28387 0.00434 -0.83804 0.02784 -0.02069 0.54451
1473347467.134536028 0.01678 0.34596 -0.01439 -0.84081 0.02840 -0.02857 0.53982
1473347467.228667021 0.00836 0.39951 -0.03313 -0.83836 0.03615 -0.03671 0.54267
1473347467.322797060 0.00502 0.43888 -0.04679 -0.83199 0.04897 -0.04743 0.55059
1473347467.416928053 0.00616 0.45994 -0.05350 -0.82793 0.05922 -0.05585 0.55489
1473347467.511059046 0.01018 0.45379 -0.05129 -0.82812 0.06630 -0.05331 0.55406
1473347467.652255058 0.01732 0.40141 -0.03396 -0.82412 0.06277 -0.04972 0.56073
1473347467.746386051 0.02261 0.35046 -0.02355 -0.82627 0.05720 -0.04453 0.55858
1473347467.840517044 0.02503 0.28817 -0.02045 -0.82283 0.04701 -0.04806 0.56430
1473347467.934647083 0.01640 0.22326 -0.02162 -0.82050 0.02287 -0.05002 0.56900
1473347468.028778076 -0.00189 0.16587 -0.01207 -0.82877 0.00783 -0.04073 0.55805
1473347468.122909069 -0.02720 0.11810 0.02097 -0.83310 -0.00862 -0.03262 0.55209
1473347468.217039108 -0.05375 0.07783 0.07617 -0.82386 -0.02297 -0.02465 0.56580
1473347468.358236074 -0.09142 0.03678 0.17031 -0.82013 -0.03071 -0.00582 0.57132
1473347468.452366114 -0.10972 0.01536 0.23072 -0.81380 -0.02487 0.00763 0.58056
1473347468.546497107 -0.11997 -0.00384 0.28444 -0.80852 -0.01748 0.02296 0.58775
1473347468.640628099 -0.12263 -0.02138 0.32839 -0.80207 -0.00897 0.04067 0.59577
1473347468.734757900 -0.12115 -0.03251 0.35761 -0.80114 -0.00110 0.05580 0.59587
1473347468.828889132 -0.11379 -0.03834 0.36626 -0.79894 0.00606 0.06614 0.59773
1473347468.923020124 -0.10137 -0.04268 0.34949 -0.79629 0.00574 0.07020 0.60080
1473347469.064215899 -0.07238 -0.05409 0.28732 -0.79768 0.00262 0.06451 0.59961
1473347469.158347130 -0.04485 -0.06370 0.23139 -0.80442 -0.00122 0.06390 0.59062
1473347469.252478123 -0.01444 -0.07245 0.16972 -0.81130 -0.00153 0.04812 0.58265
1473347469.346607924 0.01145 -0.07972 0.10889 -0.81748 -0.00639 0.03293 0.57498
1473347469.440738916 0.04096 -0.07608 0.05647 -0.83426 -0.01606 0.02317 0.55065
1473347469.534869909 0.08332 -0.06580 0.01800 -0.84253 -0.01601 0.01199 0.53828
1473347469.628999949 0.13657 -0.04828 -0.00577 -0.84891 -0.00668 -0.00272 0.52849
1473347469.770196915 0.21705 -0.01899 -0.02240 -0.85061 0.00958 -0.02933 0.52489
1473347469.864326954 0.26219 -0.00163 -0.02429 -0.84969 0.02071 -0.03800 0.52550
1473347469.958457947 0.29997 0.01721 -0.01583 -0.84725 0.03301 -0.04148 0.52853
1473347470.052588940 0.32618 0.03630 0.00221 -0.84360 0.03878 -0.04037 0.53405
1473347470.146718979 0.33673 0.05272 0.02124 -0.83789 0.03881 -0.04060 0.54295
1473347470.240849972 0.32827 0.06868 0.03648 -0.83760 0.04075 -0.04142 0.54318
1473347470.334980965 0.30680 0.08069 0.05382 -0.83781 0.04155 -0.03537 0.54324
1473347470.476176977 0.27256 0.09837 0.10447 -0.82458 0.04793 -0.02213 0.56327
1473347470.570307970 0.24851 0.11481 0.15409 -0.81619 0.04142 -0.02052 0.57594
1473347470.664438963 0.22916 0.13902 0.21095 -0.80775 0.04075 -0.03076 0.58730
1473347470.758569002 0.21290 0.17012 0.26285 -0.80698 0.04651 -0.03326 0.58781
1473347470.852699995 0.20208 0.19925 0.30419 -0.79483 0.06630 -0.03103 0.60240
1473347470.946830988 0.18946 0.21963 0.33131 -0.78415 0.07193 -0.04559 0.61470
1473347471.040961027 0.17753 0.23119 0.33820 -0.77830 0.07777 -0.05478 0.62064
1473347471.182157993 0.15673 0.23032 0.30661 -0.78143 0.07055 -0.05346 0.61768
1473347471.276288033 0.14562 0.22050 0.26353 -0.78739 0.06927 -0.04629 0.61081
1473347471.370419025 0.13406 0.20900 0.21373 -0.79582 0.06401 -0.04279 0.60062
1473347471.464550018 0.12334 0.19500 0.16105 -0.80547 0.05457 -0.04060 0.58872
1473347471.558680058 0.11550 0.17997 0.10669 -0.82205 0.04640 -0.04125 0.56602
1473347471.652811050 0.10493 0.16720 0.05749 -0.83151 0.03069 -0.04809 0.55257
1473347471.746942043 0.09344 0.15934 0.02389 -0.83714 0.01754 -0.04889 0.54451
1473347471.888138056 0.07309 0.16121 -0.00357 -0.84472 0.00709 -0.04402 0.53335
1473347471.982269049 0.05400 0.18346 -0.01609 -0.85147 0.00300 -0.03551 0.52319
1473347472.076400042 0.03416 0.21817 -0.02665 -0.85271 -0.00540 -0.03432 0.52123
1473347472.170530081 0.01838 0.26350 -0.03420 -0.84764 -0.01843 -0.03153 0.52932
1473347472.264661074 0.00683 0.31355 -0.04024 -0.84291 -0.02769 -0.03071 0.53647
1473347472.358792067 -0.00436 0.36611 -0.04959 -0.84231 -0.03154 -0.03559 0.53689
1473347472.452922106 -0.01365 0.41354 -0.05912 -0.84237 -0.02874 -0.03679 0.53687
1473347472.594119072 -0.02635 0.46397 -0.07038 -0.84375 -0.02578 -0.03765 0.53480
1473347472.688249111 -0.03212 0.47266 -0.06929 -0.84403 -0.02386 -0.03703 0.53448
1473347472.782380104 -0.03410 0.46184 -0.06371 -0.84270 -0.02221 -0.02880 0.53716
1473347472.876511097 -0.03512 0.43397 -0.05602 -0.84090 -0.02211 -0.02831 0.53999
1473347472.970642090 -0.03697 0.39351 -0.04847 -0.84074 -0.02700 -0.03431 0.53967
1473347473.064772129 -0.03474 0.34285 -0.04159 -0.84661 -0.02820 -0.02903 0.53068
1473347473.158903122 -0.03085 0.28401 -0.03636 -0.84876 -0.03064 -0.02505 0.52730
1473347473.300098896 -0.01969 0.19258 -0.03353 -0.85251 -0.03704 -0.02015 0.52101
1473347473.394230127 -0.01026 0.13560 -0.03293 -0.85205 -0.04168 -0.02028 0.52140
1473347473.488361120 -0.00213 0.08661 -0.02151 -0.85265 -0.04620 -0.01527 0.52022
1473347473.582490921 0.00016 0.05088 0.01053 -0.85112 -0.04655 -0.01353 0.52273
1473347473.676621914 0.00041 0.03224 0.05627 -0.85002 -0.04435 -0.00525 0.52486
1473347473.770752907 -0.00221 0.02527 0.11377 -0.83860 -0.04281 0.00149 0.54306
1473347473.864882946 -0.00555 0.03147 0.17413 -0.83016 -0.04189 0.00931 0.55588
1473347474.006079912 -0.01275 0.05193 0.27186 -0.80946 -0.03668 0.00163 0.58603
1473347474.100209951 -0.01503 0.07051 0.33759 -0.80357 -0.03259 0.00855 0.59426
1473347474.194340944 -0.01562 0.08718 0.40078 -0.79353 -0.02569 0.00757 0.60794
1473347474.288471937 -0.01607 0.10416 0.45394 -0.78799 -0.01706 0.00999 0.61538
1473347474.382602930 -0.01734 0.12165 0.48797 -0.78482 -0.01154 0.01517 0.61943
1473347474.476732969 -0.01771 0.13805 0.49553 -0.77916 -0.00228 0.01392 0.62667
1473347474.570863962 -0.01723 0.14752 0.47450 -0.78081 -0.00097 0.02017 0.62444
1473347474.712059975 -0.01435 0.14297 0.40930 -0.78309 -0.00556 0.02527 0.62137
1473347474.806190968 -0.00802 0.13627 0.35909 -0.78620 -0.00795 0.02301 0.61750
1473347474.900321960 -0.00212 0.12730 0.30498 -0.79346 -0.01263 0.02292 0.60806
1473347474.994452000 0.00596 0.11656 0.25104 -0.80156 -0.02203 0.01605 0.59729
1473347475.088582993 0.01726 0.10266 0.20590 -0.80555 -0.02656 0.01015 0.59184
1473347475.182713985 0.02035 0.09125 0.17415 -0.81771 -0.02570 0.00607 0.57503
1473347475.276844025 0.00845 0.07887 0.15230 -0.82280 -0.02966 0.00047 0.56755
1473347475.418040991 -0.03575 0.07286 0.12997 -0.82865 -0.03443 0.00804 0.55865
1473347475.512171030 -0.07915 0.07005 0.12176 -0.82642 -0.04653 0.01294 0.56098
1473347475.606302023 -0.12628 0.06807 0.11755 -0.82641 -0.06108 0.02791 0.55905
1473347475.700433016 -0.17263 0.07107 0.11366 -0.82567 -0.07405 0.04041 0.55781
1473347475.794563055 -0.21281 0.07930 0.11009 -0.82426 -0.08558 0.05106 0.55737
1473347475.888694048 -0.24055 0.09147 0.10806 -0.82707 -0.09185 0.05952 0.55134
1473347475.982825041 -0.25238 0.10222 0.11853 -0.82158 -0.09395 0.05569 0.55954
1473347476.124021053 -0.25715 0.11846 0.16088 -0.81006 -0.10378 0.04963 0.57495
1473347476.218152046 -0.25296 0.13292 0.20202 -0.80846 -0.09178 0.04616 0.57952
1473347476.312283039 -0.24172 0.15157 0.24807 -0.80394 -0.07887 0.04680 0.58760
1473347476.406413078 -0.22790 0.16914 0.29138 -0.79971 -0.06841 0.05130 0.59426
1473347476.500544071 -0.21441 0.18108 0.32748 -0.79398 -0.06110 0.04649 0.60307
1473347476.594675064 -0.20149 0.18757 0.35347 -0.79341 -0.05992 0.04627 0.60396
1473347476.688805103 -0.18919 0.18346 0.36546 -0.79011 -0.05502 0.04796 0.60860
1473347476.830002069 -0.16884 0.16141 0.35469 -0.78777 -0.04399 0.05559 0.61188
1473347476.924132109 -0.15325 0.13655 0.32768 -0.78910 -0.04395 0.05760 0.60998
1473347477.018263102 -0.13526 0.10893 0.28991 -0.79380 -0.04883 0.05329 0.60387
1473347477.112394094 -0.11513 0.08165 0.24647 -0.80089 -0.05561 0.04949 0.59417
1473347477.206523895 -0.09227 0.05407 0.20281 -0.80751 -0.06114 0.04223 0.58516
1473347477.300655127 -0.06319 0.02891 0.16101 -0.81203 -0.05881 0.04246 0.57909
1473347477.394786119 -0.03319 0.01517 0.12104 -0.82095 -0.05494 0.03836 0.56706
1473347477.535982132 0.01542 0.01039 0.07585 -0.83188 -0.04641 0.02367 0.55251
1473347477.630113125 0.05395 0.01319 0.05393 -0.83574 -0.03584 0.01168 0.54783
1473347477.724244118 0.09287 0.03366 0.03918 -0.83859 -0.02336 -0.00198 0.54426
1473347477.818373919 0.12831 0.05759 0.03147 -0.83773 -0.01671 -0.01563 0.54560
1473347477.912504911 0.15714 0.08801 0.03120 -0.83674 -0.01099 -0.02409 0.54696
1473347478.006635904 0.17924 0.12261 0.03497 -0.83487 -0.00641 -0.03215 0.54947
1473347478.100765944 0.19448 0.16482 0.04107 -0.83446 0.00290 -0.03567 0.54990
1473347478.241962910 0.20575 0.23735 0.05364 -0.83537 0.01686 -0.02918 0.54865
1473347478.336092949 0.20806 0.28912 0.05715 -0.83351 0.02356 -0.02794 0.55130
1473347478.430223942 0.20711 0.33783 0.05524 -0.83386 0.02658 -0.03113 0.55045
1473347478.524354935 0.20467 0.37985 0.05181 -0.83208 0.02737 -0.03698 0.55274
1473347478.618485928 0.20401 0.41117 0.04890 -0.82996 0.02992 -0.03826 0.55571
1473347478.712615967 0.20761 0.43127 0.04101 -0.82546 0.03605 -0.03804 0.56202
1473347478.806746960 0.21581 0.43402 0.02847 -0.82440 0.04640 -0.03352 0.56311
1473347478.947942972 0.22751 0.41080 0.00772 -0.82742 0.05083 -0.03892 0.55792
1473347479.042073965 0.23599 0.37196 0.00126 -0.83087 0.04468 -0.04651 0.55271
1473347479.136204958 0.24531 0.31631 0.00277 -0.83344 0.03738 -0.04347 0.54962
1473347479.230334997 0.25366 0.25197 0.00554 -0.83750 0.02851 -0.04350 0.54396
1473347479.324465990 0.26018 0.18585 0.00238 -0.84353 0.02511 -0.04903 0.53424
1473347479.418596983 0.26141 0.11695 -0.01031 -0.84754 0.02164 -0.04929 0.52799
1473347479.512727022 0.25638 0.05066 -0.02818 -0.85175 0.00405 -0.04934 0.52160
1473347479.653923988 0.24968 -0.03237 -0.03813 -0.85615 -0.00580 -0.03852 0.51526
1473347479.748054028 0.24174 -0.06078 -0.03738 -0.85453 -0.01429 -0.03921 0.51772
1473347479.842185020 0.22865 -0.04750 -0.03459 -0.85514 -0.01891 -0.03225 0.51705
1473347479.936316013 0.21101 0.00246 -0.03501 -0.85381 -0.01056 -0.03613 0.51922
1473347480.030446053 0.19120 0.07777 -0.04323 -0.84992 0.00164 -0.04304 0.52515
1473347480.124577045 0.17094 0.16485 -0.05699 -0.85064 0.01595 -0.05072 0.52305
1473347480.218708038 0.15225 0.22781 -0.06847 -0.84970 0.03262 -0.05970 0.52286
1473347480.359904051 0.12955 0.20992 -0.07006 -0.84673 0.02947 -0.06696 0.52698
1473347480.454035044 0.12617 0.14088 -0.07094 -0.85406 0.01749 -0.06206 0.51617
1473347480.548166037 0.13541 0.05868 -0.06291 -0.85158 0.00592 -0.05872 0.52089
1473347480.642296076 0.15040 -0.01377 -0.04101 -0.84860 0.00617 -0.05114 0.52652
1473347480.736427069 0.15056 -0.05543 -0.01152 -0.83939 -0.00540 -0.05771 0.54044
1473347480.830558062 0.14019 -0.06385 0.02156 -0.83061 -0.01314 -0.04946 0.55450
1473347480.924688101 0.12788 -0.05151 0.05184 -0.83134 -0.01675 -0.03291 0.55454
1473347481.065885067 0.15004 -0.00605 0.09017 -0.83614 -0.01856 -0.01089 0.54810
1473347481.160015106 0.20880 0.02539 0.10977 -0.82716 -0.00343 -0.01598 0.56173
1473347481.254146099 0.27143 0.04851 0.11991 -0.82336 0.03819 -0.03438 0.56519
1473347481.348277092 0.29112 0.05539 0.11962 -0.81018 0.06537 -0.06673 0.57869
1473347481.442407131 0.24246 0.05086 0.11238 -0.80557 0.06795 -0.05243 0.58625
1473347481.536538124 0.13596 0.04328 0.10459 -0.80642 0.03621 -0.01197 0.59012
1473347481.630669117 0.01619 0.03779 0.10187 -0.81215 0.01026 0.03738 0.58216
1473347481.771865129 -0.09592 0.04457 0.09580 -0.84177 0.00377 0.09533 0.53134
1473347481.865996122 -0.09625 0.05758 0.09408 -0.85732 -0.01125 0.10180 0.50450
1473347481.960127115 -0.03217 0.07950 0.09462 -0.85292 0.00509 0.08571 0.51494
1473347482.054256916 0.07171 0.10811 0.09108 -0.84361 0.03312 0.05024 0.53357
1473347482.148387909 0.18396 0.13806 0.08765 -0.83144 0.05682 -0.01484 0.55250
1473347482.242518902 0.26998 0.15685 0.08482 -0.82038 0.08755 -0.07964 0.55944
1473347482.336648941 0.29462 0.16013 0.08042 -0.81410 0.10884 -0.10715 0.56028
1473347482.477845907 0.19020 0.13994 0.05507 -0.81747 0.07439 -0.07636 0.56603
1473347482.571975946 0.06646 0.10850 0.02512 -0.82861 0.01952 -0.02467 0.55894
1473347482.666106939 -0.03230 0.07061 0.00120 -0.84272 -0.01127 0.03676 0.53698
1473347482.760237932 -0.07720 0.04087 -0.00018 -0.85227 -0.05004 0.05814 0.51746
1473347482.854368925 -0.06224 0.02933 0.05793 -0.84308 -0.05164 0.06486 0.53136
1473347482.948498964 -0.03423 0.03906 0.16724 -0.83061 -0.03681 0.05883 0.55251
1473347483.042629957 -0.00767 0.04412 0.28378 -0.81236 -0.02897 0.05680 0.57966
1473347483.183825970 0.02632 0.04375 0.34703 -0.77095 0.01242 0.09134 0.63019
1473347483.277956963 0.03886 0.05050 0.27791 -0.77314 0.03153 0.09237 0.62669
1473347483.372087955 0.04517 0.05506 0.14136 -0.80408 0.02308 0.07559 0.58924
1473347483.466217995 0.05136 0.03888 -0.00338 -0.83425 -0.00514 0.03077 0.55050
1473347483.560348988 0.06024 0.02101 -0.11558 0.87083 0.02803 0.00586 -0.49075
1473347483.654479980 0.06939 0.01130 -0.15724 0.89542 0.02307 0.01896 -0.44422
1473347483.748610020 0.06253 0.02463 -0.10923 0.88929 0.02194 0.00987 -0.45670
1473347483.889806986 0.04952 0.06598 0.03626 -0.86177 -0.00695 0.00637 0.50721
1473347483.983937025 0.04077 0.06958 0.08402 -0.84302 0.00404 0.01009 0.53777
1473347484.078068018 0.00607 0.04182 0.07731 -0.84866 -0.00493 0.03164 0.52797
1473347484.172199011 -0.04199 0.01448 0.04802 -0.86134 -0.04543 0.05675 0.50280
1473347484.266329050 -0.02702 0.02623 0.02690 0.86751 0.04875 -0.06190 -0.49113
1473347484.360460043 0.06392 0.06788 0.02459 -0.85367 -0.00925 0.01566 0.52049
1473347484.454591036 0.17415 0.10319 0.02774 -0.84193 0.05394 -0.04674 0.53484
1473347484.595787048 0.20052 0.10584 0.02230 -0.83333 0.07323 -0.10077 0.53856
1473347484.689918041 0.10187 0.08461 -0.00129 -0.83788 0.04059 -0.05990 0.54105
1473347484.784049034 -0.01763 0.06399 -0.02319 -0.86155 -0.00186 -0.00387 0.50765
1473347484.878179073 -0.07499 0.06023 0.00089 0.87797 0.01983 -0.03851 -0.47675
1473347484.972310066 -0.07401 0.07549 0.05844 -0.86004 -0.02624 0.04369 0.50767
1473347485.066441059 -0.07952 0.14419 0.09984 -0.84476 -0.00987 0.03721 0.53376
1473347485.160571098 -0.11511 0.24909 0.10257 -0.83450 -0.00038 0.01974 0.55066
1473347485.301768064 -0.14960 0.31468 0.07099 -0.84269 -0.01979 0.01284 0.53788
1473347485.395898104 -0.12837 0.26118 0.06847 -0.83650 -0.04420 0.02807 0.54546
1473347485.490029097 -0.06712 0.18620 0.04886 -0.84674 -0.03659 0.04211 0.52907
1473347485.584160089 0.00218 0.10560 -0.01261 -0.86198 -0.04313 0.03535 0.50387
1473347485.678290129 0.07468 0.01575 -0.07488 0.87551 0.04652 -0.01834 -0.48060
1473347485.772421122 0.14338 -0.05122 -0.08427 0.88490 0.03274 -0.00638 -0.46458
1473347485.866552114 0.19377 -0.05651 -0.03860 0.87398 0.00569 0.02637 -0.48522
1473347486.007748127 0.20208 0.03547 0.07009 -0.85177 0.04820 -0.05071 0.51923
1473347486.101879120 0.13131 0.11255 0.08993 -0.83395 0.04234 -0.02597 0.54960
1473347486.196010113 0.03839 0.17243 0.04247 -0.82509 0.02312 -0.01471 0.56434
1473347486.290139914 -0.04985 0.17562 -0.05453 -0.83910 -0.02902 -0.02414 0.54267
1473347486.384270906 -0.12968 0.11846 -0.15402 0.86037 0.10213 0.01895 -0.49897
1473347486.478401899 -0.20169 0.05654 -0.17071 0.87526 0.15391 -0.02965 -0.45755
1473347486.572533131 -0.24512 0.07077 -0.08104 0.86970 0.15958 -0.06779 -0.46212
1473347486.713728905 -0.20475 0.16554 0.09959 -0.82833 -0.06359 0.07916 0.55096
1473347486.807858944 -0.15116 0.22572 0.14606 -0.81419 -0.01428 0.05768 0.57755
1473347486.901989937 -0.08429 0.22900 0.10691 -0.81950 0.00131 0.02234 0.57264
1473347486.996120930 -0.01200 0.14707 0.01720 -0.83870 -0.01665 -0.00234 0.54433
1473347487.090250969 0.06520 0.01766 -0.05295 -0.85987 -0.04729 -0.01053 0.50820
1473347487.184381962 0.14799 -0.06502 -0.05844 0.87009 0.02903 0.00219 -0.49203
1473347487.278512955 0.20389 -0.04609 -0.02243 0.86913 -0.00446 0.00383 -0.49454
1473347487.419708967 0.20279 0.09646 0.00928 -0.84263 0.04759 -0.04665 0.53435
1473347487.513839960 0.14043 0.17591 -0.01321 -0.84064 0.05110 -0.06807 0.53486
1473347487.607970953 0.01929 0.18187 -0.03043 -0.84359 0.03240 -0.03635 0.53477
1473347487.702100992 -0.11587 0.14283 -0.02928 -0.84521 -0.02534 0.03402 0.53275
1473347487.796231985 -0.17725 0.12097 -0.01317 -0.85003 -0.06573 0.08441 0.51575
1473347487.890362978 -0.11530 0.13643 0.00502 -0.83760 -0.04759 0.07615 0.53885
1473347487.984493017 0.02461 0.17011 0.00954 -0.82811 -0.00081 0.02793 0.55987
1473347488.125689983 0.18179 0.17444 0.01862 -0.81571 0.05070 -0.09295 0.56869
1473347488.219820023 0.13515 0.14280 0.01935 -0.81874 0.03745 -0.08173 0.56708
1473347488.313951015 -0.01285 0.08971 0.00951 -0.82281 -0.02616 -0.01429 0.56754
1473347488.408082008 -0.12876 0.05043 0.00096 -0.85060 -0.07190 0.06087 0.51731
1473347488.502213001 -0.13878 0.02869 0.03706 -0.85107 -0.10158 0.07283 0.50997
1473347488.596343040 -0.07984 0.03171 0.13998 -0.83232 -0.06706 0.08861 0.54305
1473347488.690474033 -0.04608 0.06141 0.25518 -0.82171 -0.04796 0.09722 0.55950
1473347488.831670046 -0.03005 0.08098 0.29693 -0.77204 -0.02616 0.08163 0.62977
1473347488.925801039 -0.01412 0.07574 0.18821 -0.78672 -0.02338 0.07429 0.61237
1473347489.019932032 0.01352 0.03836 0.02347 -0.81152 -0.03887 0.03536 0.58196
1473347489.114062071 0.05083 -0.03503 -0.09155 -0.84516 -0.06391 0.00514 0.53065
1473347489.208193064 0.08134 -0.09520 -0.10318 -0.85256 -0.07707 0.01064 0.51681
1473347489.302324057 0.08765 -0.06770 -0.06043 -0.84876 -0.06298 0.03829 0.52362
1473347489.396454096 0.06517 0.04371 -0.01656 -0.84136 -0.03433 0.04330 0.53765
1473347489.537651062 0.01518 0.23353 0.01762 -0.82166 0.00181 0.02449 0.56945
1473347489.631781101 -0.00764 0.28916 0.01370 -0.83631 0.00536 0.00859 0.54816
1473347489.725912094 -0.01452 0.24328 0.01565 -0.82976 -0.02525 0.00916 0.55747
1473347489.820043087 0.00434 0.13198 0.02262 -0.82895 -0.04604 0.02778 0.55673
1473347489.914173126 0.03769 0.00357 0.03806 -0.82412 -0.06116 0.04428 0.56136
1473347490.008304119 0.07238 -0.08078 0.05622 -0.82072 -0.05078 0.06292 0.56558
1473347490.102435112 0.07462 -0.07802 0.06054 -0.82221 -0.04817 0.06616 0.56328
1473347490.243631124 0.01988 0.06421 0.02689 -0.82205 -0.02850 0.03826 0.56741
1473347490.337762117 -0.02612 0.18281 -0.01230 -0.83599 -0.02808 0.00727 0.54798
1473347490.431893110 -0.03249 0.22572 -0.03354 -0.84795 -0.01639 0.00364 0.52982
