1468941232.101356745 0.05691 0.01761 0.00009 -0.78012 0.01155 0.00333 0.62552
1468941232.187487841 0.17100 0.04831 -0.01139 -0.76884 0.00198 -0.00296 0.63943
1468941232.273618698 0.20914 0.06013 -0.01159 -0.76671 0.00058 -0.00292 0.64198
1468941232.402814865 0.27021 0.07548 -0.01580 -0.78321 0.00724 0.00108 0.62172
1468941232.488945723 0.30784 0.08415 -0.02582 -0.79202 0.01577 0.00982 0.61022
1468941232.575075865 0.34319 0.08781 -0.03631 -0.79526 0.02065 0.01434 0.60575
1468941232.704272747 0.39393 0.10110 -0.04328 -0.79597 0.02834 0.00491 0.60465
1468941232.790402889 0.42019 0.10018 -0.05266 -0.78881 0.02640 0.00021 0.61407
1468941232.876533747 0.44180 0.09646 -0.05643 -0.78978 0.02156 -0.01023 0.61292
1468941233.005729675 0.44111 0.08709 -0.05387 -0.80708 0.02217 -0.02231 0.58960
1468941233.091860771 0.45311 0.08576 -0.05743 -0.81170 0.02059 -0.02949 0.58297
1468941233.177991867 0.47329 0.08903 -0.06038 -0.82367 0.02634 -0.03082 0.56561
1468941233.307187796 0.50871 0.09589 -0.06633 -0.83981 0.02612 -0.03354 0.54121
1468941233.393317699 0.52806 0.09930 -0.06610 -0.84218 0.02741 -0.04091 0.53695
1468941233.479448795 0.54909 0.10254 -0.06268 -0.84421 0.03005 -0.04770 0.53304
1468941233.608644724 0.58212 0.10826 -0.05564 -0.84619 0.03944 -0.05239 0.52883
1468941233.694775820 0.60877 0.11178 -0.05037 -0.84771 0.04939 -0.05595 0.52518
1468941233.780906677 0.63655 0.11561 -0.04723 -0.84884 0.05820 -0.05994 0.52201
1468941233.910102844 0.68319 0.12191 -0.04808 -0.85061 0.07526 -0.06939 0.51573
1468941233.996233702 0.71757 0.12667 -0.04975 -0.85295 0.08861 -0.07900 0.50832
1468941234.082363844 0.75258 0.13299 -0.04929 -0.85476 0.09669 -0.08936 0.50205
1468941234.211559772 0.79931 0.14197 -0.04528 0.85896 -0.08718 0.07805 -0.49849
1468941234.297690868 0.82747 0.14678 -0.03695 -0.85894 0.07733 -0.07155 0.50111
1468941234.383821726 0.85263 0.15146 -0.02788 -0.85987 0.07693 -0.06664 0.50027
1468941234.513017893 0.87521 0.15437 -0.00784 -0.85865 0.06847 -0.06486 0.50380
1468941234.599148750 0.87253 0.14987 0.01415 -0.85540 0.06046 -0.06466 0.51035
1468941234.685278893 0.85773 0.14674 0.03978 -0.85138 0.05557 -0.06541 0.51747
1468941234.814474821 0.83565 0.14912 0.08557 -0.84946 0.06558 -0.05833 0.52030
1468941234.900605679 0.81654 0.15329 0.11940 -0.84662 0.06879 -0.05433 0.52493
1468941234.986736774 0.79526 0.15598 0.15487 -0.84165 0.06944 -0.04925 0.53328
1468941235.115932703 0.75758 0.15846 0.20560 -0.83590 0.06988 -0.04382 0.54265
1468941235.202063799 0.72784 0.15728 0.23615 -0.82904 0.06800 -0.04027 0.55358
1468941235.288194895 0.69536 0.15295 0.26279 -0.82369 0.06961 -0.03635 0.56158
1468941235.417390823 0.64194 0.14493 0.29834 -0.81944 0.06326 -0.02653 0.56905
1468941235.503520727 0.60524 0.13810 0.32008 -0.81994 0.05698 -0.02334 0.56913
1468941235.589651823 0.56691 0.12940 0.34135 -0.81710 0.04855 -0.02282 0.57399
1468941235.718847752 0.50853 0.11534 0.37275 -0.81881 0.03895 -0.01416 0.57256
1468941235.804978848 0.47144 0.10472 0.39060 -0.81996 0.03062 -0.00225 0.57160
1468941235.891109705 0.43382 0.09510 0.40724 -0.81977 0.02149 -0.00124 0.57228
1468941236.020305872 0.37762 0.08002 0.42742 -0.82520 0.01667 0.00622 0.56457
1468941236.106436729 0.34093 0.06948 0.43252 -0.82963 0.01693 0.01423 0.55787
1468941236.192566872 0.30252 0.05999 0.42984 -0.83156 0.01635 0.01977 0.55484
1468941236.321762800 0.24037 0.05025 0.41457 -0.83730 0.00671 0.03016 0.54587
1468941236.407893896 0.20228 0.04588 0.39716 -0.83504 0.00770 0.03753 0.54886
1468941236.494024754 0.16505 0.04513 0.37524 -0.83695 0.00541 0.04852 0.54510
1468941236.623220682 0.11321 0.04577 0.33525 -0.84013 -0.00030 0.05647 0.53944
1468941236.709351778 0.08581 0.04658 0.30432 -0.83696 -0.00750 0.05772 0.54415
1468941236.795481682 0.06178 0.04560 0.27484 -0.83637 -0.01448 0.05881 0.54481
1468941236.924677849 0.03304 0.03805 0.23911 -0.83433 -0.02355 0.05634 0.54787
1468941237.010808706 0.02004 0.03154 0.21827 -0.83213 -0.03236 0.06212 0.55015
1468941237.096939802 0.00982 0.02676 0.19721 -0.83015 -0.04373 0.06347 0.55219
1468941237.226135731 -0.00076 0.02245 0.16322 -0.82898 -0.05432 0.06610 0.55269
1468941237.312266827 -0.00443 0.02280 0.13650 -0.83005 -0.06344 0.06621 0.55010
1468941237.398396730 -0.00822 0.02348 0.10810 -0.83094 -0.07707 0.06528 0.54712
1468941237.527593851 -0.01478 0.02324 0.06849 -0.83005 -0.08813 0.06272 0.54709
1468941237.613723755 -0.01622 0.02603 0.04345 -0.83102 -0.09468 0.05699 0.54516
1468941237.699854851 -0.01584 0.02649 0.02344 -0.83494 -0.09875 0.05064 0.53904
1468941237.829050779 -0.00967 0.01889 0.00492 -0.83975 -0.10576 0.04207 0.53090
1468941237.915181875 0.00289 0.01992 -0.00568 -0.84159 -0.10847 0.03849 0.52771
1468941238.001312733 0.02029 0.02256 -0.01559 -0.84417 -0.10639 0.03594 0.52418
1468941238.130508900 0.05264 0.02291 -0.02522 -0.84756 -0.09702 0.03377 0.52066
1468941238.216638803 0.08013 0.02490 -0.03373 -0.84874 -0.08974 0.03566 0.51992
1468941238.302769899 0.10955 0.02617 -0.03882 -0.85119 -0.07738 0.03454 0.51797
1468941238.431965828 0.15445 0.02804 -0.04452 -0.84989 -0.06275 0.03490 0.52204
1468941238.518096685 0.18514 0.03098 -0.04936 -0.84867 -0.05582 0.03165 0.52502
1468941238.604227781 0.21742 0.03324 -0.05076 -0.84800 -0.04661 0.02348 0.52741
1468941238.733423710 0.27001 0.04127 -0.05262 -0.84769 -0.02924 0.00901 0.52961
1468941238.819554806 0.30658 0.05072 -0.05602 -0.84855 -0.01797 -0.00275 0.52880
1468941238.905684710 0.34378 0.06345 -0.05965 -0.85125 -0.00610 -0.01119 0.52461
1468941239.034880877 0.39918 0.08772 -0.06586 -0.85311 0.00678 -0.02155 0.52125
1468941239.121011734 0.43760 0.10530 -0.06824 -0.85412 0.01975 -0.03106 0.51878
1468941239.207142830 0.47610 0.12280 -0.06881 -0.85242 0.03406 -0.04177 0.52007
1468941239.336338758 0.53656 0.14850 -0.06899 -0.85191 0.06125 -0.05605 0.51706
1468941239.422469854 0.57694 0.16409 -0.06703 -0.85108 0.07583 -0.06213 0.51580
1468941239.508599758 0.61694 0.17897 -0.06562 -0.85030 0.09101 -0.07002 0.51362
1468941239.637796879 0.67478 0.19600 -0.06208 -0.85300 0.10716 -0.07499 0.50526
1468941239.723926783 0.71216 0.20195 -0.05926 -0.84874 0.11613 -0.08503 0.50885
1468941239.810057878 0.74885 0.20733 -0.05947 -0.84882 0.12725 -0.09299 0.50465
1468941239.939253807 0.80066 0.21636 -0.06662 0.85344 -0.13876 0.09819 -0.49268
1468941240.025384665 0.83319 0.22131 -0.07392 0.85632 -0.14981 0.10184 -0.48364
1468941240.111515760 0.86650 0.22273 -0.08062 0.85898 -0.16092 0.10815 -0.47388
1468941240.240711689 0.91178 0.22326 -0.08934 0.86445 -0.16661 0.11354 -0.46052
1468941240.326841831 0.93995 0.22534 -0.09143 0.87042 -0.16110 0.10799 -0.45250
1468941240.412972689 0.96527 0.22781 -0.09048 0.87761 -0.14160 0.09577 -0.44786
1468941240.542168856 1.00187 0.23175 -0.08299 0.89099 -0.09071 0.06285 -0.44041
1468941240.628299713 1.02335 0.23600 -0.07269 0.89769 -0.05774 0.04476 -0.43453
1468941240.714430809 1.04640 0.24232 -0.05832 0.90196 -0.03477 0.03097 -0.42931
1468941240.843626738 1.07749 0.25635 -0.03205 0.90551 -0.01074 0.00834 -0.42411
1468941240.929757833 1.09197 0.26614 -0.01294 0.90752 0.01565 -0.00413 -0.41970
1468941241.015887737 1.10186 0.28148 0.00927 0.90937 0.04168 -0.01718 -0.41354
1468941241.145083666 1.11737 0.29845 0.05062 0.90768 0.06723 -0.03301 -0.41292
1468941241.231214762 1.13021 0.30678 0.08383 0.90453 0.07216 -0.04368 -0.41798
1468941241.317345858 1.13917 0.31536 0.12019 0.90065 0.08712 -0.04556 -0.42327
1468941241.446541786 1.14786 0.32977 0.18153 0.89218 0.10781 -0.04567 -0.43625
1468941241.532672882 1.14953 0.34252 0.22774 0.88794 0.11874 -0.04986 -0.44157
1468941241.618802786 1.14351 0.35663 0.27266 0.88497 0.13451 -0.05243 -0.44270
1468941241.747999668 1.12343 0.36502 0.34128 0.87564 0.16199 -0.06530 -0.45028
1468941241.834129810 1.10680 0.36538 0.38595 0.87056 0.17480 -0.06821 -0.45488
1468941241.920260668 1.08026 0.36457 0.42328 0.86930 0.19216 -0.06639 -0.45053
1468941242.049456835 1.03139 0.36445 0.47572 0.87502 0.22336 -0.07854 -0.42224
1468941242.135587692 0.99911 0.36554 0.50440 0.87877 0.23403 -0.07105 -0.40982
1468941242.221718788 0.96902 0.36573 0.51646 0.88216 0.24160 -0.05596 -0.40037
1468941242.350914717 0.93502 0.36033 0.49514 0.88796 0.22427 -0.04336 -0.39919
1468941242.437044859 0.91942 0.34943 0.45698 0.89199 0.21743 -0.04312 -0.39397
1468941242.523175716 0.91050 0.33128 0.40759 0.89393 0.20635 -0.04761 -0.39502
1468941242.652371883 0.90575 0.29572 0.32352 0.89147 0.18655 -0.05964 -0.40857
1468941242.738502741 0.90530 0.26637 0.26462 0.88134 0.17730 -0.07340 -0.43175
1468941242.824633837 0.90507 0.23870 0.20481 0.87200 0.15268 -0.08111 -0.45797
1468941242.953829765 0.90376 0.20012 0.11091 0.87734 0.10913 -0.07388 -0.46141
1468941243.039960861 0.89931 0.17468 0.05077 0.88630 0.09374 -0.06064 -0.44945
1468941243.126090765 0.88712 0.15051 -0.00268 0.89615 0.08724 -0.04123 -0.43313
1468941243.255286694 0.85121 0.11636 -0.06168 0.90222 0.07474 -0.01219 -0.42458
1468941243.341417789 0.81609 0.09431 -0.08166 0.89651 0.06360 0.00242 -0.43842
1468941243.427548885 0.77579 0.07483 -0.09025 0.89287 0.03793 0.00565 -0.44869
1468941243.556744814 0.70212 0.04856 -0.09502 0.88883 0.02346 0.00116 -0.45763
1468941243.642875671 0.64847 0.03034 -0.09390 0.88255 0.02101 0.00082 -0.46974
1468941243.729005814 0.59430 0.01496 -0.09050 0.87666 0.01165 -0.00028 -0.48097
1468941243.858201742 0.51007 -0.00408 -0.08713 -0.86504 -0.00500 -0.00410 0.50166
1468941243.944332838 0.44990 -0.01577 -0.08572 -0.85897 -0.00671 -0.00244 0.51198
1468941244.030463696 0.38756 -0.02766 -0.08511 -0.85429 -0.01371 0.00445 0.51960
1468941244.159659863 0.29943 -0.04749 -0.08292 -0.84529 -0.02713 0.00940 0.53353
1468941244.245790720 0.24554 -0.05628 -0.07606 -0.83993 -0.03052 0.01646 0.54158
1468941244.331921816 0.19819 -0.05989 -0.06349 -0.83264 -0.02988 0.01683 0.55275
1468941244.461117744 0.13950 -0.05993 -0.03164 -0.82148 -0.02779 0.02667 0.56894
1468941244.547247887 0.10963 -0.05689 -0.00178 -0.82296 -0.02176 0.03563 0.56656
1468941244.633378744 0.08753 -0.05404 0.03424 -0.81641 -0.01445 0.04521 0.57552
1468941244.762574673 0.06495 -0.04430 0.08603 -0.80488 0.00641 0.05217 0.59110
1468941244.848705769 0.05416 -0.03815 0.10768 -0.79487 0.02123 0.05181 0.60418
1468941244.934836864 0.04780 -0.03110 0.10871 -0.78984 0.03679 0.04037 0.61088
1468941245.064032793 0.04871 -0.01925 0.06476 -0.79651 0.06018 0.01281 0.60149
1468941245.150163889 0.05684 -0.01776 0.01499 -0.79832 0.06809 -0.01509 0.59818
1468941245.236293793 0.06967 -0.02270 -0.03960 -0.80476 0.06358 -0.04540 0.58844
1468941245.365489721 0.09099 -0.03660 -0.10903 -0.82224 0.04960 -0.08152 0.56109
1468941245.451620817 0.10069 -0.04779 -0.13453 -0.83011 0.04329 -0.09824 0.54716
1468941245.537751675 0.10547 -0.04668 -0.13696 -0.83231 0.04329 -0.10664 0.54223
1468941245.666947842 0.10907 -0.02164 -0.09938 -0.82340 0.06051 -0.09839 0.55558
1468941245.753078699 0.11590 0.00388 -0.06082 -0.81681 0.07483 -0.08654 0.56545
1468941245.839208841 0.12652 0.02758 -0.03218 -0.81748 0.08106 -0.07621 0.56511
1468941245.968405724 0.15211 0.05280 -0.04771 0.86187 -0.07333 0.06449 -0.49763
1468941246.054535866 0.17562 0.05314 -0.09328 0.89340 -0.04859 0.07289 -0.44063
1468941246.140666723 0.21139 0.04449 -0.13562 0.90817 -0.04445 0.08343 -0.40779
1468941246.269862890 0.27142 0.03715 -0.15843 0.92573 -0.04410 0.08497 -0.36588
1468941246.355993748 0.31463 0.04470 -0.13478 0.92954 -0.03911 0.06448 -0.36094
1468941246.442123890 0.36611 0.06572 -0.09173 0.93325 -0.02703 0.04103 -0.35584
1468941246.571320772 0.46065 0.10209 -0.01760 0.93652 0.01383 0.02643 -0.34935
1468941246.657450676 0.53025 0.11611 0.02833 0.93209 0.04346 0.01447 -0.35932
1468941246.743581772 0.59878 0.12334 0.07107 0.92994 0.06470 -0.00234 -0.36196
1468941246.872777700 0.68907 0.12559 0.13314 0.93415 0.08790 -0.02317 -0.34511
1468941246.958908796 0.74344 0.12622 0.17336 0.93513 0.09915 -0.03840 -0.33797
1468941247.045039892 0.78894 0.12590 0.20515 0.93083 0.10848 -0.05242 -0.34502
1468941247.174235821 0.84190 0.13429 0.24361 0.92788 0.13244 -0.05789 -0.34372
1468941247.260365725 0.86841 0.14303 0.26700 0.92562 0.14979 -0.06661 -0.34110
1468941247.346496820 0.89159 0.15415 0.27001 0.92776 0.14245 -0.10423 -0.32879
1468941247.475692749 0.90248 0.16223 0.21914 0.93344 0.10310 -0.08386 -0.33321
1468941247.561823845 0.89504 0.15880 0.17221 0.94908 0.07560 -0.05701 -0.30047
1468941247.647954702 0.86733 0.15319 0.16837 0.95610 0.08736 -0.06407 -0.27228
1468941247.777150869 0.79077 0.16357 0.26342 0.93748 0.12112 -0.07712 -0.31705
1468941247.863281727 0.73037 0.18152 0.35680 0.92446 0.14322 -0.06888 -0.34658
1468941247.949411869 0.67808 0.19740 0.44303 0.91451 0.14085 -0.06600 -0.37348
1468941248.078607798 0.62432 0.19934 0.51312 0.89663 0.10623 -0.06813 -0.42443
1468941248.164738894 0.59176 0.18388 0.49230 0.90081 0.08976 -0.06213 -0.42027
1468941248.250869751 0.56314 0.15025 0.42018 0.91040 0.09018 -0.04794 -0.40092
1468941248.380065680 0.52296 0.07300 0.27176 0.92579 0.09919 0.00554 -0.36476
1468941248.466196775 0.48928 0.02499 0.21164 0.94054 0.11475 0.02049 -0.31905
1468941248.552326679 0.43628 -0.00062 0.22149 0.93625 0.15381 0.01434 -0.31555
1468941248.681523800 0.34442 0.00236 0.33157 0.89509 0.18385 -0.02532 -0.40542
1468941248.767653704 0.28864 0.02215 0.40972 0.88435 0.18794 -0.05950 -0.42316
1468941248.853784800 0.23991 0.04656 0.46274 0.87607 0.19046 -0.07040 -0.43734
1468941248.982980728 0.18716 0.08426 0.47514 0.87946 0.18494 -0.06259 -0.43408
1468941249.069111824 0.16596 0.10588 0.45162 0.88255 0.18596 -0.05093 -0.42886
1468941249.155242682 0.15048 0.12229 0.40455 0.89214 0.18576 -0.04142 -0.40972
1468941249.284438848 0.14364 0.12387 0.32457 0.89424 0.18075 -0.01639 -0.40915
1468941249.370568752 0.14604 0.10694 0.28633 0.89100 0.17564 0.01272 -0.41845
1468941249.456699848 0.13098 0.09279 0.26571 0.87782 0.18451 0.04686 -0.43953
1468941249.585895777 0.06000 0.11170 0.26824 0.88031 0.21879 0.06870 -0.41529
1468941249.672026873 -0.00865 0.13927 0.27703 0.87327 0.24625 0.08073 -0.41260
1468941249.758157730 -0.08424 0.16715 0.28320 0.86328 0.27961 0.09767 -0.40868
1468941249.887353897 -0.19729 0.19536 0.28590 0.84801 0.32647 0.12958 -0.39688
1468941249.973484755 -0.25193 0.20207 0.28477 0.82691 0.34255 0.15437 -0.41838
1468941250.059614897 -0.27763 0.20480 0.27723 0.82243 0.34327 0.15244 -0.42724
1468941250.188810825 -0.25264 0.19014 0.25668 0.82881 0.33372 0.11437 -0.43431
1468941250.274941683 -0.20148 0.17358 0.23256 0.83996 0.32521 0.08787 -0.42542
1468941250.361072779 -0.13136 0.15783 0.20879 0.85569 0.30927 0.06000 -0.41055
1468941250.490268707 -0.00178 0.13146 0.17867 0.87448 0.27849 0.03553 -0.39556
1468941250.576399803 0.09509 0.10895 0.16470 0.87855 0.26364 0.01811 -0.39790
1468941250.662529707 0.19562 0.08737 0.15392 0.87924 0.24388 -0.00943 -0.40910
1468941250.791726828 0.34115 0.07109 0.14614 0.88279 0.21375 -0.04237 -0.41618
1468941250.877856731 0.43469 0.07573 0.15421 0.90075 0.18215 -0.06567 -0.38879
1468941250.963987827 0.52652 0.08555 0.17060 0.90964 0.13935 -0.07499 -0.38407
1468941251.093183756 0.65792 0.10318 0.19505 0.91695 0.09214 -0.08906 -0.37787
1468941251.179314852 0.74018 0.11546 0.20572 0.92522 0.07491 -0.11803 -0.35273
1468941251.265445709 0.81248 0.12288 0.21049 0.91931 0.06976 -0.11593 -0.36954
1468941251.394641876 0.90252 0.14235 0.20199 0.91535 0.05615 -0.11923 -0.38047
1468941251.480771780 0.95738 0.16342 0.18530 0.92435 0.03075 -0.12206 -0.36018
1468941251.566902876 1.00931 0.18378 0.17852 0.93035 0.01145 -0.11696 -0.34733
1468941251.696098804 1.05144 0.22316 0.23057 0.92973 0.01544 -0.10205 -0.35348
1468941251.782229900 1.05115 0.26066 0.30047 0.92545 0.03438 -0.09155 -0.36604
1468941251.868360758 1.03548 0.29657 0.38237 0.91383 0.06119 -0.08164 -0.39307
1468941251.997556686 0.99037 0.33370 0.49178 0.90281 0.11367 -0.08801 -0.40531
1468941252.083687782 0.95450 0.35295 0.53454 0.90078 0.16023 -0.10001 -0.39105
1468941252.169817686 0.92839 0.37251 0.53950 0.89722 0.18710 -0.09441 -0.38869
1468941252.299013853 0.92380 0.38172 0.46362 0.89619 0.19557 -0.11136 -0.38236
1468941252.385144711 0.94875 0.36654 0.37554 0.89617 0.17428 -0.11490 -0.39153
1468941252.471275806 0.98515 0.34529 0.27103 0.90949 0.13777 -0.11448 -0.37517
1468941252.600471735 1.04567 0.30091 0.11468 0.93088 0.09839 -0.09218 -0.33953
1468941252.686602831 1.09164 0.27427 0.02827 0.94150 0.07047 -0.07716 -0.32040
1468941252.772732735 1.14329 0.25447 -0.04072 0.94825 0.04169 -0.04955 -0.31085
1468941252.901928663 1.22135 0.24603 -0.09651 0.95501 0.00436 -0.02960 -0.29506
1468941252.988059759 1.26458 0.25896 -0.08072 0.94969 -0.00975 -0.02942 -0.31166
1468941253.074190855 1.29382 0.28676 -0.03506 0.94310 -0.01744 -0.02362 -0.33121
1468941253.203386784 1.30159 0.34144 0.05606 0.93695 -0.02600 -0.00648 -0.34844
1468941253.289517879 1.28643 0.37067 0.10746 0.92777 -0.04086 0.00117 -0.37090
1468941253.375648737 1.25223 0.38864 0.13077 0.92051 -0.04226 -0.00169 -0.38841
1468941253.504844666 1.17866 0.38419 0.11271 0.91933 -0.04708 -0.03869 -0.38874
1468941253.590974808 1.12024 0.36052 0.07354 0.92341 -0.03771 -0.03693 -0.38016
1468941253.677105665 1.05934 0.32816 0.02418 0.92750 -0.02851 -0.01534 -0.37243
1468941253.806301832 0.97832 0.25970 -0.05614 0.92881 -0.03480 0.04731 -0.36588
1468941253.892432690 0.92980 0.20731 -0.09433 0.92700 -0.04622 0.09742 -0.35922
1468941253.978563786 0.88365 0.16440 -0.10151 0.92415 -0.07304 0.12736 -0.35268
1468941254.107759714 0.81808 0.14251 -0.06074 0.91701 -0.11993 0.13195 -0.35680
1468941254.193889856 0.76894 0.15068 -0.01448 0.90780 -0.13001 0.12358 -0.37911
1468941254.280020714 0.72100 0.17299 0.03360 0.90155 -0.12801 0.11176 -0.39791
1468941254.409216881 0.65162 0.20259 0.07601 0.88909 -0.11615 0.10707 -0.42960
1468941254.495347738 0.60173 0.20729 0.06581 0.88878 -0.10223 0.10667 -0.43387
1468941254.581478834 0.55595 0.19178 0.02417 0.89738 -0.08973 0.09843 -0.42068
1468941254.710674763 0.49751 0.14137 -0.06777 0.91801 -0.06192 0.08948 -0.38135
1468941254.796805859 0.46208 0.10792 -0.11390 0.93244 -0.03221 0.07722 -0.35151
1468941254.882935762 0.43131 0.08584 -0.13020 0.93945 0.00089 0.06324 -0.33680
1468941255.012131691 0.37172 0.08742 -0.09915 0.93394 0.05101 0.02703 -0.35275
1468941255.098262787 0.32836 0.11090 -0.04436 0.92150 0.07353 -0.00610 -0.38130
1468941255.184393883 0.29063 0.13686 0.02604 0.90702 0.08627 -0.04484 -0.40971
1468941255.313589811 0.24777 0.17044 0.13696 0.89194 0.10882 -0.08115 -0.43129
1468941255.399720669 0.22215 0.19261 0.20367 0.88422 0.12526 -0.08644 -0.44159
1468941255.485851765 0.18875 0.21872 0.23926 0.88703 0.16122 -0.08831 -0.42354
1468941255.615047693 0.13487 0.24069 0.20127 0.89626 0.22990 -0.08265 -0.37019
1468941255.701177835 0.11642 0.23425 0.12864 0.90130 0.27281 -0.08948 -0.32437
1468941255.787308693 0.11870 0.21155 0.05224 0.89444 0.30943 -0.10123 -0.30656
1468941255.916504860 0.15892 0.18223 -0.03801 0.88852 0.33270 -0.10352 -0.29854
1468941256.002635717 0.20398 0.17940 -0.06261 0.89549 0.31892 -0.09291 -0.29622
1468941256.088766813 0.25065 0.19965 -0.03912 0.89853 0.29556 -0.07886 -0.31474
1468941256.217962742 0.30233 0.27114 0.06868 0.88591 0.24939 -0.04057 -0.38900
1468941256.304092884 0.31177 0.32251 0.15803 0.87290 0.23516 -0.00928 -0.42739
1468941256.390223742 0.30302 0.36115 0.24553 0.86362 0.22585 0.00672 -0.45068
1468941256.519419670 0.26997 0.40004 0.36208 0.87279 0.19387 -0.00277 -0.44794
1468941256.605550766 0.22935 0.41624 0.43002 0.87340 0.19445 -0.00295 -0.44649
1468941256.691681862 0.17991 0.42835 0.48894 0.87827 0.21549 -0.00040 -0.42685
1468941256.820877790 0.10956 0.43770 0.56400 0.89573 0.24943 -0.00494 -0.36801
1468941256.907008886 0.06802 0.43519 0.60161 0.89641 0.27564 0.00834 -0.34699
1468941256.993138790 0.03320 0.43426 0.62627 0.90312 0.28499 -0.00726 -0.32109
1468941257.122334719 -0.01030 0.44513 0.61134 0.91248 0.26593 -0.00432 -0.31086
1468941257.208465815 -0.03425 0.46000 0.56349 0.91392 0.25548 0.01326 -0.31514
1468941257.294596672 -0.05371 0.46813 0.48836 0.90260 0.26594 0.04274 -0.33580
1468941257.423792839 -0.05090 0.46116 0.34843 0.89703 0.26903 0.04793 -0.34737
1468941257.509923697 -0.01761 0.43271 0.26786 0.89241 0.25874 0.03856 -0.36765
1468941257.596053839 0.03867 0.39168 0.20440 0.89081 0.24557 0.02810 -0.38126
1468941257.725250721 0.15689 0.31664 0.14806 0.89716 0.20091 0.02438 -0.39261
1468941257.811380863 0.24549 0.26732 0.14964 0.90419 0.16108 0.02506 -0.39479
1468941257.897511721 0.33652 0.22649 0.17612 0.90751 0.12518 0.02188 -0.40034
1468941258.026707888 0.47730 0.19153 0.22107 0.91454 0.06207 0.01710 -0.39935
1468941258.112838745 0.55961 0.17888 0.24373 0.91876 0.03333 0.02309 -0.39273
1468941258.198969841 0.61153 0.18161 0.26924 0.92614 0.03599 0.03998 -0.37332
1468941258.328165770 0.64635 0.21045 0.36416 0.92527 0.03432 -0.00262 -0.37775
1468941258.414295673 0.64896 0.23450 0.46722 0.91342 0.04663 -0.03429 -0.40288
1468941258.500426769 0.63660 0.25297 0.58116 0.89430 0.06615 -0.03976 -0.44076
1468941258.629622698 0.60074 0.27715 0.71755 0.89405 0.10804 -0.05369 -0.43141
1468941258.715753794 0.57755 0.28846 0.78359 0.90432 0.12015 -0.04402 -0.40723
1468941258.801884890 0.55949 0.29617 0.82203 0.92175 0.13531 -0.07783 -0.35497
1468941258.931080818 0.53581 0.29402 0.82328 0.92289 0.12336 -0.06877 -0.35822
1468941259.017211676 0.51532 0.27067 0.77805 0.91063 0.12606 -0.06018 -0.38889
1468941259.103341818 0.49082 0.23132 0.69620 0.89751 0.13892 -0.06412 -0.41361
1468941259.232537746 0.43322 0.16594 0.52526 0.88716 0.14481 -0.06764 -0.43290
1468941259.318668842 0.38210 0.12424 0.40111 0.89454 0.15307 -0.07004 -0.41408
1468941259.404799700 0.32356 0.08415 0.30374 0.89741 0.16986 -0.07599 -0.40004
1468941259.533995867 0.23416 0.03819 0.24128 0.88000 0.20809 -0.10608 -0.41358
1468941259.620126724 0.18259 0.01887 0.22560 0.86697 0.21164 -0.11581 -0.43607
1468941259.706256866 0.15531 -0.00037 0.20146 0.86464 0.20485 -0.11313 -0.44457
1468941259.835453749 0.18747 -0.01973 0.15088 0.87798 0.19296 -0.11456 -0.42285
1468941259.921583891 0.25004 -0.02614 0.11331 0.88100 0.20451 -0.08765 -0.41752
1468941260.007714748 0.34215 -0.02132 0.08633 0.89320 0.18364 -0.06650 -0.40502
1468941260.136910677 0.49518 -0.00342 0.07007 0.91356 0.12830 -0.03040 -0.38474
1468941260.223041773 0.59629 0.01348 0.07063 0.91929 0.09058 -0.01539 -0.38271
1468941260.309172869 0.69659 0.02942 0.07301 0.92320 0.05762 -0.00663 -0.37991
1468941260.438368797 0.84001 0.04868 0.08964 0.92559 0.01476 0.01204 -0.37804
1468941260.524498701 0.92227 0.05985 0.11977 0.92135 -0.00295 0.03194 -0.38742
1468941260.610629797 0.97949 0.07087 0.15256 0.91056 -0.02044 0.06820 -0.40720
1468941260.739825726 0.98110 0.08371 0.17481 0.89339 -0.02625 0.09632 -0.43806
1468941260.825956821 0.91201 0.08440 0.17145 0.88621 -0.03594 0.08185 -0.45458
1468941260.912087679 0.78178 0.07458 0.16583 0.88336 -0.00691 0.04314 -0.46664
1468941261.041283846 0.56124 0.06875 0.18661 0.89114 0.03083 -0.05443 -0.44940
1468941261.127414703 0.46620 0.07461 0.19987 0.89659 0.06852 -0.10552 -0.42461
1468941261.213544846 0.46529 0.08110 0.19536 0.88548 0.07835 -0.11463 -0.44345
1468941261.342740774 0.60923 0.10551 0.17036 0.88637 0.00597 -0.07071 -0.45751
1468941261.428871870 0.72974 0.11063 0.14381 0.88952 -0.04684 0.03922 -0.45280
1468941261.515002728 0.79688 0.09992 0.12525 0.89520 -0.08705 0.12715 -0.41817
1468941261.644198895 0.69332 0.07581 0.10867 0.89361 -0.07122 0.13639 -0.42165
1468941261.730329752 0.52423 0.05424 0.08419 0.90927 0.00322 0.06916 -0.41041
1468941261.816459894 0.37809 0.05349 0.09976 0.92474 0.03876 -0.00884 -0.37853
1468941261.945656776 0.25986 0.12706 0.26586 0.91743 0.06347 -0.05814 -0.38848
1468941262.031786680 0.19733 0.18204 0.38420 0.92040 0.13526 -0.04007 -0.36465
1468941262.117917776 0.15614 0.21581 0.46440 0.89824 0.15064 -0.03107 -0.41170
1468941262.247113705 0.11848 0.24375 0.41800 0.88668 0.17618 -0.01732 -0.42714
1468941262.333244801 0.12910 0.24467 0.27554 0.89519 0.20168 0.00170 -0.39743
1468941262.419375896 0.18914 0.21418 0.11108 0.90666 0.21013 0.02035 -0.36523
1468941262.548571825 0.27885 0.15184 -0.00079 0.93133 0.20832 0.07226 -0.28983
1468941262.634701729 0.24009 0.18028 0.04239 0.92665 0.20855 0.05874 -0.30722
1468941262.720832825 0.14656 0.25687 0.14534 0.91593 0.21542 0.01737 -0.33817
1468941262.850028753 0.01399 0.34313 0.28414 0.88972 0.26727 -0.00993 -0.36996
1468941262.936159849 -0.02162 0.36968 0.30529 0.88246 0.28537 -0.02804 -0.37289
1468941263.022290707 0.00632 0.36065 0.25343 0.87746 0.29259 -0.03442 -0.37851
1468941263.151486874 0.17421 0.27636 0.09739 0.88698 0.28483 -0.01001 -0.36336
1468941263.237616777 0.30019 0.21312 0.03831 0.90847 0.26125 0.01961 -0.32564
1468941263.323747873 0.35664 0.21064 0.07637 0.91563 0.21388 -0.00419 -0.34038
1468941263.452943802 0.36247 0.26265 0.21233 0.90714 0.18261 -0.05535 -0.37508
1468941263.539074898 0.39402 0.26093 0.26437 0.88341 0.15488 -0.07136 -0.43647
1468941263.625205755 0.46148 0.22036 0.23415 0.87728 0.13337 -0.08416 -0.45334
1468941263.754401684 0.60426 0.07760 0.09500 0.88908 0.11829 -0.02944 -0.44123
1468941263.840532780 0.67252 0.00562 0.04170 0.91485 0.10894 -0.00256 -0.38882
1468941263.926662683 0.68909 0.01795 0.07543 0.91264 0.09864 -0.01711 -0.39631
1468941264.055858850 0.68917 0.10871 0.17716 0.90005 0.07187 -0.06487 -0.42489
1468941264.141989708 0.71321 0.12883 0.19764 0.87699 0.06480 -0.05171 -0.47331
1468941264.228120804 0.76619 0.10996 0.14328 0.88506 0.04289 -0.04309 -0.46149
1468941264.357316732 0.86888 0.04624 0.03347 0.93033 0.01107 -0.02528 -0.36568
1468941264.443447828 0.93671 0.07138 0.05861 0.93607 -0.03017 -0.06492 -0.34446
1468941264.529577732 1.00190 0.14037 0.11910 0.93529 -0.05235 -0.05983 -0.34483
1468941264.658774853 1.06956 0.24246 0.19342 0.95404 -0.04724 -0.00312 -0.29590
1468941264.744904757 1.04353 0.28039 0.27035 0.93804 0.03802 0.06532 -0.33818
1468941264.831035852 0.98271 0.30311 0.34625 0.91113 0.14586 0.11798 -0.36694
1468941264.960231781 0.89120 0.32666 0.42056 0.90522 0.23130 0.09119 -0.34463
1468941265.046362877 0.83617 0.31490 0.42868 0.88598 0.23037 0.06305 -0.39748
1468941265.132493734 0.78998 0.27471 0.37928 0.88449 0.19556 -0.00954 -0.42349
1468941265.261689901 0.72755 0.15478 0.23138 0.86494 0.11330 -0.05418 -0.48592
1468941265.347819805 0.68286 0.07029 0.11601 0.88970 0.01539 -0.10310 -0.44450
1468941265.433950901 0.62769 0.01551 0.02548 0.92175 -0.11040 -0.19163 -0.31853
1468941265.563146830 0.48948 -0.00864 -0.00047 0.91172 -0.12600 -0.27601 -0.27695
1468941265.649277687 0.41768 0.01189 0.02361 0.89701 -0.10908 -0.29272 -0.31270
1468941265.735408783 0.37661 0.03898 0.05347 0.88827 -0.07474 -0.23737 -0.38606
1468941265.864604712 0.39553 0.08446 0.09157 -0.85894 -0.02713 0.09015 0.50334
1468941265.950735807 0.46889 0.10757 0.08969 -0.84997 -0.07719 0.02646 0.52047
1468941266.036865711 0.58761 0.12611 0.07690 -0.85745 -0.08234 -0.01611 0.50768
1468941266.166061878 0.79701 0.15260 0.07779 0.87063 0.00360 0.09991 -0.48168
1468941266.252192736 0.90734 0.16603 0.09224 0.86008 -0.06687 0.15361 -0.48186
1468941266.338323832 0.93026 0.17204 0.09920 0.84966 -0.08378 0.17343 -0.49090
1468941266.467519760 0.76810 0.16238 0.09380 -0.84889 0.02025 -0.11068 0.51646
1468941266.553650856 0.57850 0.14938 0.10840 -0.85072 -0.00812 -0.01994 0.52518
1468941266.639780760 0.40123 0.16139 0.14563 0.87847 0.00690 -0.07956 -0.47107
1468941266.768977880 0.29761 0.16996 0.16575 0.87780 0.04241 -0.10435 -0.46560
1468941266.855107784 0.36379 0.17969 0.12629 0.87531 0.01981 -0.07972 -0.47654
1468941266.941238880 0.52336 0.19849 0.07327 0.87362 -0.02360 -0.01657 -0.48576
1468941267.070434809 0.82000 0.20369 0.03438 0.87107 -0.08753 0.12195 -0.46765
1468941267.156565666 0.93428 0.18769 0.04908 0.85470 -0.08295 0.21086 -0.46706
1468941267.242696762 0.95032 0.17872 0.05698 0.84368 -0.07514 0.25283 -0.46759
1468941267.371892691 0.79465 0.18343 0.02693 0.83910 -0.06107 0.23691 -0.48586
1468941267.458022833 0.59135 0.19942 -0.01543 0.86468 -0.04872 0.16989 -0.47020
1468941267.544153690 0.36395 0.22649 -0.05993 0.89435 -0.03002 0.09577 -0.43596
1468941267.673349857 0.09134 0.27944 -0.08812 0.92824 0.03930 0.04416 -0.36726
1468941267.759480715 0.00348 0.30136 -0.05691 0.92950 0.04952 0.02192 -0.36482
1468941267.845611811 -0.03663 0.30151 -0.01709 0.91338 0.05601 0.00624 -0.40320
1468941267.974807739 -0.01388 0.29917 0.03371 0.89367 0.04165 -0.01849 -0.44640
1468941268.060938835 0.06978 0.27149 0.06083 0.87684 0.03671 -0.01964 -0.47897
1468941268.147068739 0.17163 0.22477 0.11308 -0.86474 -0.03646 0.01037 0.50080
1468941268.276264668 0.24732 0.22113 0.28341 -0.83988 -0.08112 0.01182 0.53655
1468941268.362395763 0.24969 0.26891 0.41289 0.86544 0.15218 -0.00340 -0.47733
1468941268.448526859 0.26797 0.29153 0.49934 -0.83567 -0.12846 0.00598 0.53396
1468941268.577722788 0.30662 0.30184 0.42910 -0.85278 -0.13067 0.01867 0.50532
1468941268.663853884 0.34684 0.28132 0.24639 0.87426 0.15118 -0.02066 -0.46085
1468941268.749983788 0.41237 0.22389 0.01294 0.90258 0.19946 0.04264 -0.37914
1468941268.879180670 0.50343 0.12557 -0.19801 0.94391 0.21251 0.14084 -0.20986
1468941268.965310812 0.43530 0.15319 -0.16370 0.94480 0.21241 0.10797 -0.22490
1468941269.051441669 0.29531 0.24767 -0.02286 0.92853 0.22832 0.04135 -0.28983
1468941269.180637836 0.11644 0.34692 0.23659 0.89813 0.26170 0.00066 -0.35337
1468941269.266768694 0.05579 0.36953 0.32171 0.88976 0.27696 0.00499 -0.36275
1468941269.352899790 0.03270 0.37000 0.30328 0.89558 0.29658 0.00987 -0.33147
1468941269.482095718 0.10303 0.32961 0.12744 0.91109 0.31379 0.00687 -0.26721
1468941269.568225861 0.24408 0.25832 0.00242 0.91148 0.31526 -0.00417 -0.26420
1468941269.654356718 0.44022 0.18167 -0.05837 0.92214 0.27274 0.00471 -0.27430
1468941269.783552885 0.73582 0.10253 -0.04903 0.95615 0.15602 0.09374 -0.22945
1468941269.869683743 0.85844 0.11346 0.00557 0.95592 0.05617 0.14982 -0.24619
1468941269.955814838 0.85348 0.17870 0.08378 0.92979 0.04718 0.17741 -0.31905
1468941270.085010767 0.63550 0.26852 0.17419 0.86373 0.17639 0.18039 -0.43626
1468941270.171141863 0.47075 0.26522 0.18117 -0.80908 -0.21933 -0.05608 0.54235
1468941270.257271767 0.37060 0.26472 0.13338 0.85646 0.05492 -0.19508 -0.47477
1468941270.386467695 0.22891 0.22663 0.07851 0.85989 -0.13950 -0.37312 -0.31924
1468941270.472598791 0.12004 0.20631 0.14966 0.84181 -0.01183 -0.27442 -0.46465
1468941270.558729887 0.00572 0.19495 0.18350 -0.75587 -0.28257 -0.00916 0.59054
1468941270.687925816 -0.02150 0.23079 0.12159 0.66382 0.52184 0.28948 -0.45081
1468941270.774056673 0.03724 0.25860 0.09384 0.72721 0.43065 0.24917 -0.47289
1468941270.860186815 0.13366 0.26393 0.05151 0.83649 0.23928 0.08418 -0.48573
1468941270.989382744 0.32305 0.19647 -0.05260 0.90266 -0.07553 -0.11301 -0.40833
1468941271.075513840 0.44237 0.15298 -0.12139 0.91526 -0.20659 -0.13979 -0.31636
1468941271.161644697 0.52614 0.11831 -0.15288 0.95126 -0.09556 0.01418 -0.29287
