1540822822.038876772 0.00425 0.00078 0.07469 -0.66534 -0.02976 -0.03960 0.74489
1540822822.136255741 0.00703 0.00237 0.10358 -0.66929 -0.03576 -0.04507 0.74077
1540822822.233694792 0.00982 0.00258 0.13107 -0.67591 -0.03946 -0.04240 0.73471
1540822822.331164598 0.01071 0.00096 0.15802 -0.67356 -0.03484 -0.03751 0.73736
1540822822.428705692 0.00871 -0.00373 0.18358 -0.67096 -0.03552 -0.03851 0.73964
1540822822.526433706 0.00738 -0.00694 0.20659 -0.67438 -0.03462 -0.03765 0.73661
1540822822.599861622 0.00855 -0.00834 0.22367 -0.67533 -0.03065 -0.03890 0.73585
1540822822.697886705 0.01256 -0.00867 0.24623 -0.67599 -0.02368 -0.04729 0.73501
1540822822.796094656 0.01592 0.00353 0.26285 -0.68157 -0.01571 -0.05391 0.72960
1540822822.894458771 0.01724 0.03025 0.27620 -0.68373 -0.02096 -0.04912 0.72778
1540822822.992905617 0.01460 0.06994 0.28841 -0.68045 -0.04423 -0.03924 0.73041
1540822823.091403723 0.00719 0.11112 0.29803 -0.67731 -0.07729 -0.02122 0.73132
1540822823.189960718 0.00183 0.14914 0.30181 -0.67751 -0.09156 -0.00830 0.72975
1540822823.288618803 -0.00311 0.18070 0.30581 -0.67553 -0.09804 0.00374 0.73078
1540822823.362713575 -0.00677 0.20006 0.30857 -0.67540 -0.09552 0.00917 0.73118
1540822823.461681604 -0.01229 0.20982 0.30966 -0.66827 -0.09596 0.01545 0.73754
1540822823.560931683 -0.01110 0.19427 0.30178 -0.67277 -0.08734 0.01489 0.73453
1540822823.660440683 -0.00610 0.15880 0.29148 -0.68373 -0.07487 0.00292 0.72588
1540822823.759986639 -0.00185 0.11753 0.28538 -0.69797 -0.05787 -0.01699 0.71358
1540822823.859310627 0.00196 0.09190 0.28808 -0.70356 -0.04385 -0.04316 0.70797
1540822823.933573723 0.00169 0.09198 0.29276 -0.70353 -0.04042 -0.05563 0.70733
1540822824.032361746 -0.00323 0.11604 0.30004 -0.69819 -0.04384 -0.05530 0.71242
1540822824.131080627 -0.00968 0.15356 0.30878 -0.68584 -0.05353 -0.04766 0.72421
1540822824.229976654 -0.01544 0.19094 0.31555 -0.67261 -0.06263 -0.03917 0.73630
1540822824.329311609 -0.02384 0.21604 0.31631 -0.66596 -0.06916 -0.02557 0.74234
1540822824.429161787 -0.02774 0.22337 0.31153 -0.66587 -0.07443 -0.01959 0.74209
1540822824.504322767 -0.01432 0.22391 0.30429 -0.67225 -0.07801 -0.01731 0.73600
1540822824.604696751 0.02310 0.22214 0.29823 -0.67711 -0.07208 -0.01961 0.73208
1540822824.705081701 0.06072 0.22024 0.30051 -0.67319 -0.07226 -0.03034 0.73531
1540822824.805461645 0.07920 0.21730 0.30767 -0.67241 -0.06538 -0.03973 0.73621
1540822824.905843735 0.06670 0.21221 0.31301 -0.66975 -0.05819 -0.04839 0.73872
1540822824.981166601 0.04083 0.20663 0.31031 -0.66885 -0.04426 -0.04373 0.74079
1540822825.081748724 -0.00448 0.19912 0.30579 -0.66516 -0.02407 -0.04004 0.74523
1540822825.182585716 -0.04371 0.19196 0.30065 -0.66370 -0.01402 -0.03670 0.74697
1540822825.283722639 -0.04946 0.18697 0.29341 -0.66888 -0.00635 -0.02917 0.74277
1540822825.385022640 -0.01866 0.18551 0.29115 -0.67460 -0.01011 -0.02697 0.73762
1540822825.460964680 0.01356 0.18589 0.29523 -0.67392 -0.02040 -0.03063 0.73789
1540822825.562145710 0.04877 0.19147 0.30540 -0.67520 -0.02755 -0.03619 0.73623
1540822825.663238764 0.05996 0.20003 0.31503 -0.67377 -0.03463 -0.04247 0.73691
1540822825.764268637 0.04307 0.20331 0.31628 -0.67026 -0.03124 -0.03989 0.74040
1540822825.840060711 0.01836 0.20161 0.31198 -0.66767 -0.02325 -0.03907 0.74307
1540822825.941247702 -0.01084 0.20085 0.30710 -0.66201 -0.01398 -0.04201 0.74819
1540822826.042710781 -0.02199 0.20577 0.30397 -0.65869 -0.01071 -0.03728 0.75141
1540822826.144490719 -0.02038 0.20934 0.30304 -0.66241 -0.01637 -0.02700 0.74848
1540822826.220955610 -0.01203 0.20915 0.30598 -0.66178 -0.01797 -0.02682 0.74900
1540822826.323000669 0.00101 0.20118 0.30315 -0.66389 -0.01212 -0.02910 0.74717
1540822826.425085783 0.00779 0.19974 0.30531 -0.66803 -0.00897 -0.03146 0.74342
1540822826.527157784 0.00791 0.19818 0.30531 -0.66902 -0.01441 -0.03309 0.74237
1540822826.603669643 0.00579 0.19712 0.29980 -0.67081 -0.01490 -0.02952 0.74089
1540822826.705610752 0.00667 0.20146 0.30406 -0.67093 -0.01462 -0.02792 0.74085
1540822826.807484627 0.00331 0.19979 0.30001 -0.67133 -0.01696 -0.02862 0.74041
1540822826.909323692 0.00527 0.20084 0.30604 -0.67160 -0.01946 -0.02913 0.74009
1540822826.985674620 0.00730 0.20061 0.31152 -0.67123 -0.01935 -0.03020 0.74038
1540822827.087456703 0.01046 0.19729 0.31759 -0.67322 -0.01848 -0.03239 0.73850
1540822827.189182758 0.01261 0.18641 0.32172 -0.67888 -0.01670 -0.03624 0.73317
1540822827.265389681 0.01450 0.17147 0.32356 -0.68512 -0.01556 -0.03943 0.72719
1540822827.366777658 0.01352 0.14304 0.31512 -0.69402 -0.01034 -0.04874 0.71823
1540822827.467779636 0.01470 0.12046 0.30759 -0.69890 -0.00360 -0.06109 0.71260
1540822827.568383694 0.01814 0.11653 0.29973 -0.70105 0.00392 -0.06474 0.71015
1540822827.668668747 0.01815 0.13930 0.29605 -0.69137 -0.00138 -0.06080 0.71994
1540822827.743813753 0.01784 0.16715 0.29539 -0.68162 -0.00848 -0.05011 0.72994
1540822827.844188690 0.01371 0.21318 0.30185 -0.66871 -0.02367 -0.03382 0.74237
1540822827.944989681 0.00712 0.24303 0.30542 -0.66158 -0.03698 -0.01635 0.74879
1540822828.046284676 0.00483 0.24171 0.30024 -0.66647 -0.03965 -0.00887 0.74442
1540822828.122499704 0.00728 0.22395 0.28860 -0.67384 -0.03551 -0.01127 0.73794
1540822828.224187613 0.01363 0.19628 0.27601 -0.68489 -0.00893 -0.00325 0.72858
1540822828.325713634 0.01646 0.17744 0.29239 -0.68241 -0.00001 -0.00991 0.73091
1540822828.427073717 0.01914 0.16808 0.33288 -0.67741 0.00223 -0.02161 0.73529
1540822828.528486729 0.02567 0.16354 0.38341 -0.67081 -0.00640 -0.04338 0.74033
1540822828.604736805 0.03108 0.16192 0.41832 -0.67098 -0.02017 -0.06069 0.73871
1540822828.706731796 0.03655 0.16019 0.44782 -0.66819 -0.04660 -0.08831 0.73726
1540822828.809101582 0.03884 0.16071 0.43924 -0.65930 -0.05432 -0.09546 0.74381
1540822828.886133671 0.03890 0.16380 0.40624 -0.66371 -0.05100 -0.08366 0.74154
1540822828.988984585 0.03554 0.16925 0.34954 -0.67477 -0.03267 -0.05292 0.73540
1540822829.091603756 0.03026 0.16904 0.30456 -0.67786 -0.00965 -0.03817 0.73414
1540822829.193835735 0.02583 0.16584 0.27934 -0.68543 0.00811 -0.02605 0.72763
1540822829.270268679 0.02531 0.16374 0.27844 -0.69169 0.01509 -0.01781 0.72182
1540822829.371845722 0.03064 0.15789 0.30815 -0.68580 0.01668 -0.02275 0.72724
1540822829.473120689 0.04028 0.15222 0.35375 -0.68575 0.00604 -0.04175 0.72661
1540822829.574416637 0.04862 0.14889 0.39155 -0.67919 -0.01341 -0.07289 0.73021
1540822829.650496721 0.05050 0.15062 0.39578 -0.67010 -0.01663 -0.08563 0.73713
1540822829.752225637 0.04655 0.15902 0.36342 -0.66790 -0.00159 -0.06916 0.74103
1540822829.854252577 0.03700 0.16484 0.31159 -0.68071 0.01883 -0.03976 0.73123
1540822829.956235647 0.03131 0.15496 0.27347 -0.68987 0.04138 -0.02804 0.72220
1540822830.032521725 0.03565 0.13876 0.25942 -0.69534 0.04930 -0.02980 0.71637
1540822830.133827686 0.05683 0.11853 0.25815 -0.69894 0.05015 -0.04759 0.71184
1540822830.234672785 0.08414 0.10994 0.26942 -0.69362 0.04729 -0.07037 0.71533
1540822830.335154772 0.10607 0.12005 0.28677 -0.68513 0.03319 -0.08342 0.72287
1540822830.410372734 0.11432 0.14050 0.30092 -0.67906 0.01548 -0.08471 0.72901
1540822830.510730743 0.11253 0.17972 0.31660 -0.67132 -0.01023 -0.07640 0.73715
1540822830.611377716 0.09150 0.22069 0.32394 -0.66427 -0.02932 -0.05135 0.74515
1540822830.712463617 0.05347 0.24602 0.32144 -0.66164 -0.03991 -0.01860 0.74853
1540822830.814005613 0.01032 0.24071 0.30817 -0.66751 -0.03317 0.00647 0.74383
1540822830.890363693 -0.01385 0.21518 0.29611 -0.67653 -0.02502 0.01525 0.73583
1540822830.992210627 -0.01771 0.16634 0.28290 -0.69430 -0.00710 0.01160 0.71956
1540822831.093713760 0.00884 0.11742 0.28076 -0.70885 0.00660 -0.02194 0.70499
1540822831.194545746 0.05050 0.08768 0.28564 -0.71841 0.01343 -0.05430 0.69337
1540822831.269721746 0.08143 0.08607 0.29263 -0.71522 0.00874 -0.06957 0.69537
1540822831.369465590 0.11082 0.10769 0.30642 -0.70052 -0.00749 -0.08383 0.70865
1540822831.468991756 0.11426 0.14003 0.31239 -0.68840 -0.02417 -0.08004 0.72050
1540822831.568656683 0.08935 0.16485 0.30151 -0.68805 -0.02949 -0.05731 0.72280
1540822831.668551683 0.05214 0.17564 0.28486 -0.68666 -0.01704 -0.03186 0.72608
1540822831.743647575 0.02260 0.17654 0.27381 -0.68984 -0.00364 -0.01717 0.72375
1540822831.843962669 -0.01848 0.17415 0.26956 -0.69869 0.00514 0.00280 0.71540
1540822831.944284678 -0.05535 0.16991 0.28889 -0.70139 -0.00052 0.01545 0.71261
1540822832.044549704 -0.07233 0.16674 0.33194 -0.69676 -0.01267 0.00904 0.71713
1540822832.144866705 -0.06157 0.16337 0.38768 -0.68430 -0.03445 -0.02302 0.72802
1540822832.220318794 -0.03757 0.16002 0.42445 -0.68205 -0.05486 -0.05816 0.72692
1540822832.321335793 0.00610 0.15551 0.46060 -0.67138 -0.08569 -0.10160 0.72910
1540822832.422830582 0.05262 0.15084 0.47103 -0.66523 -0.09049 -0.12597 0.73035
1540822832.524844646 0.08808 0.14852 0.45892 -0.66021 -0.08441 -0.13462 0.73408
1540822832.601645708 0.10460 0.14782 0.43456 -0.66539 -0.07156 -0.13205 0.73123
1540822832.704225779 0.10660 0.14803 0.38674 -0.67764 -0.04727 -0.11412 0.72494
1540822832.806625605 0.08902 0.14896 0.33303 -0.68533 -0.00821 -0.08305 0.72343
1540822832.908617735 0.06368 0.14970 0.28758 -0.69255 0.01847 -0.05637 0.71893
1540822832.984742641 0.04904 0.15254 0.26293 -0.69349 0.03097 -0.04133 0.71861
1540822833.085859776 0.03428 0.16872 0.24584 -0.69064 0.04617 -0.02573 0.72126
1540822833.186733723 0.02355 0.20078 0.25404 -0.67896 0.03797 -0.00789 0.73315
1540822833.287662745 0.01604 0.24358 0.28710 -0.66426 0.01303 0.00590 0.74736
1540822833.363626719 0.01276 0.27522 0.32509 -0.65194 -0.00694 0.01652 0.75806
1540822833.465439796 0.01135 0.30305 0.38973 -0.63996 -0.04488 0.01295 0.76699
1540822833.567996740 0.01274 0.30818 0.45612 -0.63776 -0.08471 -0.00498 0.76555
1540822833.671241760 0.01795 0.28973 0.51422 -0.63909 -0.11759 -0.03963 0.75905
1540822833.749103785 0.02214 0.25957 0.54055 -0.64892 -0.13023 -0.07314 0.74605
1540822833.853267670 0.03467 0.21167 0.55018 -0.66958 -0.12619 -0.12001 0.72203
1540822833.957529783 0.04619 0.16293 0.52816 -0.68654 -0.10516 -0.14435 0.70481
1540822834.035522699 0.05239 0.13402 0.49113 -0.70231 -0.08323 -0.14936 0.69103
1540822834.138842583 0.05429 0.11263 0.42453 -0.71365 -0.04105 -0.13203 0.68672
1540822834.241076708 0.05022 0.11345 0.35398 -0.71190 0.00526 -0.09178 0.69623
1540822834.317113638 0.04430 0.12836 0.30992 -0.70450 0.02400 -0.06110 0.70666
1540822834.417932749 0.03498 0.16353 0.27171 -0.69442 0.02700 -0.02434 0.71865
1540822834.518474579 0.02656 0.21037 0.26434 -0.67913 0.01841 0.00709 0.73376
1540822834.619144678 0.01825 0.26230 0.28824 -0.66804 -0.01279 0.02241 0.74367
1540822834.694931746 0.01379 0.29709 0.32303 -0.65838 -0.04200 0.02394 0.75113
1540822834.796414614 0.01488 0.32360 0.37963 -0.64900 -0.07300 0.01245 0.75717
1540822834.898507595 0.02267 0.32073 0.43397 -0.64380 -0.09812 -0.01578 0.75871
1540822835.001176596 0.03607 0.29211 0.47073 -0.64650 -0.10848 -0.05274 0.75331
1540822835.078604698 0.04805 0.26001 0.48360 -0.65480 -0.10598 -0.08070 0.74397
1540822835.182207584 0.05997 0.21043 0.48336 -0.66515 -0.09973 -0.11382 0.73122
1540822835.285923719 0.06719 0.16767 0.45887 -0.67262 -0.08344 -0.12608 0.72438
1540822835.363587618 0.07088 0.14304 0.42759 -0.67619 -0.06037 -0.12966 0.72271
1540822835.466791630 0.06856 0.12158 0.37589 -0.68231 -0.03566 -0.12677 0.71911
1540822835.569463730 0.06182 0.11503 0.32160 -0.68685 -0.02006 -0.11401 0.71752
1540822835.671475649 0.05493 0.12160 0.27322 -0.68826 -0.01452 -0.09289 0.71934
1540822835.747559786 0.04984 0.13028 0.24346 -0.68909 -0.01555 -0.07984 0.72009
1540822835.848573685 0.04234 0.14051 0.21182 -0.68796 -0.01834 -0.06908 0.72222
1540822835.949201584 0.03239 0.14881 0.18315 -0.68945 -0.02316 -0.05410 0.72194
1540822836.049463749 0.02266 0.15696 0.15845 -0.69205 -0.02856 -0.04426 0.71993
1540822836.124361753 0.01594 0.16151 0.14324 -0.69245 -0.02931 -0.04179 0.71966
1540822836.223814726 0.00938 0.16584 0.12481 -0.69402 -0.02844 -0.03568 0.71851
1540822836.322884798 0.00574 0.16789 0.10929 -0.69722 -0.02492 -0.03365 0.71563
1540822836.421571732 0.00419 0.16815 0.09752 -0.69522 -0.01709 -0.03261 0.71786
1540822836.519979715 0.00267 0.16865 0.08685 -0.69663 -0.01120 -0.02511 0.71690
1540822836.618174791 0.00227 0.16907 0.07729 -0.70107 -0.00779 -0.01987 0.71278
1540822836.716143608 0.00365 0.16811 0.06924 -0.70323 0.00066 -0.01783 0.71074
1540822836.789480686 0.00483 0.16681 0.06506 -0.70176 0.00675 -0.01753 0.71217
1540822836.887124777 0.00522 0.16553 0.05997 -0.70231 0.01091 -0.01570 0.71161
1540822836.984657764 0.00510 0.16527 0.05534 -0.70194 0.01282 -0.01327 0.71200
1540822837.082112789 0.00496 0.16576 0.05142 -0.70154 0.01671 -0.01060 0.71235
1540822837.179505587 0.00477 0.16636 0.04812 -0.70092 0.01989 -0.00899 0.71290
1540822837.276856661 0.00485 0.16633 0.04622 -0.70107 0.02242 -0.00712 0.71270
1540822837.374185801 0.00446 0.16669 0.04512 -0.70080 0.02211 -0.00930 0.71295
1540822837.471488714 0.00417 0.16689 0.04481 -0.70089 0.02038 -0.01069 0.71290
1540822837.568765640 0.00415 0.16679 0.04464 -0.70008 0.01908 -0.01172 0.71372
1540822837.666038752 0.00332 0.16660 0.04403 -0.69918 0.01688 -0.01441 0.71460
1540822837.763297796 0.00377 0.16655 0.04398 -0.69963 0.01632 -0.01523 0.71416
1540822837.860549688 0.00405 0.16656 0.04365 -0.69896 0.01550 -0.01763 0.71477
1540822837.933490753 0.00435 0.16583 0.04282 -0.69814 0.01725 -0.01831 0.71552
1540822838.030757666 0.00423 0.16600 0.04267 -0.69786 0.01660 -0.01832 0.71581
1540822838.128024578 0.00368 0.16610 0.04277 -0.69841 0.01701 -0.01783 0.71528
1540822838.225298643 0.00316 0.16593 0.04277 -0.69814 0.01644 -0.01608 0.71559
1540822838.322575808 0.00400 0.16627 0.04278 -0.69784 0.01588 -0.01811 0.71585
1540822838.419840574 0.00388 0.16605 0.04271 -0.69810 0.01623 -0.01800 0.71559
1540822838.517095804 0.00349 0.16573 0.04266 -0.69826 0.01646 -0.01734 0.71544
1540822838.614354610 0.00353 0.16583 0.04271 -0.69820 0.01634 -0.01751 0.71550
1540822838.711619616 0.00374 0.16612 0.04271 -0.69790 0.01605 -0.01799 0.71579
1540822838.808867693 0.00371 0.16612 0.04268 -0.69786 0.01602 -0.01802 0.71583
1540822838.906090736 0.00359 0.16597 0.04270 -0.69806 0.01617 -0.01777 0.71564
1540822839.003296614 0.00358 0.16598 0.04277 -0.69810 0.01611 -0.01777 0.71560
1540822839.076193810 0.00373 0.16617 0.04280 -0.69785 0.01583 -0.01805 0.71584
1540822839.173414707 0.00369 0.16612 0.04282 -0.69792 0.01585 -0.01794 0.71578
1540822839.270657778 0.00363 0.16608 0.04283 -0.69800 0.01592 -0.01788 0.71570
1540822839.367911577 0.00366 0.16612 0.04285 -0.69795 0.01591 -0.01792 0.71574
1540822839.465211630 0.00369 0.16618 0.04285 -0.69789 0.01581 -0.01805 0.71580
1540822839.562604666 0.00368 0.16619 0.04284 -0.69787 0.01583 -0.01811 0.71582
1540822839.660167694 0.00363 0.16614 0.04288 -0.69792 0.01589 -0.01807 0.71577
1540822839.757903576 0.00362 0.16614 0.04292 -0.69796 0.01592 -0.01802 0.71573
1540822839.855778694 0.00363 0.16617 0.04290 -0.69789 0.01589 -0.01806 0.71580
1540822839.953725576 0.00366 0.16621 0.04288 -0.69785 0.01588 -0.01810 0.71584
1540822840.027115583 0.00366 0.16619 0.04285 -0.69785 0.01589 -0.01802 0.71584
1540822840.124815702 0.00367 0.16616 0.04288 -0.69784 0.01585 -0.01798 0.71586
1540822840.222334623 0.00369 0.16616 0.04286 -0.69778 0.01586 -0.01796 0.71591
1540822840.319704771 0.00369 0.16618 0.04285 -0.69774 0.01584 -0.01799 0.71595
1540822840.416962624 0.00369 0.16617 0.04287 -0.69773 0.01584 -0.01802 0.71596
1540822840.514131784 0.00368 0.16616 0.04290 -0.69774 0.01583 -0.01803 0.71595
1540822840.611249685 0.00368 0.16616 0.04293 -0.69774 0.01582 -0.01802 0.71594
1540822840.708340645 0.00369 0.16617 0.04292 -0.69771 0.01581 -0.01807 0.71598
1540822840.805397749 0.00368 0.16618 0.04291 -0.69769 0.01579 -0.01811 0.71600
1540822840.902436733 0.00367 0.16618 0.04291 -0.69771 0.01581 -0.01812 0.71598
1540822840.999448776 0.00366 0.16617 0.04292 -0.69769 0.01583 -0.01812 0.71599
1540822841.096453667 0.00367 0.16616 0.04293 -0.69768 0.01580 -0.01814 0.71600
1540822841.193460703 0.00366 0.16616 0.04294 -0.69766 0.01578 -0.01818 0.71602
1540822841.266217709 0.00365 0.16617 0.04294 -0.69767 0.01582 -0.01818 0.71602
1540822841.363251686 0.00365 0.16617 0.04298 -0.69766 0.01580 -0.01822 0.71602
1540822841.460312605 0.00363 0.16617 0.04298 -0.69765 0.01579 -0.01824 0.71603
1540822841.557395697 0.00364 0.16616 0.04300 -0.69763 0.01577 -0.01826 0.71605
1540822841.654492617 0.00364 0.16618 0.04301 -0.69766 0.01574 -0.01827 0.71603
1540822841.751599789 0.00365 0.16618 0.04303 -0.69767 0.01572 -0.01825 0.71602
1540822841.848721743 0.00366 0.16617 0.04303 -0.69766 0.01573 -0.01824 0.71602
1540822841.945844650 0.00364 0.16618 0.04304 -0.69767 0.01571 -0.01829 0.71602
1540822842.042970657 0.00365 0.16617 0.04306 -0.69767 0.01572 -0.01829 0.71602
1540822842.140088797 0.00364 0.16616 0.04309 -0.69766 0.01572 -0.01831 0.71602
1540822842.237193584 0.00364 0.16615 0.04310 -0.69764 0.01569 -0.01832 0.71604
1540822842.334295750 0.00365 0.16615 0.04311 -0.69764 0.01568 -0.01831 0.71605
1540822842.431390762 0.00363 0.16618 0.04308 -0.69775 0.01633 -0.01868 0.71591
1540822842.504209757 0.00364 0.16618 0.04313 -0.69764 0.01576 -0.01789 0.71605
1540822842.601285696 0.00367 0.16616 0.04312 -0.69759 0.01560 -0.01840 0.71609
1540822842.698353767 0.00368 0.16615 0.04309 -0.69759 0.01558 -0.01828 0.71610
1540822842.795423746 0.00367 0.16616 0.04308 -0.69764 0.01563 -0.01834 0.71604
1540822842.892483711 0.00368 0.16617 0.04307 -0.69762 0.01572 -0.01838 0.71606
1540822842.989532709 0.00368 0.16619 0.04307 -0.69761 0.01570 -0.01836 0.71607
1540822843.086576700 0.00370 0.16618 0.04309 -0.69761 0.01561 -0.01827 0.71607
1540822843.183600664 0.00371 0.16618 0.04309 -0.69762 0.01561 -0.01828 0.71607
1540822843.280624628 0.00369 0.16619 0.04310 -0.69762 0.01572 -0.01843 0.71606
1540822843.377631664 0.00367 0.16616 0.04310 -0.69761 0.01571 -0.01843 0.71606
1540822843.474625587 0.00371 0.16617 0.04312 -0.69757 0.01564 -0.01821 0.71611
1540822843.571616650 0.00372 0.16616 0.04314 -0.69756 0.01555 -0.01822 0.71613
1540822843.668614626 0.00368 0.16616 0.04313 -0.69757 0.01563 -0.01838 0.71611
1540822843.741365671 0.00371 0.16617 0.04313 -0.69754 0.01554 -0.01830 0.71614
1540822843.838366747 0.00371 0.16617 0.04313 -0.69753 0.01554 -0.01830 0.71615
1540822843.935375690 0.00369 0.16618 0.04313 -0.69754 0.01567 -0.01841 0.71614
1540822844.032390594 0.00367 0.16619 0.04312 -0.69754 0.01578 -0.01846 0.71613
1540822844.129420757 0.00374 0.16617 0.04315 -0.69748 0.01545 -0.01826 0.71621
1540822844.226458788 0.00377 0.16620 0.04317 -0.69744 0.01544 -0.01827 0.71624
1540822844.323492765 0.00377 0.16620 0.04316 -0.69738 0.01537 -0.01849 0.71630
1540822844.420532703 0.00379 0.16623 0.04319 -0.69728 0.01539 -0.01854 0.71639
1540822844.517587662 0.00387 0.16613 0.04329 -0.69721 0.01520 -0.01870 0.71646
1540822844.614655733 0.00382 0.16611 0.04334 -0.69735 0.01526 -0.01905 0.71631
1540822844.711718798 0.00379 0.16615 0.04340 -0.69721 0.01509 -0.01861 0.71646
1540822844.808779716 0.00384 0.16613 0.04340 -0.69724 0.01498 -0.01892 0.71643
1540822844.905826807 0.00384 0.16615 0.04343 -0.69719 0.01498 -0.01896 0.71648
1540822845.002877712 0.00386 0.16617 0.04341 -0.69703 0.01488 -0.01907 0.71664
1540822845.075659752 0.00385 0.16620 0.04351 -0.69705 0.01470 -0.01915 0.71661
1540822845.172696590 0.00383 0.16622 0.04364 -0.69689 0.01418 -0.01873 0.71679
1540822845.269731760 0.00364 0.16617 0.04379 -0.69643 0.01418 -0.01853 0.71724
1540822845.366777658 0.00360 0.16621 0.04388 -0.69628 0.01372 -0.01855 0.71740
1540822845.463826656 0.00351 0.16612 0.04402 -0.69584 0.01356 -0.01870 0.71783
1540822845.560882807 0.00372 0.16547 0.04489 -0.69470 0.01301 -0.01994 0.71890
1540822845.657954693 0.00434 0.16395 0.04722 -0.69183 0.01285 -0.02269 0.72159
1540822845.755072594 0.00502 0.16138 0.05086 -0.68698 0.01197 -0.02675 0.72608
1540822845.852290630 0.00560 0.15702 0.05719 -0.68217 0.00812 -0.03215 0.73044
1540822845.949676752 0.00429 0.14911 0.06446 -0.68115 0.00619 -0.03360 0.73134
1540822846.047243595 0.00050 0.13718 0.07072 -0.68672 0.00056 -0.02995 0.72630
1540822846.144899607 -0.00675 0.12275 0.07607 -0.69717 -0.00775 -0.02101 0.71656
1540822846.218070745 -0.01307 0.11162 0.08398 -0.70139 -0.01339 -0.01349 0.71252
1540822846.315451622 -0.02166 0.09702 0.10338 -0.70434 -0.01991 -0.00651 0.70956
1540822846.412628651 -0.03027 0.08327 0.13329 -0.70341 -0.02343 -0.00507 0.71038
1540822846.509731770 -0.04007 0.07049 0.16860 -0.70322 -0.01835 0.00039 0.71073
1540822846.606919765 -0.04986 0.05854 0.20869 -0.70296 -0.01467 0.00323 0.71107
1540822846.704365730 -0.05831 0.04734 0.25205 -0.70443 -0.01463 0.00161 0.70962
1540822846.802096605 -0.06611 0.03619 0.29670 -0.71187 -0.01332 0.00353 0.70218
1540822846.900104761 -0.07182 0.02921 0.34461 -0.72096 -0.01352 0.00844 0.69279
1540822846.998265743 -0.07498 0.02809 0.39651 -0.72973 -0.01484 0.00894 0.68352
1540822847.096554756 -0.07556 0.03490 0.45248 -0.73549 -0.01499 0.00865 0.67732
1540822847.170385599 -0.07450 0.04745 0.49739 -0.73571 -0.01492 0.00810 0.67708
1540822847.269085646 -0.07289 0.07251 0.55748 -0.74087 -0.01513 0.00917 0.67141
1540822847.368220806 -0.06997 0.10879 0.61846 -0.74932 -0.01915 0.01378 0.66178
1540822847.467790604 -0.06458 0.15942 0.68164 -0.75980 -0.02634 0.01985 0.64932
1540822847.567838669 -0.05753 0.22609 0.74773 -0.77262 -0.03313 0.02734 0.63341
1540822847.668299675 -0.04905 0.31274 0.81870 -0.78059 -0.04956 0.02579 0.62254
1540822847.743945599 -0.04312 0.39195 0.87381 -0.78327 -0.06450 0.02258 0.61791
1540822847.845265627 -0.03884 0.51851 0.94503 -0.79038 -0.07067 0.03042 0.60776
1540822847.947179794 -0.03993 0.67178 1.01546 -0.79371 -0.07903 0.03642 0.60204
1540822848.049790621 -0.04608 0.85344 1.08533 -0.79146 -0.08424 0.04514 0.60371
1540822848.127301693 -0.05405 1.00707 1.13549 -0.79013 -0.08549 0.05361 0.60458
1540822848.231517792 -0.06815 1.23503 1.19610 -0.78884 -0.08640 0.06593 0.60491
1540822848.336935759 -0.08512 1.48947 1.24918 -0.78614 -0.09395 0.07269 0.60653
1540822848.416796684 -0.09949 1.69810 1.28471 -0.78393 -0.10238 0.07996 0.60710
1540822848.524603605 -0.12283 2.00044 1.32610 -0.77907 -0.12619 0.08511 0.60818
1540822848.606257677 -0.14405 2.24417 1.35345 -0.77430 -0.14897 0.08681 0.60888
1540822848.715985775 -0.18303 2.58735 1.38271 -0.76706 -0.18109 0.09126 0.60869
1540822848.798747778 -0.21974 2.85979 1.40124 -0.76073 -0.20878 0.09505 0.60717
1540822848.909454584 -0.29024 3.23406 1.42069 -0.75015 -0.24904 0.10304 0.60386
1540822848.992584705 -0.36184 3.52325 1.43360 -0.74061 -0.28211 0.11289 0.59931
1540822849.075649738 -0.45076 3.81679 1.44380 -0.73023 -0.31588 0.12664 0.59242
1540822849.186148643 -0.59664 4.20902 1.45189 -0.71557 -0.35693 0.14898 0.58169
1540822849.268738747 -0.72705 4.50355 1.45476 -0.70570 -0.38335 0.16942 0.57125
1540822849.378402710 -0.93148 4.89040 1.45295 -0.69493 -0.41067 0.20302 0.55426
1540822849.460170746 -1.10256 5.18179 1.44904 -0.68156 -0.43748 0.22290 0.54258
1540822849.568573713 -1.36027 5.56097 1.44021 -0.64627 -0.49508 0.23552 0.53082
1540822849.649439573 -1.57467 5.83732 1.43019 -0.61199 -0.54296 0.24566 0.51992
1540822849.756776810 -1.89085 6.18860 1.41136 -0.56575 -0.60096 0.26014 0.50110
1540822849.837008715 -2.15248 6.43362 1.39282 0.53155 0.63597 -0.27612 -0.48658
1540822849.943755627 -2.53683 6.72422 1.36298 0.47938 0.67667 -0.30052 -0.47117
1540822850.050282717 -2.95247 6.96890 1.32837 0.41805 0.71392 -0.32575 -0.45765
1540822850.129972696 -3.27906 7.11921 1.30073 0.36592 0.73978 -0.34721 -0.44527
1540822850.235910654 -3.72742 7.26084 1.26337 0.28958 0.76741 -0.38499 -0.42309
1540822850.315224648 -4.06287 7.33968 1.23490 0.22842 0.78180 -0.42085 -0.39937
1540822850.421015739 -4.50304 7.37972 1.19393 0.14305 0.79599 -0.46099 -0.36527
1540822850.527112722 -4.92063 7.34520 1.14807 0.05807 0.80262 -0.48987 -0.33534
1540822850.607014656 -5.21112 7.28117 1.10688 0.00712 0.80740 -0.50165 -0.31049
1540822850.714049578 -5.56207 7.15116 1.04248 -0.02635 0.81563 -0.51620 -0.25998
1540822850.794678688 -5.78757 7.00841 0.99472 -0.04976 0.81099 -0.53705 -0.22669
1540822850.902657747 -6.06268 6.79111 0.92786 -0.06155 0.80591 -0.56076 -0.17963
1540822850.984003782 -6.24064 6.60347 0.88308 -0.06456 0.80118 -0.57737 -0.14347
1540822851.092890739 -6.43923 6.31533 0.83147 -0.08932 0.79491 -0.58901 -0.11491
1540822851.174822807 -6.57036 6.08777 0.80180 -0.10321 0.79887 -0.58464 -0.09666
1540822851.284255743 -6.70770 5.75345 0.77097 -0.11788 0.79926 -0.58479 -0.07290
1540822851.366297722 -6.77403 5.48120 0.75726 -0.12454 0.79802 -0.58728 -0.05245
1540822851.475516796 -6.84120 5.09630 0.74753 -0.11589 0.79981 -0.58851 -0.02319
1540822851.557348728 -6.88392 4.78959 0.74864 -0.10364 0.79942 -0.59176 -0.00305
1540822851.666459799 -6.91691 4.36099 0.76118 -0.09080 0.80054 -0.59226 0.01060
1540822851.748393774 -6.92647 4.02517 0.78038 -0.08678 0.79952 -0.59421 0.01252
1540822851.857954741 -6.94000 3.55029 0.81637 -0.07239 0.79334 -0.60407 0.02168
1540822851.940441608 -6.94592 3.17798 0.84950 -0.06090 0.79154 -0.60736 0.02953
1540822852.050872803 -6.95437 2.66006 0.89915 -0.04988 0.79185 -0.60759 0.03643
1540822852.134216785 -6.95907 2.25749 0.93802 -0.04309 0.79077 -0.60926 0.04043
1540822852.218116760 -6.96267 1.84561 0.97944 -0.03992 0.78636 -0.61510 0.04111
1540822852.331003666 -6.97497 1.27374 1.02721 -0.03597 0.78661 -0.61552 0.03285
1540822852.416506767 -6.98689 0.83261 1.05786 -0.02941 0.78667 -0.61625 0.02287
1540822852.531797647 -7.00480 0.22876 1.08664 -0.01770 0.78591 -0.61809 0.00117
1540822852.619371653 -7.01454 -0.23544 1.09650 -0.01085 0.78504 -0.61898 -0.02142
1540822852.707947731 -7.02179 -0.71224 1.09598 0.00248 0.78374 -0.62007 -0.03562
1540822852.797483683 -7.03080 -1.20254 1.08460 0.01771 0.78174 -0.62172 -0.04510
1540822852.887836695 -7.03810 -1.70275 1.07009 0.03289 0.77168 -0.63309 -0.05132
1540822853.009250641 -7.05079 -2.38157 1.04558 0.05359 0.75807 -0.64667 -0.06534
1540822853.100897789 -7.06529 -2.89679 1.02381 0.07368 0.74922 -0.65298 -0.08285
1540822853.192972660 -7.08265 -3.41364 0.99763 0.10872 0.74206 -0.65340 -0.10295
1540822853.285300732 -7.10897 -3.92707 0.96976 0.16099 0.73446 -0.64735 -0.12485
1540822853.377665758 -7.14292 -4.43591 0.94097 0.21908 0.72435 -0.63708 -0.14649
1540822853.469918728 -7.19315 -4.93785 0.91233 0.27382 0.71006 -0.62618 -0.16948
1540822853.562062740 -7.26147 -5.42908 0.88616 0.31714 0.69723 -0.61294 -0.19390
1540822853.654058695 -7.34831 -5.90636 0.86420 0.34566 0.68612 -0.59948 -0.22447
1540822853.745851755 -7.45320 -6.36856 0.84775 0.37277 0.67672 -0.58380 -0.24955
1540822853.837464809 -7.57697 -6.81986 0.83731 0.40268 0.66344 -0.56909 -0.27171
1540822853.959336758 -7.77255 -7.39868 0.83281 0.44969 0.63990 -0.54596 -0.30039
1540822854.050436735 -7.94141 -7.80885 0.83593 0.48690 0.61793 -0.52567 -0.32367
1540822854.141114712 -8.13031 -8.19862 0.84464 0.52284 0.59490 -0.50432 -0.34409
1540822854.231223583 -8.34208 -8.56363 0.86006 0.55566 0.57092 -0.48365 -0.36244
1540822854.320641756 -8.57497 -8.89347 0.88257 0.58692 0.54513 -0.46483 -0.37722
1540822854.409287691 -8.82034 -9.20049 0.90800 0.61644 0.51846 -0.44691 -0.38919
1540822854.526355743 -9.16935 -9.57385 0.94837 0.65051 0.48424 -0.42222 -0.40507
1540822854.613223791 -9.44471 -9.81278 0.98382 0.67160 0.45971 -0.40220 -0.41935
1540822854.699368715 -9.73380 -10.00474 1.02343 0.68924 0.43648 -0.38096 -0.43509
1540822854.812945604 -10.13117 -10.22429 1.07836 0.71463 0.40254 -0.35318 -0.45002
1540822854.897061586 -10.43325 -10.34056 1.12495 0.73254 0.37128 -0.33590 -0.46120
1540822854.980242729 -10.74268 -10.41886 1.16850 0.74887 0.33942 -0.31727 -0.47257
1540822855.089676619 -11.15403 -10.47572 1.22127 0.77536 0.29201 -0.29397 -0.47658
1540822855.170791626 -11.45326 -10.46726 1.26034 0.79227 0.25698 -0.27553 -0.47995
1540822855.277945757 -11.85305 -10.42778 1.30787 0.80898 0.21232 -0.24903 -0.48833
1540822855.384172678 -12.25288 -10.36122 1.35047 -0.81955 -0.16610 0.21940 0.50260
1540822855.463274717 -12.53874 -10.26684 1.37728 -0.82734 -0.13139 0.19703 0.50934
1540822855.567995787 -12.90302 -10.10618 1.41062 -0.83582 -0.08302 0.16659 0.51649
1540822855.671970606 -13.24407 -9.89925 1.44399 -0.83819 -0.03008 0.13357 0.52792
1540822855.749553680 -13.47779 -9.71593 1.46763 -0.83933 0.01288 0.11050 0.53212
1540822855.852645636 -13.77470 -9.44314 1.49676 -0.83372 0.07143 0.07761 0.54201
1540822855.955470800 -14.03357 -9.13548 1.52241 -0.82447 0.12954 0.04461 0.54906
1540822856.032465696 -14.20678 -8.88753 1.53991 -0.81662 0.17183 0.02050 0.55063
1540822856.134995699 -14.39180 -8.53366 1.55926 -0.80429 0.22771 -0.01039 0.54878
1540822856.237470627 -14.52937 -8.16126 1.57566 -0.78723 0.28505 -0.03890 0.54544
1540822856.314344645 -14.60676 -7.87281 1.58520 -0.77190 0.32979 -0.05748 0.54047
1540822856.417029619 -14.66198 -7.48213 1.59302 -0.74759 0.39114 -0.07940 0.53086
1540822856.520160675 -14.66061 -7.08744 1.59245 -0.71973 0.44882 -0.10228 0.51969
1540822856.623904705 -14.59179 -6.70043 1.58352 -0.68972 0.50074 -0.12736 0.50728
1540822856.702106714 -14.50188 -6.41800 1.57076 0.66590 -0.53561 0.14779 -0.49786
1540822856.806888580 -14.32332 -6.05914 1.54377 0.63511 -0.57211 0.18066 -0.48651
1540822856.885896683 -14.14696 -5.80689 1.51766 0.61408 -0.59105 0.20767 -0.48004
1540822856.991793633 -13.85416 -5.50409 1.47819 -0.59491 0.59996 -0.24647 0.47475
1540822857.098244667 -13.51178 -5.22726 1.43721 -0.58434 0.60059 -0.26920 0.47472
1540822857.178427696 -13.22106 -5.04237 1.40815 -0.58327 0.59393 -0.28153 0.47727
1540822857.285817623 -12.79200 -4.82810 1.37711 0.58968 -0.57835 0.29695 -0.47918
1540822857.366804600 -12.44144 -4.68307 1.36112 0.59725 -0.56467 0.29786 -0.48552
1540822857.475671768 -11.93490 -4.51053 1.34936 0.61222 -0.53910 0.29894 -0.49518
1540822857.558198690 -11.52702 -4.39354 1.35020 -0.62621 0.51563 -0.30228 0.50061
1540822857.669692755 -10.94696 -4.24481 1.36388 -0.64841 0.47890 -0.30946 0.50443
1540822857.754492760 -10.48576 -4.13579 1.38566 -0.66556 0.45262 -0.31423 0.50341
1540822857.840228796 -10.00587 -4.02499 1.41671 0.68152 -0.42730 0.32089 -0.49998
1540822857.955829620 -9.34227 -3.86794 1.46822 0.69991 -0.39505 0.32807 -0.49642
1540822858.043252707 -8.83274 -3.73762 1.51162 0.70942 -0.37611 0.32667 -0.49855
1540822858.130984783 -8.31607 -3.59084 1.55642 -0.72058 0.35338 -0.32160 0.50245
1540822858.218822718 -7.79497 -3.43122 1.60264 -0.73250 0.32638 -0.31607 0.50698
1540822858.335862637 -7.09902 -3.19017 1.66461 -0.74540 0.29845 -0.29875 0.51579
1540822858.423315763 -6.57877 -2.98778 1.71027 -0.75194 0.28464 -0.27932 0.52493
1540822858.510255575 -6.06072 -2.77161 1.75326 -0.76022 0.26668 -0.26130 0.53166
1540822858.625251770 -5.37708 -2.46069 1.80329 -0.77156 0.22625 -0.24364 0.54235
1540822858.710704803 -4.87358 -2.21185 1.83364 -0.78054 0.19029 -0.23037 0.54907
1540822858.795415640 -4.38567 -1.94928 1.85698 -0.79081 0.15275 -0.21331 0.55298
1540822858.907330751 -3.75111 -1.58157 1.87416 -0.80345 0.10054 -0.18709 0.55620
1540822858.990680695 -3.29170 -1.28988 1.87791 -0.81088 0.05915 -0.16983 0.55690
1540822859.101538658 -2.69839 -0.87892 1.86881 -0.81673 -0.00009 -0.15022 0.55712
1540822859.184829712 -2.27887 -0.54974 1.85298 -0.81794 -0.04273 -0.13727 0.55705
1540822859.268392801 -1.87612 -0.20543 1.82748 -0.81706 -0.08334 -0.12586 0.55643
1540822859.380318642 -1.37176 0.27934 1.77893 -0.81295 -0.12860 -0.09983 0.55912
1540822859.464778662 -1.01664 0.66042 1.73577 -0.80543 -0.16152 -0.07705 0.56502
1540822859.578125715 -0.59846 1.19696 1.67022 -0.79366 -0.21137 -0.05056 0.56822
1540822859.663543701 -0.32438 1.61323 1.61653 -0.78345 -0.24959 -0.03106 0.56828
1540822859.749140739 -0.08357 2.03681 1.55674 -0.77266 -0.28695 -0.01016 0.56617
1540822859.863311768 0.17607 2.61004 1.47097 -0.75392 -0.33884 0.02234 0.56239
1540822859.948825598 0.31449 3.04072 1.40737 -0.73403 -0.38019 0.04610 0.56084
1540822860.034130573 0.41174 3.46837 1.34220 -0.71717 -0.41283 0.07640 0.55623
1540822860.147366762 0.47634 4.02484 1.25753 -0.69843 -0.44174 0.12960 0.54796
1540822860.231801748 0.48211 4.43042 1.19725 -0.68056 -0.46241 0.16906 0.54262
1540822860.315734625 0.45599 4.82380 1.14013 -0.66357 -0.48506 0.20195 0.53254
1540822860.426869631 0.37040 5.32396 1.07038 -0.63261 -0.52195 0.23734 0.52062
1540822860.509679794 0.27734 5.68276 1.02308 -0.60471 -0.55139 0.25978 0.51265
1540822860.619530678 0.11436 6.13167 0.96463 0.58540 0.57721 -0.29431 -0.48736
1540822860.701550722 -0.04392 6.44100 0.92848 0.57174 0.59411 -0.31799 -0.46800
1540822860.810745716 -0.28440 6.83391 0.89024 0.55161 0.61417 -0.34849 -0.44393
1540822860.892616749 -0.49302 7.10958 0.87029 0.53314 0.63022 -0.36945 -0.42672
1540822861.001828671 -0.80853 7.44354 0.85778 0.49739 0.65455 -0.39680 -0.40832
1540822861.083820581 -1.06592 7.67684 0.85931 0.46336 0.67353 -0.41648 -0.39774
1540822861.193204641 -1.42804 7.96549 0.87346 0.41358 0.69904 -0.43818 -0.38508
1540822861.275194645 -1.71384 8.15545 0.89065 0.37603 0.71941 -0.44714 -0.37566
1540822861.384394646 -2.10629 8.36586 0.92287 0.32852 0.74324 -0.45813 -0.36026
1540822861.466186762 -2.40762 8.48584 0.95199 0.29745 0.75798 -0.46555 -0.34678
1540822861.575078726 -2.81398 8.59894 0.99362 0.27599 0.77217 -0.47777 -0.31515
1540822861.656637669 -3.12257 8.64977 1.02915 0.26021 0.78026 -0.48855 -0.29120
1540822861.765321732 -3.53507 8.67434 1.08110 0.23810 0.79047 -0.49989 -0.26186
1540822861.846815586 -3.85040 8.66665 1.12012 0.21642 0.79844 -0.50590 -0.24439
1540822861.955412626 -4.27298 8.61664 1.17430 0.18228 0.80894 -0.51207 -0.22399
1540822862.036769629 -4.59374 8.55096 1.21461 0.14909 0.81541 -0.51730 -0.21278
1540822862.145117760 -5.01056 8.42150 1.27134 0.09807 0.82105 -0.52472 -0.20231
1540822862.226280689 -5.31277 8.29393 1.31156 0.06149 0.82405 -0.52833 -0.19504
1540822862.334335804 -5.69421 8.08307 1.35838 0.01130 0.82589 -0.53152 -0.18780
1540822862.415260792 -5.96432 7.89901 1.38736 -0.02574 0.82575 -0.53284 -0.18320
1540822862.523120642 -6.28544 7.61384 1.41778 -0.06993 0.82480 -0.53290 -0.17558
1540822862.604077578 -6.50187 7.37434 1.43219 -0.09554 0.82548 -0.53059 -0.16716
1540822862.712208748 -6.75300 7.02385 1.44218 -0.11554 0.82737 -0.52810 -0.15234
1540822862.793526649 -6.91097 6.73655 1.44323 -0.12241 0.82742 -0.52976 -0.14053
1540822862.902423620 -7.08190 6.31655 1.43604 -0.12854 0.82304 -0.53806 -0.12878
1540822862.984552622 -7.18067 5.97613 1.42662 -0.12902 0.81884 -0.54631 -0.12001
1540822863.094618797 -7.27751 5.49090 1.40858 -0.12745 0.81417 -0.55570 -0.10989
1540822863.177473783 -7.32513 5.10593 1.39190 -0.11412 0.81292 -0.56251 -0.09858
1540822863.288155794 -7.34883 4.56778 1.36642 -0.08492 0.81183 -0.57224 -0.07910
1540822863.371209621 -7.34573 4.14717 1.34739 -0.06249 0.80825 -0.58183 -0.06568
1540822863.481932640 -7.32913 3.56536 1.32602 -0.03660 0.80372 -0.59211 -0.04581
1540822863.565029621 -7.30668 3.11544 1.31333 -0.02472 0.80146 -0.59649 -0.03533
1540822863.648261786 -7.28174 2.65438 1.30092 -0.01404 0.79983 -0.59950 -0.02603
1540822863.759637594 -7.24884 2.02347 1.28231 0.00061 0.79936 -0.60070 -0.01362
1540822863.843662739 -7.22465 1.53886 1.26416 0.00205 0.79875 -0.60146 -0.01562
1540822863.956587791 -7.19937 0.87391 1.23087 0.01077 0.79767 -0.60237 -0.02743
1540822864.042088747 -7.18108 0.36099 1.20012 0.03603 0.79638 -0.60294 -0.03066
1540822864.128381729 -7.16778 -0.16437 1.16625 0.06086 0.79507 -0.60239 -0.03588
1540822864.244842768 -7.15788 -0.88554 1.11571 0.08491 0.79196 -0.60317 -0.04206
1540822864.333254576 -7.16029 -1.43941 1.07003 0.09353 0.79134 -0.60206 -0.05069
1540822864.422440767 -7.16759 -2.00415 1.01605 0.10293 0.79085 -0.60026 -0.06044
1540822864.512249708 -7.18627 -2.57962 0.95399 0.11953 0.78843 -0.59946 -0.06881
1540822864.602613688 -7.21704 -3.16207 0.88472 0.14251 0.78495 -0.59775 -0.07905
1540822864.723908663 -7.28005 -3.94981 0.78191 0.18639 0.77769 -0.59334 -0.09167
1540822864.815271616 -7.34707 -4.54330 0.70175 0.22466 0.76752 -0.59209 -0.09934
1540822864.906894684 -7.43411 -5.13984 0.62392 0.26980 0.75320 -0.59100 -0.10300
1540822864.998871803 -7.54964 -5.73402 0.55099 0.31539 0.73456 -0.59121 -0.10688
1540822865.091308594 -7.69872 -6.32391 0.48655 0.35846 0.71211 -0.59250 -0.11559
1540822865.184328794 -7.88714 -6.90211 0.43399 0.39923 0.68255 -0.59870 -0.12765
1540822865.278057575 -8.11933 -7.46146 0.39270 0.43954 0.65113 -0.60174 -0.14402
1540822865.372376680 -8.39362 -7.99453 0.36165 0.48237 0.61401 -0.60100 -0.17064
1540822865.466896772 -8.70360 -8.49449 0.33982 -0.52938 -0.56983 0.59545 0.20123
1540822865.560993671 -9.04726 -8.94064 0.32858 -0.57785 -0.51556 0.58591 0.23874
1540822865.654019594 -9.41724 -9.32275 0.32596 0.62387 0.45546 -0.56704 -0.28603
1540822865.745439768 -9.79296 -9.63925 0.33013 0.66715 0.39306 -0.53736 -0.33415
1540822865.864243746 -10.28618 -9.95520 0.34383 0.71533 0.31221 -0.48637 -0.39277
1540822865.950940609 -10.63374 -10.12799 0.35811 0.74564 0.26255 -0.43824 -0.42782
1540822866.035728693 -10.96535 -10.23204 0.37634 0.77043 0.22266 -0.38696 -0.45510
1540822866.146333694 -11.37549 -10.30797 0.40893 0.79714 0.18929 -0.33009 -0.46880
1540822866.228001595 -11.66356 -10.30671 0.44261 0.81275 0.16863 -0.29151 -0.47541
1540822866.335823774 -12.02519 -10.25062 0.50324 0.82436 0.13414 -0.24771 -0.49100
1540822866.416109800 -12.27838 -10.16370 0.55896 0.83310 0.10751 -0.21838 -0.49668
1540822866.522265673 -12.58648 -9.98270 0.64379 -0.84017 -0.06998 0.17950 0.50694
1540822866.601258755 -12.79722 -9.79125 0.71760 -0.84257 -0.03664 0.15263 0.51520
1540822866.705838680 -13.04762 -9.49398 0.82311 -0.84708 0.00667 0.11510 0.51881
1540822866.809849739 -13.28364 -9.16407 0.93193 -0.85301 0.04721 0.07379 0.51449
1540822866.887694597 -13.43365 -8.88828 1.01380 -0.85587 0.08194 0.04478 0.50869
1540822866.991406679 -13.60853 -8.48706 1.11889 0.85551 -0.13509 -0.01071 -0.49974
1540822867.094875574 -13.73920 -8.04875 1.21721 0.84918 -0.19584 0.02419 -0.48985
1540822867.172247648 -13.81366 -7.69707 1.28620 0.83700 -0.24816 0.04508 -0.48561
1540822867.275167704 -13.86635 -7.20559 1.37304 0.81243 -0.31855 0.06831 -0.48354
1540822867.377970695 -13.86658 -6.69422 1.45299 0.78181 -0.39011 0.08537 -0.47886
1540822867.480976582 -13.80584 -6.17258 1.52576 0.74591 -0.46078 0.09396 -0.47167
1540822867.558593750 -13.71686 -5.77986 1.57463 0.71268 -0.51164 0.09571 -0.47027
1540822867.662701607 -13.53360 -5.26714 1.62856 0.66137 -0.57650 0.09618 -0.47009
1540822867.741399765 -13.34527 -4.90074 1.65688 0.62454 -0.61563 0.10364 -0.46925
1540822867.847050667 -13.02625 -4.44835 1.67407 -0.59354 0.64561 -0.12738 0.46332
1540822867.953462601 -12.63285 -4.04724 1.67014 -0.58376 0.65240 -0.15987 0.45612
1540822868.033852577 -12.29602 -3.77730 1.65273 -0.58110 0.65589 -0.17593 0.44853
1540822868.142098665 -11.79366 -3.44860 1.61010 -0.58531 0.65282 -0.19750 0.43844
1540822868.224293709 -11.37342 -3.22952 1.56392 -0.59366 0.64122 -0.21470 0.43624
1540822868.335492611 -10.75381 -2.96321 1.48286 0.61482 -0.61013 0.24644 -0.43475
1540822868.420229673 -10.25283 -2.77404 1.41440 0.63425 -0.58093 0.26868 -0.43366
1540822868.506183624 -9.70918 -2.60471 1.34272 0.65187 -0.55120 0.28589 -0.43533
1540822868.622468710 -8.93107 -2.37603 1.25378 0.67549 -0.50765 0.30201 -0.44135
1540822868.710497618 -8.31372 -2.20532 1.19229 0.69251 -0.47361 0.30985 -0.44734
1540822868.798763752 -7.67688 -2.02481 1.13794 0.70810 -0.44072 0.30958 -0.45664
1540822868.886927605 -7.02596 -1.83051 1.08986 0.72412 -0.40276 0.30633 -0.46861
1540822869.003803730 -6.14719 -1.55485 1.04171 0.74467 -0.34321 0.29863 -0.48836
1540822869.090526581 -5.49161 -1.32627 1.02108 -0.76220 0.29043 -0.28494 0.50350
1540822869.176365614 -4.84489 -1.08258 1.01064 -0.78030 0.22960 -0.26876 0.51593
1540822869.289539576 -4.00845 -0.72429 1.00951 -0.80246 0.13041 -0.24954 0.52610
1540822869.373861790 -3.40623 -0.42961 1.01433 -0.81394 0.05634 -0.23309 0.52914
1540822869.458162785 -2.83021 -0.10729 1.02427 -0.82044 -0.01255 -0.21303 0.53042
1540822869.571014643 -2.11233 0.36511 1.04104 -0.82248 -0.10209 -0.18011 0.52978
1540822869.656129599 -1.61879 0.74447 1.05613 -0.81834 -0.16603 -0.15097 0.52911
1540822869.741797686 -1.17497 1.15766 1.07333 -0.80883 -0.22935 -0.12170 0.52762
1540822869.856738806 -0.66375 1.73980 1.09587 -0.78941 -0.30971 -0.08372 0.52336
1540822869.943240643 -0.34669 2.19079 1.10894 -0.77106 -0.36298 -0.05254 0.52054
1540822870.029833794 -0.09482 2.65010 1.11697 -0.74822 -0.41375 -0.02023 0.51824
1540822870.145189762 0.16389 3.25410 1.11638 -0.71627 -0.47205 0.02470 0.51334
1540822870.231468678 0.27237 3.69972 1.10866 -0.69648 -0.50431 0.06083 0.50684
1540822870.317413807 0.31577 4.12951 1.09836 -0.67483 -0.53216 0.09500 0.50238
1540822870.431420803 0.29363 4.67331 1.07923 0.65140 0.56083 -0.13735 -0.49221
1540822870.516441584 0.22989 5.05388 1.06383 0.63906 0.57631 -0.16760 -0.48102
1540822870.601084709 0.12255 5.41357 1.05124 0.61868 0.59577 -0.19547 -0.47338
1540822870.713369608 -0.09095 5.85236 1.03947 0.58142 0.62603 -0.22783 -0.46704
1540822870.797147751 -0.30080 6.14624 1.03323 0.55450 0.64628 -0.24955 -0.46106
1540822870.908318758 -0.61961 6.50075 1.02866 0.51774 0.67242 -0.27358 -0.45272
1540822870.991323709 -0.89332 6.72770 1.02951 0.49154 0.69133 -0.29032 -0.44291
1540822871.101550579 -1.29584 6.97907 1.03479 0.46004 0.71502 -0.31497 -0.42179
1540822871.183921576 -1.62399 7.13162 1.04244 0.43311 0.73410 -0.33280 -0.40343
1540822871.266047716 -1.97428 7.24166 1.05561 0.40179 0.75439 -0.34843 -0.38479
1540822871.375187635 -2.46821 7.32461 1.07948 0.35374 0.78068 -0.36719 -0.36136
1540822871.456802607 -2.85116 7.35223 1.09906 0.31433 0.79914 -0.38184 -0.34170
1540822871.565359592 -3.37266 7.33106 1.13026 0.24935 0.82115 -0.40470 -0.31583
1540822871.646600723 -3.76620 7.26317 1.15763 0.19329 0.83406 -0.42238 -0.29762
1540822871.754789591 -4.28430 7.11629 1.19535 0.11400 0.84527 -0.44489 -0.27312
1540822871.862995625 -4.78200 6.90139 1.23082 0.03479 0.85071 -0.46088 -0.25035
1540822871.944307804 -5.13202 6.69617 1.25567 -0.02037 0.85153 -0.46951 -0.23245
1540822872.053151608 -5.55741 6.36281 1.28653 -0.08937 0.84779 -0.47876 -0.20987
1540822872.135168791 -5.84002 6.07312 1.30577 -0.13514 0.84346 -0.48213 -0.19459
1540822872.217593670 -6.08415 5.74887 1.32000 -0.15869 0.84373 -0.48200 -0.17498
1540822872.328120708 -6.35087 5.26563 1.33393 -0.17796 0.84561 -0.48016 -0.15073
1540822872.411411762 -6.51240 4.86955 1.34033 -0.18527 0.84650 -0.48042 -0.13527
1540822872.522851706 -6.66622 4.29193 1.34673 -0.19013 0.84381 -0.48700 -0.12106
1540822872.606591702 -6.73668 3.82671 1.34862 -0.18451 0.84515 -0.48954 -0.10967
1540822872.718376637 -6.77837 3.16712 1.34478 -0.16905 0.84732 -0.49485 -0.09272
1540822872.802353621 -6.77496 2.64377 1.33779 -0.15401 0.84862 -0.49949 -0.08148
1540822872.886585712 -6.75068 2.09786 1.32578 -0.13262 0.85230 -0.50130 -0.06853
1540822872.999567747 -6.69304 1.33236 1.29910 -0.10365 0.85663 -0.50279 -0.05141
1540822873.085060596 -6.63562 0.72690 1.27210 -0.08544 0.85775 -0.50533 -0.04009
1540822873.171419621 -6.56605 0.09458 1.24038 -0.06360 0.85888 -0.50750 -0.02704
1540822873.288316727 -6.46281 -0.79857 1.19813 -0.02149 0.85449 -0.51894 -0.00948
1540822873.377506733 -6.38801 -1.50712 1.17053 0.01952 0.84739 -0.53059 -0.00430
1540822873.467986584 -6.31842 -2.24326 1.14778 0.07111 0.83802 -0.54092 -0.00771
1540822873.559550762 -6.26883 -3.00643 1.13021 0.13808 0.82614 -0.54614 -0.01250
1540822873.652055740 -6.24647 -3.78957 1.11865 0.21355 0.80983 -0.54614 -0.01740
1540822873.745390654 -6.25707 -4.58325 1.10859 0.28931 0.78960 -0.54040 -0.02834
1540822873.839457750 -6.31437 -5.38229 1.09892 0.36723 0.76260 -0.53049 -0.04648
1540822873.934302807 -6.42287 -6.17581 1.08787 0.44895 0.72515 -0.51735 -0.07043
1540822874.029991627 -6.60057 -6.95253 1.08126 0.53056 0.67242 -0.50481 -0.10735
1540822874.126398802 -6.84605 -7.69581 1.07806 0.61111 0.60632 -0.48664 -0.14867
1540822874.223095655 -7.15056 -8.38381 1.07557 0.68659 0.52649 -0.46440 -0.18904
1540822874.319579601 -7.52150 -8.99181 1.07540 0.74455 0.44706 -0.44018 -0.22810
1540822874.415460587 -7.93216 -9.51265 1.07275 0.78638 0.37216 -0.41752 -0.26227
1540822874.510394573 -8.36940 -9.93451 1.07060 0.80826 0.30651 -0.40160 -0.30245
1540822874.604058743 -8.80813 -10.26105 1.06970 0.81967 0.24912 -0.38325 -0.34527
1540822874.696080685 -9.23619 -10.49146 1.07012 0.82628 0.20046 -0.36059 -0.38348
1540822874.815933704 -9.77230 -10.67213 1.07671 0.82054 0.15953 -0.31833 -0.44714
1540822874.903419733 -10.13813 -10.74654 1.08929 0.82065 0.13788 -0.28276 -0.47705
1540822874.988848686 -10.47477 -10.75916 1.11002 0.82777 0.12125 -0.24426 -0.49034
1540822875.100430727 -10.89228 -10.70107 1.15099 0.84233 0.10042 -0.19385 -0.49276
1540822875.183020592 -11.19026 -10.61092 1.19517 0.84955 0.08362 -0.16043 -0.49551
1540822875.292248726 -11.56164 -10.42976 1.26949 0.85796 0.06246 -0.11643 -0.49644
1540822875.373690605 -11.83465 -10.26982 1.33586 0.86333 0.04304 -0.08780 -0.49508
1540822875.481756687 -12.17467 -9.98386 1.43217 0.86764 -0.00344 -0.06547 -0.49284
1540822875.562431574 -12.41205 -9.73084 1.50572 0.86884 -0.04621 -0.05550 -0.48980
1540822875.669285774 -12.69411 -9.34946 1.59875 0.86850 -0.10344 -0.04223 -0.48293
1540822875.748886585 -12.88643 -9.03648 1.66413 0.86850 -0.14906 -0.03229 -0.47164
1540822875.854459763 -13.09065 -8.57903 1.74199 0.86533 -0.22359 -0.02649 -0.44778
1540822875.933393717 -13.20534 -8.20864 1.79245 0.85829 -0.27796 -0.01900 -0.43096
1540822876.038579702 -13.29671 -7.67645 1.84581 0.83899 -0.35174 -0.00774 -0.41512
1540822876.143811703 -13.29856 -7.10730 1.88467 0.80928 -0.41897 0.01235 -0.41156
1540822876.222812653 -13.22835 -6.66511 1.90285 0.78088 -0.46657 0.03261 -0.41409
1540822876.328588724 -13.05158 -6.06884 1.91307 0.73113 -0.53575 0.04632 -0.41984
1540822876.408330679 -12.85552 -5.62862 1.90752 0.69276 -0.58252 0.05240 -0.42190
1540822876.515274763 -12.51206 -5.06693 1.87951 0.65189 -0.62880 0.06713 -0.41850
1540822876.622947693 -12.07479 -4.54426 1.82523 -0.61194 0.67226 -0.07263 0.41027
1540822876.704161644 -11.68121 -4.19076 1.76710 -0.60066 0.68328 -0.08830 0.40564
1540822876.813210726 -11.07105 -3.76568 1.66577 -0.60863 0.67733 -0.10637 0.39935
1540822876.895875692 -10.54829 -3.47936 1.57698 -0.62799 0.65660 -0.12695 0.39797
1540822876.979594707 -9.96272 -3.21697 1.48020 0.65468 -0.62435 0.15279 -0.39779
1540822877.093107700 -9.09545 -2.88588 1.35212 0.69446 -0.56463 0.18426 -0.40616
1540822877.180061579 -8.37608 -2.64489 1.25964 0.72587 -0.50760 0.20433 -0.41678
1540822877.268192768 -7.60944 -2.39724 1.17931 0.75744 -0.44167 0.21883 -0.42817
1540822877.386569738 -6.53398 -2.03305 1.10122 0.79447 -0.33786 0.23581 -0.44617
1540822877.475082636 -5.71424 -1.73173 1.06938 0.81519 -0.26286 0.23961 -0.45712
1540822877.562675714 -4.90418 -1.39316 1.06060 0.83017 -0.19686 0.23544 -0.46544
1540822877.649312735 -4.11392 -1.01356 1.07340 0.84124 -0.12421 0.23112 -0.47272
1540822877.763840675 -3.10773 -0.44444 1.11889 0.84990 -0.00413 0.23021 -0.47399
1540822877.849451780 -2.40469 0.03633 1.16820 0.85073 0.08910 0.22023 -0.46886
1540822877.935218811 -1.75804 0.55898 1.22459 0.84591 0.17408 0.19853 -0.46337
1540822878.050238609 -0.99486 1.30852 1.30051 0.82438 0.28243 0.14360 -0.46905
1540822878.137108803 -0.50370 1.90325 1.35499 0.79164 0.36522 0.09287 -0.48093
1540822878.224257708 -0.10450 2.51347 1.41271 0.75276 0.44593 0.04213 -0.48241
1540822878.340427637 0.30704 3.30963 1.48562 0.68729 0.55251 -0.01753 -0.47124
1540822878.427181721 0.53004 3.88382 1.52841 0.63539 0.62539 -0.04579 -0.45063
1540822878.513585806 0.66760 4.42239 1.56007 0.59233 0.68137 -0.06998 -0.42424
1540822878.599833727 0.73075 4.91775 1.57534 0.57765 0.70552 -0.10853 -0.39596
1540822878.714951754 0.71538 5.51179 1.58136 0.57096 0.71614 -0.16666 -0.36520
1540822878.801538706 0.62107 5.90936 1.58178 0.55762 0.71980 -0.21326 -0.35422
1540822878.888328791 0.47526 6.28139 1.57961 0.53474 0.73145 -0.25565 -0.33716
1540822879.004172802 0.19703 6.71767 1.58086 0.46286 0.77505 -0.29646 -0.31172
1540822879.091048717 -0.06689 6.99244 1.58357 0.39949 0.80761 -0.31536 -0.29787
1540822879.177788734 -0.36188 7.22226 1.58574 0.34724 0.83254 -0.32415 -0.28500
1540822879.293097734 -0.80505 7.43819 1.58304 0.31072 0.84847 -0.33755 -0.26385
1540822879.379305601 -1.16572 7.53810 1.57904 0.29254 0.85273 -0.35055 -0.25375
1540822879.465236664 -1.54619 7.58158 1.57504 0.26548 0.85928 -0.36095 -0.24674
1540822879.550843716 -1.94049 7.57718 1.57501 0.23239 0.86607 -0.37125 -0.24103
1540822879.664411783 -2.48150 7.48714 1.57568 0.19220 0.87561 -0.37930 -0.22910
1540822879.749125719 -2.89254 7.35516 1.57743 0.14230 0.88285 -0.38644 -0.22582
1540822879.861529589 -3.43498 7.09636 1.57722 0.07412 0.89010 -0.39135 -0.22150
1540822879.945474625 -3.82810 6.84568 1.57279 0.04288 0.89596 -0.38984 -0.20843
1540822880.029156685 -4.20205 6.53929 1.56465 0.01509 0.89990 -0.39161 -0.19132
1540822880.140550613 -4.66787 6.04582 1.55279 -0.03979 0.89202 -0.41764 -0.16820
1540822880.224173784 -4.98540 5.61893 1.54443 -0.06826 0.88796 -0.43129 -0.14442
1540822880.336013794 -5.36831 4.98530 1.53128 -0.08533 0.88178 -0.45136 -0.10702
1540822880.420119762 -5.62531 4.46170 1.52491 -0.09807 0.86593 -0.48256 -0.08764
1540822880.504351616 -5.85889 3.90999 1.52052 -0.09667 0.85779 -0.49915 -0.07552
1540822880.616757631 -6.13940 3.13586 1.51376 -0.09039 0.84097 -0.52978 -0.06267
1540822880.701293707 -6.32917 2.53206 1.50939 -0.09982 0.82257 -0.55646 -0.06129
1540822880.814586639 -6.55252 1.70455 1.50327 -0.11107 0.80506 -0.57933 -0.06257
1540822880.900187731 -6.69895 1.07053 1.49978 -0.11013 0.79977 -0.58656 -0.06472
1540822880.986509800 -6.81800 0.42210 1.49945 -0.10409 0.79997 -0.58692 -0.06879
1540822881.102876663 -6.94931 -0.46349 1.50026 -0.09705 0.80070 -0.58624 -0.07601
1540822881.191281796 -7.02145 -1.14566 1.50254 -0.06838 0.80109 -0.58867 -0.08390
1540822881.280454636 -7.08272 -1.84159 1.50590 -0.01213 0.80151 -0.59094 -0.09066
1540822881.370159626 -7.13641 -2.54851 1.50931 0.05783 0.79733 -0.59299 -0.09636
1540822881.460214615 -7.18702 -3.26123 1.51368 0.14826 0.78659 -0.59119 -0.09893
1540822881.580456734 -7.27589 -4.21326 1.52417 0.27570 0.75925 -0.57949 -0.10823
1540822881.670530796 -7.36789 -4.91906 1.53203 0.37249 0.72576 -0.56466 -0.12522
1540822881.760541677 -7.49409 -5.60612 1.53990 0.47550 0.66694 -0.55052 -0.16129
1540822881.850372791 -7.65941 -6.25979 1.54947 0.57387 0.58700 -0.53113 -0.20979
1540822881.939471722 -7.86098 -6.86432 1.56150 0.66351 0.49816 -0.49762 -0.25293
1540822882.027445793 -8.09308 -7.40290 1.57694 0.73629 0.40409 -0.45381 -0.29773
1540822882.143002748 -8.42384 -8.01289 1.59385 0.80270 0.29735 -0.38364 -0.34653
1540822882.228424788 -8.67533 -8.38967 1.60129 0.82776 0.25865 -0.32344 -0.37855
1540822882.313099623 -8.93008 -8.70738 1.60649 0.83688 0.22957 -0.26679 -0.41922
1540822882.425003767 -9.27324 -9.03354 1.61151 0.84157 0.22560 -0.21614 -0.44063
1540822882.508219719 -9.53517 -9.23816 1.60173 0.84141 0.23334 -0.19492 -0.44675
1540822882.618485689 -9.88797 -9.45504 1.57108 0.84053 0.22134 -0.17784 -0.46140
1540822882.700754642 -10.15245 -9.58503 1.53821 0.84128 0.17990 -0.16587 -0.48206
1540822882.809705734 -10.49738 -9.68452 1.48933 -0.84042 -0.08739 0.15462 0.51200
1540822882.890812635 -10.73946 -9.72069 1.45177 -0.83827 -0.02457 0.14116 0.52609
1540822882.998280764 -11.03672 -9.73093 1.39808 -0.83728 0.04081 0.13359 0.52864
1540822883.078554630 -11.24341 -9.71445 1.34992 -0.83854 0.07216 0.13232 0.52358
1540822883.185321808 -11.48382 -9.65387 1.27552 -0.83831 0.08410 0.11763 0.52567
1540822883.265220642 -11.63973 -9.57392 1.20901 -0.83778 0.08182 0.09465 0.53148
1540822883.371485710 -11.80332 -9.42186 1.12016 -0.83658 0.06844 0.05587 0.54067
1540822883.477491617 -11.93403 -9.22632 1.03850 -0.83093 0.07757 0.03050 0.55009
1540822883.556828737 -12.01041 -9.05196 0.98222 -0.82215 0.08771 0.01684 0.56222
1540822883.662381649 -12.08214 -8.78974 0.91154 -0.80765 0.09966 -0.00348 0.58117
1540822883.741339684 -12.11882 -8.57617 0.86573 -0.78983 0.11439 -0.01947 0.60225
1540822883.846260786 -12.14734 -8.27635 0.81412 -0.77183 0.14280 -0.03684 0.61849
1540822883.950795650 -12.14895 -7.96500 0.77905 -0.75838 0.15619 -0.06059 0.62991
1540822884.028995752 -12.13808 -7.72569 0.76020 -0.75330 0.16305 -0.07122 0.63316
1540822884.133038759 -12.10810 -7.40341 0.73717 -0.75470 0.16635 -0.08259 0.62923
1540822884.236791611 -12.05995 -7.07573 0.71837 -0.75618 0.16132 -0.10676 0.62512
1540822884.314457655 -12.01011 -6.82667 0.71012 -0.75468 0.16890 -0.11606 0.62327
1540822884.417946577 -11.93343 -6.48744 0.71043 -0.74639 0.17967 -0.12659 0.62817
1540822884.521269798 -11.84268 -6.14271 0.72497 -0.73186 0.18764 -0.14032 0.63990
1540822884.598668575 -11.76895 -5.88404 0.73942 -0.73103 0.19362 -0.14800 0.63734
1540822884.701977730 -11.66043 -5.53807 0.76719 -0.72893 0.20394 -0.15554 0.63472
1540822884.805686712 -11.54394 -5.18908 0.80601 -0.72554 0.21094 -0.16401 0.63419
1540822884.909961700 -11.41780 -4.83650 0.85493 -0.72294 0.21540 -0.17340 0.63316
1540822884.988578796 -11.31782 -4.57011 0.89895 -0.72161 0.22112 -0.17941 0.63103
1540822885.093930721 -11.17614 -4.21348 0.96753 -0.70658 0.25263 -0.17265 0.63806
1540822885.173364639 -11.06196 -3.94682 1.01709 -0.69450 0.27680 -0.16750 0.64265
1540822885.279885769 -10.89488 -3.59904 1.07377 -0.67126 0.30124 -0.17136 0.65521
1540822885.387067795 -10.71092 -3.26308 1.11239 -0.64541 0.32493 -0.17865 0.66779
1540822885.467815638 -10.56233 -3.02081 1.12616 -0.63157 0.34068 -0.18675 0.67096
1540822885.575970650 -10.34614 -2.72226 1.12697 -0.61658 0.35372 -0.20720 0.67214
1540822885.657456636 -10.17749 -2.51106 1.11096 -0.61404 0.36327 -0.21897 0.66562
1540822885.766596794 -9.94061 -2.25201 1.07288 -0.61074 0.37501 -0.22987 0.65842
1540822885.848802805 -9.75468 -2.06818 1.03641 -0.60839 0.38229 -0.23882 0.65321
1540822885.958862782 -9.49388 -1.84514 0.97937 -0.60535 0.39071 -0.24920 0.64714
1540822886.041692734 -9.29142 -1.69407 0.93147 -0.60447 0.39458 -0.25440 0.64358
1540822886.124738693 -9.08220 -1.55215 0.87928 -0.60341 0.39717 -0.25883 0.64122
1540822886.235765696 -8.79018 -1.38516 0.80640 -0.60885 0.38000 -0.28683 0.63453
1540822886.319197655 -8.56848 -1.27537 0.74989 -0.61711 0.36228 -0.30940 0.62626
1540822886.430576801 -8.27421 -1.14217 0.67860 -0.62570 0.34795 -0.32612 0.61732
1540822886.514258623 -8.05791 -1.05046 0.63045 -0.62631 0.34455 -0.33101 0.61600
1540822886.625996590 -7.76895 -0.92725 0.57303 -0.61080 0.37158 -0.32762 0.61767
1540822886.709950686 -7.55179 -0.84604 0.53190 -0.57896 0.40592 -0.33920 0.62047
1540822886.794087648 -7.33418 -0.77902 0.48973 -0.54350 0.44128 -0.35705 0.61838
1540822886.906592607 -7.04552 -0.71032 0.42732 -0.51582 0.48098 -0.38207 0.59717
1540822886.991230726 -6.83244 -0.67354 0.37590 -0.50542 0.49936 -0.39590 0.58176
1540822887.076082706 -6.62101 -0.64929 0.32169 -0.49666 0.51218 -0.40605 0.57107
1540822887.189448595 -6.33867 -0.63268 0.24589 -0.47585 0.53387 -0.41221 0.56447
1540822887.274554729 -6.13083 -0.64276 0.19034 -0.46554 0.53994 -0.42641 0.55669
1540822887.388038635 -5.85349 -0.67455 0.12197 -0.46294 0.54239 -0.43864 0.54689
1540822887.473028660 -5.65131 -0.71711 0.08984 -0.46496 0.52364 -0.46581 0.54096
1540822887.557827711 -5.45624 -0.77296 0.07908 -0.47058 0.50602 -0.48997 0.53145
1540822887.670601606 -5.21749 -0.86227 0.08859 -0.47837 0.49752 -0.50024 0.52287
1540822887.755029678 -5.05563 -0.93583 0.11216 -0.48607 0.48545 -0.50692 0.52068
1540822887.839350700 -4.90601 -1.00990 0.14301 -0.50042 0.47073 -0.50349 0.52392
1540822887.951621771 -4.72521 -1.11080 0.19455 -0.51725 0.45165 -0.48995 0.53704
1540822888.035735607 -4.60519 -1.18878 0.24094 -0.52474 0.43657 -0.47983 0.55120
1540822888.147874594 -4.45543 -1.28970 0.31355 -0.53688 0.42126 -0.46677 0.56251
1540822888.232041597 -4.35464 -1.36828 0.37793 -0.54200 0.41180 -0.46121 0.56916
1540822888.316253662 -4.26650 -1.44722 0.45055 -0.54599 0.40657 -0.45601 0.57328
1540822888.428573608 -4.16056 -1.54966 0.55914 -0.54879 0.40190 -0.45131 0.57760
1540822888.512841702 -4.09632 -1.62694 0.64955 -0.55034 0.40052 -0.44958 0.57843
1540822888.625170708 -4.02507 -1.72730 0.77682 -0.54763 0.40162 -0.44888 0.58078
1540822888.709425688 -3.97345 -1.80493 0.86802 -0.54493 0.40637 -0.44429 0.58354
1540822888.793679714 -3.93689 -1.88184 0.95193 -0.54579 0.40671 -0.44602 0.58118
1540822888.906028748 -3.89411 -1.99075 1.04771 -0.55016 0.40888 -0.44397 0.57710
1540822888.990293741 -3.87316 -2.07128 1.10466 -0.56318 0.41440 -0.43458 0.56767
1540822889.102656603 -3.84692 -2.18037 1.16440 -0.58673 0.42704 -0.41896 0.54577
1540822889.186949730 -3.82928 -2.25989 1.20563 -0.60048 0.43447 -0.40776 0.53329
1540822889.271353722 -3.80933 -2.33614 1.25096 -0.60500 0.43293 -0.40331 0.53280
1540822889.384136677 -3.77261 -2.43392 1.31472 -0.61158 0.42531 -0.40068 0.53342
1540822889.468870640 -3.73318 -2.50440 1.36540 -0.61671 0.41737 -0.40059 0.53386
1540822889.553692579 -3.69541 -2.56978 1.41689 -0.61730 0.41439 -0.39841 0.53712
1540822889.666881800 -3.62874 -2.65368 1.48121 -0.61833 0.41187 -0.39554 0.53998
1540822889.751818657 -3.58256 -2.71040 1.51900 -0.62362 0.41416 -0.39186 0.53481
1540822889.836773634 -3.52593 -2.76420 1.55368 -0.62963 0.41727 -0.38647 0.52924
1540822889.950174809 -3.44837 -2.82752 1.59745 -0.62926 0.41560 -0.38631 0.53111
1540822890.035310745 -3.37582 -2.87486 1.62591 -0.63089 0.41613 -0.38502 0.52969
1540822890.148884773 -3.27698 -2.92475 1.65522 -0.63475 0.41578 -0.38070 0.52847
1540822890.234112740 -3.18997 -2.96159 1.67126 -0.63573 0.41124 -0.37805 0.53274
1540822890.319358587 -3.10473 -2.99212 1.67693 -0.63771 0.40621 -0.37447 0.53674
1540822890.432958603 -2.97533 -3.02897 1.66487 -0.64169 0.39851 -0.36915 0.54143
1540822890.518066645 -2.87908 -3.05559 1.64007 -0.64223 0.39384 -0.36561 0.54660
1540822890.603075743 -2.77636 -3.07584 1.60072 -0.64443 0.38887 -0.36138 0.55036
1540822890.716248751 -2.63083 -3.09202 1.52906 -0.64816 0.38132 -0.35520 0.55526
1540822890.800975800 -2.51881 -3.10198 1.45888 -0.65096 0.37495 -0.34956 0.55989
1540822890.885529757 -2.40642 -3.10622 1.37637 -0.65412 0.36826 -0.34372 0.56424
1540822890.997920752 -2.25061 -3.10462 1.25167 -0.65911 0.35649 -0.33309 0.57232
1540822891.081912756 -2.13249 -3.09697 1.14831 -0.66368 0.34584 -0.32469 0.57836
1540822891.193449736 -1.96858 -3.08337 1.00488 -0.66929 0.33238 -0.31360 0.58586
1540822891.276718616 -1.84257 -3.07119 0.89205 -0.67243 0.32157 -0.30584 0.59236
1540822891.387127638 -1.67714 -3.04469 0.73447 -0.67776 0.30712 -0.29685 0.59850
1540822891.469408751 -1.55729 -3.01761 0.61355 -0.67980 0.29882 -0.29081 0.60333
1540822891.551219702 -1.43949 -2.98336 0.49504 -0.68073 0.29283 -0.28500 0.60797
1540822891.659609795 -1.27382 -2.93939 0.34787 -0.68487 0.28018 -0.27715 0.61290
1540822891.767054796 -1.10990 -2.89218 0.22677 -0.68885 0.26349 -0.26756 0.62006
1540822891.847110748 -0.99292 -2.85331 0.15538 -0.69036 0.25579 -0.26157 0.62415
1540822891.953032732 -0.83567 -2.79398 0.08557 -0.69319 0.24566 -0.25163 0.62914
1540822892.031936646 -0.72222 -2.74495 0.05289 -0.68781 0.23438 -0.24761 0.64084
1540822892.136388779 -0.57861 -2.67818 0.02734 -0.68633 0.21941 -0.23408 0.65269
1540822892.239884615 -0.44419 -2.61215 0.01393 -0.68699 0.19913 -0.21839 0.66385
1540822892.316968679 -0.34911 -2.56426 0.01022 -0.68597 0.18502 -0.20565 0.67300
1540822892.419188738 -0.22535 -2.50646 0.00933 -0.69256 0.16757 -0.18481 0.67685
1540822892.520873785 -0.10840 -2.44969 0.01950 -0.69593 0.14947 -0.16871 0.68182
1540822892.622038603 0.00371 -2.39793 0.03813 -0.69827 0.13490 -0.15537 0.68562
1540822892.697458744 0.08533 -2.36336 0.05573 -0.69962 0.12584 -0.14535 0.68816
1540822892.797596693 0.19100 -2.31766 0.08491 -0.69912 0.11409 -0.13310 0.69318
1540822892.897442579 0.28777 -2.27703 0.12149 -0.69947 0.10202 -0.12139 0.69685
1540822892.997147799 0.38483 -2.24039 0.15642 -0.70061 0.08690 -0.10830 0.69991
1540822893.096781731 0.47430 -2.20290 0.18158 -0.70336 0.07086 -0.09649 0.70068
1540822893.171472788 0.54447 -2.17497 0.19160 -0.70595 0.05506 -0.09207 0.70009
1540822893.271048784 0.63364 -2.13959 0.19658 -0.70915 0.03653 -0.08482 0.69899
1540822893.370634794 0.72215 -2.10596 0.19490 -0.71037 0.02623 -0.07210 0.69964
1540822893.470214605 0.80683 -2.07506 0.18911 -0.70861 0.01800 -0.06223 0.70262
1540822893.569759607 0.89112 -2.04525 0.18078 -0.70660 0.00892 -0.05472 0.70543
1540822893.669258595 0.97077 -2.01859 0.17588 -0.70566 0.00126 -0.04560 0.70708
1540822893.743841648 1.02724 -1.99967 0.17571 -0.70458 -0.01026 -0.04510 0.70811
1540822893.843229771 1.09368 -1.98272 0.17837 -0.70270 -0.03480 -0.05326 0.70864
1540822893.942557573 1.14924 -1.96861 0.18100 -0.70244 -0.05053 -0.05394 0.70790
1540822894.041805744 1.19195 -1.96014 0.18374 -0.70391 -0.05571 -0.04560 0.70664
1540822894.140941620 1.22452 -1.95472 0.18674 -0.70558 -0.04168 -0.01665 0.70720
1540822894.239961624 1.25062 -1.95192 0.19045 -0.70630 -0.02913 0.01578 0.70714
1540822894.314157724 1.27209 -1.95174 0.19114 -0.70529 -0.03587 0.02211 0.70766
1540822894.413007736 1.30113 -1.95520 0.18786 -0.70581 -0.03638 0.03311 0.70669
1540822894.511757612 1.33194 -1.96518 0.18214 -0.70538 -0.03050 0.04415 0.70679
1540822894.610401630 1.36700 -1.97338 0.16802 -0.70482 -0.03533 0.04307 0.70720
1540822894.708906651 1.40393 -1.98513 0.14514 -0.70479 -0.03882 0.04341 0.70702
