1468940959.043028831 0.13516 0.02363 -0.00837 0.87183 -0.05645 0.12006 -0.47150
1468940959.135159969 0.21700 0.00557 -0.00579 0.87922 -0.06268 0.12152 -0.45638
1468940959.227290869 0.23609 0.00080 -0.00520 0.88130 -0.06944 0.11804 -0.45227
1468940959.319421053 0.25380 -0.00085 -0.00485 0.88358 -0.07189 0.12191 -0.44637
1468940959.457617998 0.26819 -0.00015 -0.00479 0.88565 -0.07634 0.12144 -0.44165
1468940959.549747944 0.26734 0.00069 -0.00434 0.88775 -0.07658 0.11603 -0.43883
1468940959.641878843 0.25958 0.00283 -0.00508 0.89003 -0.07333 0.11051 -0.43618
1468940959.734009981 0.24483 0.00565 -0.00642 0.89200 -0.07232 0.10216 -0.43437
1468940959.826139927 0.22504 0.00774 -0.00786 0.89239 -0.06932 0.09732 -0.43516
1468940959.918270826 0.20154 0.00945 -0.00983 0.89443 -0.06556 0.09058 -0.43301
1468940960.056467056 0.16087 0.00993 -0.01501 0.89712 -0.05757 0.07947 -0.43075
1468940960.148597956 0.12973 0.00972 -0.01814 0.89782 -0.04776 0.07420 -0.43144
1468940960.240728855 0.09756 0.01011 -0.02167 0.90014 -0.03816 0.06610 -0.42886
1468940960.332859039 0.06479 0.01186 -0.02591 0.90216 -0.02693 0.05250 -0.42734
1468940960.424989939 0.03170 0.01389 -0.02903 0.90232 -0.01350 0.04654 -0.42834
1468940960.517120838 0.00041 0.01654 -0.03063 0.90329 -0.00597 0.03036 -0.42791
1468940960.655316830 -0.04298 0.01886 -0.03122 0.90213 0.00890 0.01657 -0.43106
1468940960.747447968 -0.07133 0.02011 -0.02990 0.90391 0.01585 -0.00263 -0.42743
1468940960.839577913 -0.09743 0.01997 -0.02829 0.90164 0.02682 -0.00969 -0.43155
1468940960.931709051 -0.11805 0.01920 -0.02743 0.90124 0.03448 -0.01772 -0.43159
1468940961.023839951 -0.13251 0.01856 -0.02735 0.90114 0.04160 -0.02287 -0.43093
1468940961.115970850 -0.14039 0.01823 -0.02910 0.90139 0.04762 -0.02495 -0.42967
1468940961.254166842 -0.13347 0.01816 -0.03218 0.90144 0.04582 -0.02365 -0.42982
1468940961.346297979 -0.11506 0.01925 -0.03467 0.90380 0.04235 -0.01615 -0.42555
1468940961.438427925 -0.08979 0.01959 -0.03719 0.90305 0.03571 -0.00675 -0.42800
1468940961.530559063 -0.06012 0.01893 -0.04040 0.90355 0.02700 0.00182 -0.42762
1468940961.622689962 -0.02684 0.01814 -0.04201 0.90336 0.01349 0.00747 -0.42862
1468940961.714819908 0.00455 0.01594 -0.04112 0.90316 0.00174 0.01706 -0.42897
1468940961.853016853 0.04328 0.00847 -0.03671 0.90337 -0.01039 0.02818 -0.42780
1468940961.945147038 0.06274 0.00312 -0.03484 0.90340 -0.01557 0.03079 -0.42742
1468940962.037277937 0.07620 -0.00129 -0.03357 0.90319 -0.01697 0.03810 -0.42721
1468940962.129408836 0.08583 -0.00487 -0.03300 0.90315 -0.02187 0.03406 -0.42742
1468940962.221539021 0.09033 -0.00669 -0.03352 0.90287 -0.02024 0.03778 -0.42777
1468940962.313669920 0.09126 -0.00766 -0.03342 0.90338 -0.01942 0.03705 -0.42679
1468940962.451865911 0.08898 -0.00744 -0.03193 0.90342 -0.01758 0.03666 -0.42683
1468940962.543997049 0.08609 -0.00557 -0.02949 0.90313 -0.01496 0.03650 -0.42756
1468940962.636127949 0.08284 -0.00066 -0.02281 0.90307 -0.01385 0.03406 -0.42791
1468940962.728258848 0.08094 0.00925 -0.00985 0.90186 -0.01530 0.03140 -0.43062
1468940962.820389032 0.08074 0.02700 0.00805 0.89886 -0.01883 0.03134 -0.43672
1468940962.912519932 0.08159 0.05000 0.03040 0.89521 -0.01912 0.03583 -0.44378
1468940963.050715923 0.08260 0.08739 0.07507 0.88836 -0.01673 0.03716 -0.45733
1468940963.142847061 0.08145 0.11052 0.10954 0.88131 -0.01268 0.04326 -0.47037
1468940963.234977961 0.07865 0.13207 0.14535 0.87452 -0.00934 0.04809 -0.48250
1468940963.327107906 0.07735 0.15037 0.18054 0.86977 -0.00852 0.04607 -0.49123
1468940963.419239044 0.07650 0.16442 0.21387 -0.86405 0.00995 -0.04602 0.50120
1468940963.511369944 0.07536 0.17549 0.24034 -0.85796 0.00969 -0.04901 0.51128
1468940963.649565935 0.07202 0.18453 0.26000 -0.85388 0.00962 -0.04833 0.51813
1468940963.741696835 0.07000 0.18434 0.25606 -0.85363 0.00788 -0.05028 0.51838
1468940963.833827019 0.06824 0.17820 0.23898 -0.85581 0.00583 -0.04995 0.51484
1468940963.925957918 0.06596 0.16701 0.21140 -0.86088 0.00277 -0.05304 0.50603
1468940964.018089056 0.06385 0.14950 0.17916 0.86443 -0.00218 0.05649 -0.49956
1468940964.110219955 0.06515 0.12789 0.14395 0.86633 -0.00735 0.05765 -0.49608
1468940964.248415947 0.06694 0.09306 0.08202 0.87115 -0.00805 0.05436 -0.48794
1468940964.340545893 0.06822 0.06818 0.03960 0.87976 0.00113 0.06098 -0.47148
1468940964.432677031 0.07093 0.04387 -0.00009 0.88773 0.00057 0.06092 -0.45631
1468940964.524807930 0.07287 0.01946 -0.03787 0.89131 -0.00058 0.06075 -0.44931
1468940964.616938829 0.07474 -0.00205 -0.07479 0.89698 -0.00010 0.06009 -0.43796
1468940964.709069014 0.07629 -0.01868 -0.10677 0.90005 -0.00027 0.04890 -0.43304
1468940964.847265005 0.07790 -0.03681 -0.14260 0.91041 0.00025 0.04584 -0.41116
1468940964.939395905 0.07800 -0.04277 -0.15327 0.91439 0.00102 0.04580 -0.40223
1468940965.031527042 0.07662 -0.04006 -0.15027 0.91591 0.00359 0.04576 -0.39875
1468940965.123657942 0.07498 -0.02734 -0.13321 0.91240 0.00428 0.04190 -0.40712
1468940965.215787888 0.07278 -0.00631 -0.10550 0.90738 0.00399 0.03800 -0.41857
1468940965.307919025 0.07005 0.02168 -0.07020 0.90204 0.00416 0.03774 -0.42997
1468940965.446115017 0.06667 0.07210 -0.00161 0.89167 0.00700 0.04117 -0.45076
1468940965.538245916 0.06458 0.10690 0.05058 0.88404 0.00794 0.03714 -0.46586
1468940965.630377054 0.06212 0.14008 0.10506 0.87580 0.00982 0.03456 -0.48134
1468940965.722507000 0.06020 0.16879 0.15720 0.86947 0.00921 0.02884 -0.49305
1468940965.814637899 0.05864 0.18904 0.20392 -0.85917 -0.00989 -0.03022 0.51069
1468940965.906769037 0.05696 0.20257 0.24063 -0.85341 -0.01211 -0.03434 0.51996
1468940966.044965029 0.05388 0.21299 0.27349 -0.84737 -0.01396 -0.03412 0.52972
1468940966.137095928 0.05254 0.21483 0.28257 -0.84456 -0.01471 -0.03358 0.53420
1468940966.229225874 0.05120 0.21217 0.28050 -0.84502 -0.01519 -0.03400 0.53343
1468940966.321357012 0.05030 0.20544 0.26555 -0.84562 -0.01795 -0.03813 0.53212
1468940966.413487911 0.04951 0.19291 0.24018 -0.84846 -0.02011 -0.04179 0.52722
1468940966.505619049 0.04868 0.17445 0.20772 -0.85251 -0.01948 -0.04281 0.52059
1468940966.643815041 0.04915 0.13900 0.16151 -0.85982 -0.01959 -0.04297 0.50842
1468940966.735944986 0.05115 0.11764 0.13927 0.86502 0.01883 0.04143 -0.49968
1468940966.828075886 0.05402 0.10391 0.12277 0.86807 0.01597 0.03961 -0.49460
1468940966.920207024 0.05623 0.09796 0.11088 0.87002 0.01531 0.03766 -0.49134
1468940967.012337923 0.05917 0.09029 0.10787 0.86919 0.01403 0.03949 -0.49270
1468940967.104467869 0.06214 0.07494 0.11549 0.86840 0.01569 0.03866 -0.49411
1468940967.242663860 0.06546 0.02895 0.14698 0.86709 0.02137 0.04531 -0.49562
1468940967.334794998 0.06624 -0.01134 0.17447 0.86789 0.02461 0.03737 -0.49474
1468940967.426925898 0.06829 -0.05483 0.20349 0.86761 0.02758 0.02559 -0.49582
1468940967.519057035 0.07017 -0.10043 0.23292 -0.86430 -0.03420 -0.02823 0.50102
1468940967.611186981 0.07463 -0.14465 0.25940 -0.86330 -0.03291 -0.02359 0.50306
1468940967.703317881 0.07874 -0.18437 0.28137 -0.86141 -0.02897 -0.02359 0.50654
1468940967.841513872 0.08380 -0.22049 0.29691 -0.86110 -0.02879 -0.02820 0.50683
1468940967.933645010 0.08716 -0.22211 0.29431 -0.85879 -0.02777 -0.02301 0.51106
1468940968.025775909 0.09138 -0.20316 0.27781 -0.86039 -0.02873 -0.01943 0.50846
1468940968.117905855 0.09380 -0.16733 0.24967 -0.86262 -0.02596 -0.01559 0.50494
1468940968.210036993 0.09428 -0.12069 0.21487 -0.86034 -0.02392 -0.00696 0.50912
1468940968.302167892 0.09248 -0.06651 0.17508 0.86708 0.02067 0.00772 -0.49768
1468940968.440363884 0.08948 0.02252 0.10802 0.86798 0.01635 0.01555 -0.49608
1468940968.532495022 0.08783 0.08294 0.05808 0.86898 0.01495 0.02210 -0.49413
1468940968.624624968 0.08447 0.13681 0.01136 0.86937 0.01408 0.03446 -0.49276
1468940968.716755867 0.08213 0.18390 -0.02917 0.86733 0.01201 0.03652 -0.49625
1468940968.808887005 0.08054 0.22234 -0.05703 0.86834 0.00211 0.03327 -0.49486
1468940968.901017904 0.08122 0.25400 -0.07515 0.86584 0.00058 0.03664 -0.49897
1468940969.039213896 0.08496 0.28181 -0.08498 0.87037 -0.00945 0.02877 -0.49146
1468940969.131345034 0.08373 0.27811 -0.07644 0.87402 -0.00016 0.03382 -0.48471
1468940969.223474979 0.08289 0.25640 -0.05538 0.87516 0.00696 0.02901 -0.48291
1468940969.315605879 0.07985 0.21792 -0.02022 0.87564 0.01525 0.03076 -0.48175
1468940969.407737017 0.07691 0.16600 0.02044 0.87981 0.02237 0.01177 -0.47465
1468940969.499866962 0.07618 0.10700 0.06417 0.88583 0.03073 -0.00404 -0.46297
1468940969.638063908 0.07648 0.01137 0.12939 0.88497 0.04088 -0.01839 -0.46348
1468940969.730193853 0.07747 -0.04677 0.16926 0.88454 0.05151 -0.02013 -0.46316
1468940969.822324991 0.07908 -0.09877 0.20821 0.87877 0.06106 -0.01514 -0.47308
1468940969.914455891 0.08291 -0.14720 0.24482 0.87144 0.06281 -0.00629 -0.48642
1468940970.006585836 0.08567 -0.19066 0.27608 0.86401 0.06024 -0.00906 -0.49978
1468940970.098716974 0.08499 -0.22639 0.29925 0.86502 0.05347 -0.00286 -0.49887
1468940970.236912966 0.08387 -0.25632 0.31588 -0.85630 -0.05342 0.00375 0.51369
1468940970.329043865 0.08545 -0.25250 0.30972 -0.85773 -0.05019 0.01097 0.51152
1468940970.421175003 0.08954 -0.22802 0.29107 -0.86410 -0.04919 0.00874 0.50084
1468940970.513304949 0.09321 -0.18697 0.25993 0.87296 0.04550 -0.01150 -0.48554
1468940970.605435848 0.09636 -0.13762 0.22464 0.87744 0.04212 -0.01863 -0.47747
1468940970.697566986 0.09833 -0.08246 0.18286 0.88159 0.03569 -0.02301 -0.47010
1468940970.835762978 0.10556 0.00866 0.11022 0.88012 0.02147 -0.01016 -0.47416
1468940970.927893877 0.11114 0.07175 0.05795 0.87594 0.01743 -0.00402 -0.48208
1468940971.020025015 0.11584 0.13486 0.00640 0.87277 0.01863 0.01203 -0.48764
1468940971.112154961 0.11751 0.19140 -0.03795 0.87242 0.01808 0.01541 -0.48817
1468940971.204285860 0.11689 0.23907 -0.07528 0.87584 0.01336 0.00918 -0.48233
1468940971.296416998 0.11679 0.27494 -0.10361 0.88317 0.00570 -0.00409 -0.46900
1468940971.434612989 0.11131 0.30047 -0.12620 0.88917 0.01377 0.00200 -0.45736
1468940971.526743889 0.10636 0.29966 -0.12640 0.89316 0.01666 0.00122 -0.44942
1468940971.618873835 0.10510 0.28681 -0.11171 0.89384 0.01825 0.00058 -0.44800
1468940971.711004972 0.10643 0.26082 -0.08145 0.89614 0.01635 -0.00385 -0.44345
1468940971.803135872 0.10688 0.22166 -0.04132 0.90186 0.02521 -0.00421 -0.43128
1468940971.895266056 0.10712 0.17221 0.00445 0.90105 0.03223 -0.00783 -0.43245
1468940972.033463001 0.10300 0.08899 0.06906 0.90003 0.04220 -0.03284 -0.43254
1468940972.125592947 0.09833 0.04004 0.10296 0.89591 0.05118 -0.03409 -0.43995
1468940972.217723846 0.09525 0.00161 0.12529 0.89243 0.05382 -0.03306 -0.44675
1468940972.309854984 0.09515 -0.02348 0.13581 0.88898 0.05002 -0.02814 -0.45433
1468940972.401985884 0.09684 -0.03892 0.13808 0.88766 0.04440 -0.01583 -0.45807
1468940972.494115829 0.10042 -0.04400 0.13512 0.88570 0.03941 -0.00458 -0.46255
1468940972.632312059 0.10595 -0.04173 0.12565 0.88638 0.02995 0.01030 -0.46187
1468940972.724442959 0.10901 -0.03581 0.11662 0.88939 0.02116 0.01518 -0.45641
1468940972.816573858 0.10112 -0.03041 0.10673 0.89192 0.01586 0.02387 -0.45128
1468940972.908704996 0.06677 -0.03038 0.09983 0.89435 0.02659 0.01802 -0.44621
1468940973.000834942 0.00473 -0.03586 0.09295 0.89318 0.05534 0.00075 -0.44628
1468940973.092965841 -0.06666 -0.04282 0.08411 0.89178 0.09154 -0.01601 -0.44282
1468940973.231161833 -0.13774 -0.04552 0.06970 0.89081 0.12715 -0.07014 -0.43054
1468940973.323292971 -0.12932 -0.04167 0.06149 0.89238 0.13304 -0.07337 -0.42493
1468940973.415423870 -0.07036 -0.03299 0.06127 0.89549 0.11467 -0.05586 -0.42640
1468940973.507554054 0.02594 -0.02311 0.07037 0.89832 0.07573 -0.02316 -0.43215
1468940973.599684954 0.13256 -0.01940 0.08665 0.89325 0.02933 0.01873 -0.44821
1468940973.691815853 0.22116 -0.02141 0.10064 0.88909 -0.01311 0.05380 -0.45437
1468940973.830011845 0.26850 -0.02680 0.10541 0.88081 -0.05485 0.09008 -0.46158
1468940973.922142982 0.22029 -0.02207 0.09258 0.88155 -0.03885 0.08709 -0.46236
1468940974.014272928 0.12507 -0.01618 0.07274 0.88107 0.00758 0.06522 -0.46840
1468940974.106403828 0.01716 -0.01650 0.05387 0.88064 0.05948 0.02220 -0.46952
1468940974.198534966 -0.06388 -0.01668 0.04263 0.88102 0.09573 -0.01778 -0.46295
1468940974.290665865 -0.09271 -0.00942 0.03811 0.88977 0.10396 -0.05022 -0.44157
1468940974.428861856 -0.02574 0.00273 0.04517 0.89531 0.07350 -0.04413 -0.43713
1468940974.520992041 0.06772 0.00998 0.05605 0.89050 0.03806 -0.01914 -0.45299
1468940974.613122940 0.16659 0.01347 0.06831 0.88831 0.00123 0.01111 -0.45911
1468940974.705253839 0.23333 0.01023 0.07566 0.88345 -0.03346 0.05143 -0.46449
1468940974.797384977 0.24114 0.00118 0.07883 0.88077 -0.05049 0.06598 -0.46620
1468940974.889514923 0.19026 -0.00447 0.07760 0.87916 -0.02811 0.05481 -0.47253
1468940975.027710915 0.04534 -0.01292 0.05720 0.87492 0.05914 0.03261 -0.47954
1468940975.119842052 -0.04620 -0.02330 0.04100 0.87558 0.11101 -0.01128 -0.47001
1468940975.211972952 -0.08846 -0.02995 0.03846 0.87954 0.13054 -0.05847 -0.45382
1468940975.304103851 -0.07466 -0.03047 0.05474 0.87886 0.12836 -0.07727 -0.45295
1468940975.396234035 -0.01417 -0.02323 0.07556 0.87878 0.11475 -0.05431 -0.46004
1468940975.488364935 0.07676 -0.01498 0.09727 0.87343 0.08670 -0.03604 -0.47782
1468940975.626560926 0.21580 -0.00730 0.11037 0.87577 0.02481 0.02808 -0.48127
1468940975.718691826 0.26588 -0.01242 0.11009 0.87515 -0.02216 0.06014 -0.47958
1468940975.810822964 0.25439 -0.01828 0.10397 0.87376 -0.03821 0.06882 -0.47994
1468940975.902952909 0.18299 -0.01880 0.09237 0.87623 -0.00915 0.06157 -0.47786
1468940975.995084047 0.07760 -0.02172 0.08160 0.87441 0.04737 0.03639 -0.48149
1468940976.087214947 -0.02232 -0.02797 0.07502 0.86674 0.09687 -0.00176 -0.48926
1468940976.225410938 -0.10094 -0.02675 0.07067 0.86653 0.12366 -0.04931 -0.48104
1468940976.317541838 -0.09491 -0.02127 0.06891 0.87238 0.11279 -0.04893 -0.47311
1468940976.409672022 -0.04821 -0.02013 0.07295 0.87898 0.09198 -0.03490 -0.46659
1468940976.501802921 0.02983 -0.01914 0.08058 0.88827 0.05166 -0.02786 -0.45555
1468940976.593934059 0.10672 -0.02200 0.08885 0.88766 0.02383 -0.01268 -0.45971
1468940976.686064959 0.14919 -0.02842 0.08985 0.88734 0.01011 -0.00213 -0.46100
1468940976.824260950 0.15361 -0.03909 0.06794 0.89318 0.01581 0.01107 -0.44928
1468940976.916391850 0.14012 -0.04169 0.05792 0.89681 0.02364 0.02150 -0.44126
1468940977.008522034 0.12730 -0.03314 0.09576 0.89128 0.03872 0.01459 -0.45156
1468940977.100652933 0.12301 -0.01926 0.19307 0.86691 0.05287 -0.00382 -0.49563
1468940977.192783833 0.12837 -0.00454 0.30816 -0.83873 -0.05617 0.01267 0.54150
1468940977.284914017 0.13545 0.00666 0.38613 -0.81651 -0.05859 0.00286 0.57434
1468940977.423110008 0.14312 0.01492 0.34089 -0.81970 -0.05788 0.01179 0.56974
1468940977.515240908 0.14627 0.01096 0.19027 -0.85245 -0.04674 0.01582 0.52047
1468940977.607372046 0.14763 -0.01337 0.00907 0.88482 0.05264 -0.00299 -0.46294
1468940977.699502945 0.14723 -0.04312 -0.11635 0.92561 0.03045 -0.00631 -0.37720
1468940977.791632891 0.13385 -0.03763 -0.11780 0.93635 0.03909 -0.01082 -0.34872
1468940977.883764029 0.12307 0.00850 -0.00449 0.91829 0.04485 -0.03544 -0.39176
1468940978.021960020 0.10679 0.05839 0.22256 0.87047 0.07300 -0.03960 -0.48516
1468940978.114090919 0.09641 0.06722 0.30614 -0.83623 -0.08141 0.03485 0.54118
1468940978.206222057 0.08969 0.06358 0.29656 -0.83043 -0.08191 0.02418 0.55054
1468940978.298352003 0.09155 0.05260 0.18947 -0.84888 -0.07554 0.02184 0.52270
1468940978.390482903 0.09995 0.02073 0.01930 0.88492 0.06230 -0.00574 -0.46151
1468940978.482614040 0.10861 -0.03139 -0.13800 0.92807 0.04220 0.00633 -0.36995
1468940978.620810032 0.10640 -0.04869 -0.15918 0.94051 0.03173 0.00656 -0.33823
1468940978.712940931 0.10392 -0.00144 -0.03438 0.91358 0.03294 -0.01072 -0.40519
1468940978.805070877 0.10345 0.04264 0.13291 0.87674 0.03974 -0.02183 -0.47883
1468940978.897202015 0.10281 0.06525 0.27179 -0.83865 -0.03674 0.02564 0.54282
1468940978.989332914 0.10232 0.06794 0.33138 -0.80334 -0.03453 0.02692 0.59390
1468940979.081464052 0.10559 0.06135 0.29088 -0.81037 -0.03316 0.01656 0.58475
1468940979.219660044 0.11517 0.03336 0.05793 0.86951 0.01825 -0.00886 -0.49349
1468940979.311790943 0.12578 -0.02479 -0.12866 0.91991 0.00670 0.00913 -0.39197
1468940979.403920889 0.13217 -0.07231 -0.22063 0.94510 -0.00584 0.01722 -0.32626
1468940979.496052027 0.13042 -0.04833 -0.16840 0.93093 -0.00805 0.00902 -0.36500
1468940979.588182926 0.12334 0.01116 -0.01418 0.88921 0.00299 -0.00461 -0.45747
1468940979.680312872 0.11086 0.05537 0.16466 -0.85083 -0.03057 0.01374 0.52437
1468940979.818510056 0.09835 0.07377 0.31657 -0.81145 -0.03372 0.01644 0.58322
1468940979.910640001 0.09914 0.07190 0.30145 -0.81147 -0.02765 0.01629 0.58351
1468940980.002770901 0.10149 0.06410 0.19311 -0.83925 -0.02561 0.01113 0.54303
1468940980.094902039 0.10953 0.03208 0.02720 0.87565 0.01438 0.00520 -0.48270
1468940980.187031984 0.11959 -0.02886 -0.09953 0.91334 -0.00100 0.02122 -0.40665
1468940980.279162884 0.12950 -0.05901 -0.13244 0.92076 -0.01815 0.00902 -0.38960
1468940980.417358875 0.12925 -0.02387 -0.10857 0.91194 -0.01432 0.00426 -0.41005
1468940980.509490013 0.12622 0.01827 -0.08979 0.91003 -0.00601 0.00109 -0.41449
1468940980.601620913 0.12545 0.06275 -0.08242 0.90785 -0.00306 -0.00817 -0.41920
1468940980.693752050 0.12652 0.09450 -0.08439 0.90655 0.00445 -0.00669 -0.42201
1468940980.785881996 0.12913 0.10663 -0.08059 0.90831 0.00493 -0.01514 -0.41800
1468940980.878012896 0.13293 0.07683 -0.04133 0.90284 0.02169 -0.00804 -0.42936
1468940981.016208887 0.15356 -0.05070 0.08703 0.89202 0.03221 -0.03990 -0.44908
1468940981.108340025 0.16866 -0.17237 0.18519 0.87953 0.03800 -0.02535 -0.47364
1468940981.200470924 0.18467 -0.28035 0.26342 -0.85507 -0.01312 0.00511 0.51832
1468940981.292600870 0.19476 -0.33647 0.29239 -0.83147 0.00400 -0.06890 0.55127
1468940981.384732008 0.19780 -0.33281 0.27871 -0.84213 0.01750 -0.06169 0.53545
1468940981.476862907 0.19729 -0.26629 0.22829 -0.86336 0.01565 -0.04844 0.50201
1468940981.615058899 0.19196 -0.08259 0.10034 0.88538 -0.01202 0.00621 -0.46467
1468940981.707190037 0.18556 0.04485 -0.00004 0.87868 -0.00544 0.01948 -0.47698
1468940981.799319983 0.16760 0.12866 -0.06751 0.88502 0.01362 0.03539 -0.46400
1468940981.891450882 0.14917 0.15187 -0.07378 0.89691 0.01863 0.02659 -0.44103
1468940981.983582020 0.13865 0.10486 -0.00300 0.88502 0.01938 -0.01673 -0.46485
1468940982.075712919 0.14394 0.00426 0.09690 0.88219 0.02939 -0.03919 -0.46833
1468940982.213908911 0.17078 -0.16702 0.22642 0.86777 0.04509 -0.05338 -0.49202
1468940982.306038857 0.18523 -0.24864 0.27499 -0.84603 -0.03582 0.00727 0.53188
1468940982.398169994 0.19099 -0.28473 0.28856 -0.84458 -0.01847 -0.02135 0.53468
1468940982.490300894 0.19115 -0.26099 0.26466 -0.85484 -0.00704 -0.02300 0.51833
1468940982.582432032 0.18990 -0.18214 0.20293 0.87681 0.00202 0.01537 -0.48059
1468940982.674561977 0.18909 -0.06860 0.10815 0.89415 -0.00013 0.02017 -0.44731
1468940982.812757969 0.18089 0.09690 -0.04928 0.89884 0.01849 0.06342 -0.43328
1468940982.904888868 0.17104 0.16100 -0.12265 0.90860 0.01848 0.05023 -0.41423
1468940982.997020006 0.15561 0.16881 -0.13013 0.91773 0.00745 0.02398 -0.39640
1468940983.089150906 0.14287 0.12286 -0.07175 0.91792 0.02184 -0.00360 -0.39614
1468940983.181280851 0.14396 0.03159 0.01984 0.91993 0.04362 -0.02550 -0.38881
1468940983.273411989 0.15449 -0.07614 0.11408 0.91344 0.05758 -0.04747 -0.40008
1468940983.411607981 0.17660 -0.20110 0.21932 0.89211 0.05791 -0.04141 -0.44618
1468940983.503738880 0.18395 -0.24645 0.25127 0.88572 0.04936 -0.01462 -0.46135
1468940983.595870018 0.18539 -0.24983 0.24511 0.88307 0.04970 -0.00834 -0.46652
1468940983.687999964 0.18391 -0.20640 0.19871 0.89470 0.05293 -0.00889 -0.44343
1468940983.780130863 0.18247 -0.12605 0.12173 0.90428 0.04877 -0.00129 -0.42415
1468940983.872262001 0.18240 -0.02524 0.03204 0.90127 0.04915 0.01859 -0.43005
1468940984.010457993 0.17275 0.11716 -0.08593 0.89962 0.04613 0.02942 -0.43322
1468940984.102588892 0.16031 0.17110 -0.12474 0.90567 0.03461 0.00941 -0.42246
1468940984.194718838 0.14523 0.17299 -0.11091 0.90890 0.03748 0.00268 -0.41531
1468940984.286849976 0.13798 0.12383 -0.05280 0.90962 0.05217 -0.02904 -0.41113
1468940984.378980875 0.14260 0.03782 0.02708 0.90862 0.06810 -0.03891 -0.41020
1468940984.471112013 0.15271 -0.06073 0.10746 0.90331 0.07171 -0.05139 -0.41981
1468940984.609308004 0.16907 -0.18106 0.19312 0.88411 0.05397 -0.04724 -0.46175
1468940984.701438904 0.17055 -0.22690 0.21956 0.87753 0.04544 -0.02735 -0.47657
1468940984.793568850 0.16838 -0.23382 0.21867 0.87828 0.04709 -0.01742 -0.47550
1468940984.885699987 0.16735 -0.19340 0.18326 0.88309 0.04708 -0.01217 -0.46668
1468940984.977830887 0.16785 -0.10812 0.10715 0.88918 0.06465 0.00514 -0.45295
1468940985.069960833 0.17327 -0.00323 0.00956 0.89678 0.05228 0.01668 -0.43906
1468940985.208157063 0.17556 0.13550 -0.14038 0.90290 0.04063 0.04265 -0.42579
1468940985.300287962 0.16393 0.17508 -0.19075 0.90721 0.03848 0.03641 -0.41733
1468940985.392418861 0.14941 0.16962 -0.18635 0.90808 0.04132 0.02286 -0.41613
1468940985.484549999 0.13687 0.11954 -0.13446 0.90347 0.05320 0.00826 -0.42526
1468940985.576679945 0.13200 0.03246 -0.05945 0.90198 0.06299 -0.00255 -0.42715
1468940985.668810844 0.13299 -0.05992 0.00856 0.90142 0.06525 -0.03195 -0.42681
1468940985.807006836 0.14312 -0.12842 0.05138 0.90036 0.06201 -0.03257 -0.42948
1468940985.899137974 0.15993 -0.12283 0.04628 0.89997 0.03442 -0.01443 -0.43436
1468940985.991268873 0.16386 -0.10012 0.02168 0.89942 0.00352 0.00496 -0.43705
1468940986.083399057 0.12121 -0.07781 -0.00347 0.90276 0.01755 0.00641 -0.42974
1468940986.175529957 0.04582 -0.06538 -0.00543 0.90376 0.06468 -0.03470 -0.42171
1468940986.267660856 -0.02178 -0.05679 0.04276 0.88683 0.11878 -0.06783 -0.44140
1468940986.405856848 -0.04729 -0.02241 0.17504 -0.84221 -0.15058 0.08953 0.50989
1468940986.497987986 -0.00393 0.01060 0.25253 -0.82007 -0.12434 0.06826 0.55441
1468940986.590118885 0.06786 0.03980 0.29583 -0.81019 -0.06110 0.03787 0.58174
1468940986.682248831 0.12602 0.05478 0.27728 -0.80788 -0.01397 0.04962 0.58709
1468940986.774379969 0.15208 0.05458 0.19044 -0.82755 -0.01326 0.03936 0.55986
1468940986.866510868 0.17463 0.04210 0.06261 -0.85380 -0.00921 0.04575 0.51851
1468940987.004706860 0.24428 -0.00787 -0.12541 0.90611 -0.01862 -0.02226 -0.42204
1468940987.096837044 0.32554 -0.04611 -0.19728 0.93258 -0.06408 0.00738 -0.35514
1468940987.188967943 0.42004 -0.06146 -0.19024 0.93173 -0.11440 0.05261 -0.34063
1468940987.281098843 0.49919 -0.04603 -0.10864 0.90485 -0.15091 0.10070 -0.38514
1468940987.373229980 0.54092 -0.01860 0.01584 0.86511 -0.14658 0.13731 -0.45961
1468940987.465359926 0.53170 0.02853 0.13125 -0.83856 0.10151 -0.15297 0.51294
1468940987.603556871 0.45774 0.08652 0.15973 -0.81974 0.03749 -0.14808 0.55199
1468940987.695687056 0.39984 0.09777 0.05778 -0.84779 0.03410 -0.12915 0.51323
1468940987.787817955 0.32626 0.08514 -0.08789 0.88849 -0.03452 0.09976 -0.44659
1468940987.879948854 0.22352 0.06946 -0.17491 0.92067 -0.02925 0.05886 -0.38477
1468940987.972079039 0.11402 0.09469 -0.14781 0.91999 0.00858 0.02831 -0.39082
1468940988.064209938 0.02011 0.14507 -0.03119 0.88702 0.04386 0.00261 -0.45963
1468940988.202405930 -0.11124 0.17609 0.15901 -0.82237 -0.09799 0.01741 0.56018
1468940988.294536829 -0.18570 0.17343 0.21697 -0.80209 -0.12101 0.04878 0.58277
1468940988.386667967 -0.24164 0.16028 0.19895 -0.80292 -0.13854 0.08122 0.57405
1468940988.478797913 -0.26576 0.14836 0.10980 -0.83088 -0.14336 0.08910 0.53024
1468940988.570929050 -0.24516 0.13389 -0.01866 0.86420 0.12149 -0.08385 -0.48101
1468940988.663059950 -0.17572 0.10788 -0.14649 0.90065 0.07924 -0.07636 -0.42039
1468940988.801255941 -0.01391 0.06269 -0.24892 0.93446 0.00723 -0.02472 -0.35514
1468940988.893386841 0.11804 0.06839 -0.22945 0.93091 -0.07121 0.01474 -0.35795
1468940988.985517979 0.23053 0.10087 -0.14457 0.90519 -0.11931 0.05049 -0.40477
1468940989.077647924 0.30844 0.12948 -0.03016 0.87716 -0.13390 0.06986 -0.45583
1468940989.169779062 0.33938 0.15390 0.06301 -0.85437 0.12055 -0.06773 0.50092
1468940989.261909962 0.29646 0.17687 0.12191 -0.83923 0.08462 -0.04581 0.53520
1468940989.400105953 0.13176 0.19182 0.13898 -0.83955 -0.01366 0.02268 0.54264
1468940989.492236853 0.02416 0.19043 0.12990 -0.84503 -0.06200 0.07808 0.52535
1468940989.584367037 -0.03872 0.18704 0.12830 -0.84307 -0.10131 0.11295 0.51596
1468940989.676497936 -0.02170 0.19330 0.15837 -0.84387 -0.10987 0.12208 0.51079
1468940989.768628836 0.05796 0.20412 0.22983 -0.83810 -0.09867 0.09368 0.52827
1468940989.860759020 0.16681 0.20462 0.30910 -0.81032 -0.06767 0.05711 0.57926
1468940989.998955965 0.34775 0.20317 0.34942 -0.79415 -0.01055 0.02396 0.60716
1468940990.091085911 0.45196 0.19762 0.29328 -0.79467 0.02961 -0.01489 0.60614
1468940990.183217049 0.53670 0.18769 0.16878 -0.80335 0.05958 -0.04230 0.59100
1468940990.275347948 0.60434 0.15617 0.00079 -0.82797 0.09010 -0.05823 0.55042
1468940990.367478848 0.63311 0.09371 -0.15899 0.86731 -0.12859 0.07657 -0.47474
1468940990.459609032 0.61469 0.03101 -0.24245 0.89250 -0.16022 0.07712 -0.41452
1468940990.597805023 0.55554 -0.02078 -0.19033 0.90536 -0.16331 0.02374 -0.39127
1468940990.689935923 0.54002 -0.06585 -0.07787 0.90178 -0.14362 -0.02624 -0.40679
1468940990.782067060 0.53921 -0.13314 0.05983 0.89993 -0.11164 0.00078 -0.42150
1468940990.874197960 0.53327 -0.19250 0.17197 0.88497 -0.11075 0.02173 -0.45176
1468940990.966327906 0.50956 -0.21858 0.22585 0.86982 -0.10790 0.07219 -0.47598
1468940991.058459044 0.47376 -0.19452 0.22097 0.86180 -0.10204 0.10004 -0.48670
1468940991.196655035 0.40428 -0.07017 0.13779 0.86390 -0.07956 0.08995 -0.48914
1468940991.288785934 0.35859 0.04729 0.06127 -0.85771 0.06118 -0.07736 0.50459
1468940991.380916834 0.31503 0.16058 -0.00547 -0.85191 0.05075 -0.06692 0.51690
1468940991.473047018 0.27148 0.23818 -0.04873 -0.85989 0.04534 -0.04440 0.50651
1468940991.565177917 0.22905 0.25967 -0.04262 0.87159 -0.03809 0.02450 -0.48814
1468940991.657309055 0.18962 0.21266 0.02419 -0.86381 0.00740 -0.00062 0.50376
1468940991.795505047 0.16448 0.05659 0.16120 -0.86339 -0.02503 0.02673 0.50321
1468940991.887635946 0.16558 -0.05453 0.23507 -0.85437 -0.02423 0.01992 0.51871
1468940991.979765892 0.16582 -0.12919 0.27216 -0.84118 -0.01348 -0.00234 0.54058
1468940992.071897030 0.16180 -0.15120 0.27318 -0.83407 0.00578 -0.01492 0.55143
1468940992.164027929 0.14743 -0.11002 0.23795 -0.84496 0.00993 -0.02479 0.53416
1468940992.256158829 0.13022 -0.01593 0.17757 -0.84878 0.00763 -0.01100 0.52857
1468940992.394355059 0.09771 0.16086 0.06559 -0.84702 -0.00749 -0.02196 0.53105
1468940992.486485004 0.06981 0.24893 -0.00585 -0.85697 -0.01699 -0.02239 0.51459
1468940992.578615904 0.03879 0.28804 -0.05034 0.87016 0.03823 0.03715 -0.48987
1468940992.670747042 0.00351 0.27923 -0.02307 0.87378 0.04395 0.01056 -0.48421
1468940992.762877941 -0.02191 0.24309 0.07175 0.86991 0.06745 0.00739 -0.48851
1468940992.855007887 -0.03187 0.20334 0.20354 -0.85992 -0.08565 0.02859 0.50238
1468940992.993204832 -0.03742 0.15728 0.40428 -0.80983 -0.09123 0.05737 0.57667
1468940993.085335016 -0.04192 0.15081 0.47102 -0.78814 -0.09350 0.03863 0.60712
1468940993.177465916 -0.04394 0.15075 0.44117 -0.79358 -0.08001 0.05276 0.60087
1468940993.269597054 -0.04480 0.15385 0.30476 -0.81386 -0.07575 0.03656 0.57494
1468940993.361726999 -0.04450 0.14237 0.08491 -0.85134 -0.07625 0.01041 0.51893
1468940993.453857899 -0.04298 0.09520 -0.11993 0.89891 0.07067 -0.00933 -0.43230
1468940993.592053890 -0.04953 0.05613 -0.18341 0.92249 0.05978 -0.00986 -0.38124
1468940993.684185028 -0.05549 0.09554 -0.04647 0.88628 0.05313 -0.03306 -0.45891
1468940993.776315928 -0.06059 0.12158 0.15561 -0.83178 -0.05454 0.06519 0.54856
1468940993.868445873 -0.05834 0.11534 0.32523 -0.78400 -0.06535 0.08084 0.61200
1468940993.960577011 -0.04279 0.10557 0.39889 -0.75878 -0.06522 0.08860 0.64199
1468940994.052707911 -0.02208 0.10810 0.35603 -0.76716 -0.05317 0.07577 0.63474
1468940994.190903902 0.00925 0.11208 0.07290 -0.82667 -0.03680 0.06811 0.55734
1468940994.283035040 0.04176 0.06519 -0.13761 0.89956 0.01672 -0.04443 -0.43420
1468940994.375164986 0.08191 0.03328 -0.20723 0.92630 0.00929 -0.03940 -0.37460
1468940994.467295885 0.13387 0.07224 -0.12801 0.91164 -0.00994 -0.04175 -0.40874
1468940994.559427023 0.18328 0.12348 0.05806 -0.86296 0.00663 0.04369 0.50333
1468940994.651557922 0.22257 0.14002 0.25415 -0.81969 -0.01698 0.03426 0.57154
1468940994.789753914 0.26911 0.13923 0.39895 -0.77502 -0.03976 0.03245 0.62985
1468940994.881883860 0.30227 0.15383 0.33684 -0.78721 -0.04120 0.03945 0.61405
1468940994.974014997 0.34233 0.16435 0.14275 -0.82341 -0.02664 0.04731 0.56485
1468940995.066145897 0.37579 0.13575 -0.10524 0.88242 0.00537 -0.03768 -0.46892
1468940995.158277035 0.41405 0.08735 -0.24636 0.93456 -0.03966 -0.05319 -0.34955
1468940995.250406981 0.45857 0.09563 -0.21005 0.92930 -0.05033 -0.05491 -0.36173
1468940995.388602972 0.50644 0.16090 0.06556 -0.84932 0.00957 0.03357 0.52673
1468940995.480733871 0.52730 0.16376 0.24284 -0.80513 -0.01645 0.02665 0.59227
1468940995.572865009 0.54081 0.15734 0.32165 -0.78418 -0.04044 0.02188 0.61883
1468940995.664995909 0.56455 0.15436 0.26972 -0.78749 -0.03138 0.01384 0.61537
1468940995.757125854 0.59198 0.13284 0.09506 -0.81602 0.01887 -0.00083 0.57772
1468940995.849256992 0.61794 0.09858 -0.08791 -0.85229 0.08355 0.00331 0.51634
1468940995.987452984 0.64546 0.04403 -0.21792 0.89036 -0.17520 0.01108 -0.42004
1468940996.079583883 0.63997 0.06187 -0.16571 0.88100 -0.17555 0.02679 -0.43852
1468940996.171715021 0.58848 0.11251 -0.02455 -0.85122 0.12910 -0.05583 0.50561
1468940996.263844967 0.47697 0.15677 0.12311 -0.82249 0.07187 -0.06396 0.56059
1468940996.355975866 0.31738 0.18699 0.21113 -0.79960 0.01613 -0.02746 0.59969
1468940996.448107004 0.14008 0.20504 0.21751 -0.79243 -0.05157 0.02147 0.60740
1468940996.586302996 -0.07126 0.20286 0.10881 -0.81108 -0.11710 0.11181 0.56208
1468940996.678433895 -0.13038 0.18726 0.00054 -0.83244 -0.13545 0.12507 0.52254
1468940996.770563841 -0.09935 0.18051 -0.06502 0.85049 0.10922 -0.12740 -0.49851
1468940996.862694979 0.00568 0.19311 -0.06604 -0.84854 -0.06577 0.09633 0.51611
1468940996.954825878 0.15455 0.20462 -0.04850 -0.84161 -0.02201 0.04186 0.53800
1468940997.046957016 0.31651 0.18445 -0.02711 -0.84200 0.02100 -0.01734 0.53878
1468940997.185153008 0.48827 0.12256 0.00347 -0.84487 0.08639 -0.10788 0.51681
1468940997.277283907 0.50601 0.10294 -0.00576 -0.84373 0.10663 -0.12537 0.51091
1468940997.369413853 0.45377 0.09865 -0.06317 -0.85178 0.09693 -0.08425 0.50791
1468940997.461544991 0.32303 0.09952 -0.13250 0.86883 -0.04607 0.05232 -0.49019
1468940997.553675890 0.17605 0.09912 -0.13366 0.86786 0.00749 -0.00695 -0.49671
1468940997.645805836 0.06937 0.12274 -0.04418 -0.84551 -0.05060 0.04667 0.52950
1468940997.784003019 -0.00779 0.16095 0.19846 -0.79117 -0.08911 0.07480 0.60043
1468940997.876132965 -0.04308 0.16421 0.33343 -0.76956 -0.09776 0.08276 0.62559
1468940997.968263865 -0.07202 0.16135 0.37629 -0.73052 -0.09387 0.07321 0.67243
1468940998.060395002 -0.10043 0.16746 0.29670 -0.75241 -0.09192 0.08227 0.64704
1468940998.152525902 -0.11265 0.17229 0.09766 -0.80507 -0.07876 0.07084 0.58364
1468940998.244655848 -0.10897 0.12947 -0.13506 0.86814 0.07333 -0.05296 -0.48800
1468940998.382851839 -0.10081 0.06940 -0.26110 0.92014 0.07118 -0.03472 -0.38349
1468940998.474982977 -0.09097 0.12291 -0.12945 0.88076 0.05351 -0.04035 -0.46880
1468940998.567113876 -0.05049 0.16998 0.08402 -0.80850 -0.03828 0.05532 0.58464
1468940998.659245014 -0.01373 0.17586 0.25661 -0.76577 -0.03810 0.06428 0.63876
1468940998.751374960 0.02465 0.16982 0.31548 -0.73798 -0.03478 0.05665 0.67154
1468940998.843505859 0.06814 0.16900 0.23787 -0.76913 -0.02989 0.05413 0.63609
1468940998.981701851 0.14400 0.14065 -0.09871 0.86560 0.01015 -0.04136 -0.49893
1468940999.073832989 0.20276 0.06853 -0.28057 0.92738 -0.00461 -0.02262 -0.37340
1468940999.165963888 0.26176 0.06066 -0.28040 0.93310 -0.02210 -0.03006 -0.35767
1468940999.258093834 0.32577 0.11616 -0.13915 0.88368 -0.02045 -0.02617 -0.46691
1468940999.350224972 0.39225 0.14683 0.01406 -0.83482 -0.00074 0.01868 0.55020
1468940999.442355871 0.46513 0.15045 0.07269 -0.80773 0.00275 0.00134 0.58954
1468940999.580551863 0.62848 0.10320 0.02357 -0.80173 0.11201 -0.06349 0.58366
1468940999.672683001 0.66124 0.08007 -0.02460 -0.81627 0.18037 -0.09033 0.54130
1468940999.764812946 0.55214 0.08847 -0.08279 -0.83586 0.13082 -0.06594 0.52903
1468940999.856943846 0.37421 0.10424 -0.14197 -0.85490 0.03614 -0.02036 0.51714
1468940999.949074984 0.20869 0.11377 -0.12704 -0.85899 -0.05550 0.06801 0.50442
1468941000.041205883 0.12009 0.14062 -0.00695 -0.81265 -0.10654 0.10695 0.56285
1468941000.179401875 0.08390 0.18528 0.16633 -0.76676 -0.09030 0.10856 0.62621
1468941000.271532059 0.02403 0.19919 0.19403 -0.75168 -0.10674 0.09910 0.64324
1468941000.363662958 -0.05482 0.20376 0.11148 -0.75950 -0.12739 0.11999 0.62653
1468941000.455793858 -0.06516 0.18531 -0.05135 -0.82249 -0.08530 0.14352 0.54373
1468941000.547924995 0.01211 0.12940 -0.18386 0.87439 0.01551 -0.11343 -0.47152
1468941000.640054941 0.10791 0.05482 -0.19176 0.88765 -0.01528 -0.05520 -0.45694
1468941000.778250933 0.23943 -0.04138 -0.04887 0.88058 -0.04927 -0.01473 -0.47110
1468941000.870381832 0.30110 -0.07798 0.04937 -0.85694 0.07152 -0.00102 0.51043
1468941000.962512970 0.34530 -0.06408 0.09759 -0.83944 0.06752 -0.01243 0.53910
1468941001.054643869 0.38398 0.03382 0.09969 -0.82288 0.05420 -0.01538 0.56541
1468941001.146774054 0.41265 0.18774 0.05497 -0.81701 0.04620 -0.01556 0.57456
1468941001.238904953 0.42711 0.32656 -0.01886 -0.82814 0.03857 -0.01837 0.55889
1468941001.377100945 0.42834 0.37484 -0.05274 -0.85138 0.01134 -0.03246 0.52342
1468941001.469231844 0.43456 0.28292 0.01155 -0.83689 0.00418 -0.01493 0.54716
1468941001.561362982 0.44286 0.12892 0.09416 -0.83278 0.00496 -0.00329 0.55357
1468941001.653492928 0.45453 -0.02069 0.15778 -0.83725 0.02334 0.00378 0.54631
1468941001.745623827 0.46008 -0.13188 0.17464 -0.82899 0.04789 0.00129 0.55721
1468941001.837754965 0.44470 -0.17521 0.15492 -0.83578 0.06642 -0.06369 0.54130
1468941001.975950956 0.38227 -0.08572 0.07103 -0.83624 0.02447 -0.06233 0.54427
1468941002.068081856 0.32553 0.05168 -0.02176 -0.84530 0.01441 -0.03299 0.53308
1468941002.160212040 0.26146 0.16985 -0.10330 -0.84923 0.00633 -0.04438 0.52612
1468941002.252342939 0.18219 0.17755 -0.10171 0.86933 0.02188 0.06314 -0.48970
1468941002.344473839 0.09978 0.08944 -0.02371 -0.85500 -0.04569 -0.03146 0.51565
1468941002.436604977 0.03089 -0.01228 0.05296 -0.85961 -0.05461 0.01575 0.50777
1468941002.574800968 -0.04636 -0.03783 0.12925 -0.84156 -0.09750 0.05806 0.52811
1468941002.666930914 -0.08831 0.05445 0.12452 -0.83856 -0.11601 0.06146 0.52876
1468941002.759062052 -0.12006 0.18267 0.06209 -0.82699 -0.11117 0.05337 0.54853
1468941002.851192951 -0.13965 0.26593 -0.02696 -0.85357 -0.11198 0.03898 0.50731
1468941002.943323851 -0.12939 0.26773 -0.09798 -0.85504 -0.11517 0.05387 0.50273
1468941003.035454035 -0.07388 0.20568 -0.15859 -0.85632 -0.09922 0.06982 0.50199
1468941003.173650026 0.09952 0.07799 -0.18705 0.88222 0.02897 -0.04156 -0.46810
1468941003.265780926 0.24213 0.01817 -0.12089 0.87734 -0.01849 0.02836 -0.47867
1468941003.357912064 0.36114 -0.01264 0.00506 -0.83711 0.09576 -0.07973 0.53265
1468941003.450042963 0.40094 -0.01366 0.14672 -0.77752 0.11941 -0.12816 0.60397
1468941003.542172909 0.35811 0.03180 0.24503 -0.74966 0.08769 -0.11017 0.64667
1468941003.634304047 0.26536 0.11760 0.24861 -0.73569 0.00611 -0.06659 0.67401
1468941003.772500038 0.12040 0.23980 0.06105 -0.77339 -0.05568 0.01032 0.63140
1468941003.864630938 0.04369 0.27080 -0.10459 -0.80395 -0.08316 0.04889 0.58682
1468941003.956761837 0.02877 0.25917 -0.23264 -0.83006 -0.06954 0.10088 0.54405
1468941004.048892021 0.10605 0.21957 -0.32300 -0.83745 -0.05538 0.09438 0.53544
1468941004.141022921 0.25166 0.15398 -0.40515 -0.85945 -0.00425 0.06588 0.50694
1468941004.233154058 0.40889 0.06596 -0.46664 0.88921 -0.06308 0.00160 -0.45313
1468941004.371350050 0.52669 -0.01220 -0.42346 0.89556 -0.15775 0.10100 -0.40359
1468941004.463480949 0.48138 0.03023 -0.31336 0.88644 -0.13755 0.14874 -0.41616
1468941004.555610895 0.36296 0.11176 -0.15542 0.87326 -0.10119 0.11644 -0.46219
1468941004.647742033 0.22583 0.18101 0.03037 -0.85147 0.04442 -0.02992 0.52167
1468941004.739872932 0.10966 0.21766 0.21354 -0.82172 -0.00420 0.05269 0.56744
1468941004.832003832 0.02869 0.24192 0.34221 -0.79803 -0.04278 0.07037 0.59697
1468941004.970200062 -0.03377 0.26830 0.39392 -0.80397 -0.06569 0.07107 0.58674
1468941005.062330961 -0.03209 0.27180 0.33466 -0.80529 -0.06733 0.07024 0.58484
1468941005.154460907 0.02085 0.27155 0.20618 -0.82155 -0.05918 0.05588 0.56429
1468941005.246592045 0.12763 0.25938 0.02800 -0.84563 -0.03596 0.05076 0.53013
1468941005.338722944 0.27285 0.21362 -0.16596 0.87618 -0.00042 0.00173 -0.48198
1468941005.430852890 0.42774 0.12346 -0.32495 0.90533 -0.05710 0.06035 -0.41649
1468941005.569049835 0.57271 -0.01158 -0.43799 0.93022 -0.11935 0.12383 -0.32421
1468941005.661180019 0.58250 -0.02731 -0.43712 0.93237 -0.14727 0.14127 -0.29841
1468941005.753310919 0.52720 0.03134 -0.38927 0.93094 -0.12927 0.11353 -0.32209
1468941005.845442057 0.39684 0.14014 -0.28877 0.92276 -0.08104 0.07324 -0.36956
1468941005.937572002 0.23655 0.23870 -0.12714 0.89228 -0.02992 -0.01017 -0.45038
1468941006.029702902 0.10917 0.29674 0.05145 0.86522 0.02448 -0.06905 -0.49600
1468941006.167898893 0.01820 0.32069 0.23841 -0.81795 -0.06757 0.08668 0.56470
1468941006.260030031 -0.00781 0.30066 0.25122 -0.80092 -0.08056 0.07324 0.58879
1468941006.352160931 -0.02216 0.25978 0.14924 -0.81494 -0.09508 0.05859 0.56868
1468941006.444290876 -0.02783 0.18285 -0.05070 -0.85110 -0.11133 0.06316 0.50917
1468941006.536422014 -0.02453 0.06476 -0.26716 0.90128 0.12311 -0.06384 -0.41044
1468941006.628552914 -0.01011 -0.03677 -0.39901 0.93814 0.11426 -0.07181 -0.31889
1468941006.766748905 0.05910 -0.01451 -0.37088 0.94254 0.07738 -0.08637 -0.31334
1468941006.858880043 0.16456 0.10799 -0.22937 0.91455 0.06009 -0.06329 -0.39495
1468941006.951010942 0.28699 0.20424 -0.03026 -0.86380 -0.05046 0.01575 0.50106
1468941007.043140888 0.35097 0.25417 0.13155 -0.82226 -0.07974 -0.02828 0.56278
1468941007.135272026 0.36280 0.26632 0.19264 -0.79391 -0.08306 -0.05697 0.59963
1468941007.227402925 0.36255 0.24472 0.13731 -0.79618 -0.07228 -0.03349 0.59979
1468941007.365598917 0.36664 0.17417 -0.14798 -0.85189 -0.07222 -0.00736 0.51866
1468941007.457730055 0.40365 0.07077 -0.32929 0.90125 0.03828 0.00176 -0.43160
1468941007.549860001 0.43108 -0.02804 -0.41441 0.94305 -0.02523 0.03696 -0.32963
1468941007.641990900 0.40808 -0.05215 -0.41194 0.95265 -0.03528 0.06184 -0.29561
1468941007.734122038 0.32639 0.01071 -0.33351 0.94211 -0.02503 0.06914 -0.32713
1468941007.826251984 0.21795 0.11775 -0.17324 0.91501 0.00317 0.00689 -0.40335
1468941007.964448929 0.10249 0.20924 0.13141 -0.85514 -0.04227 0.06978 0.51194
1468941008.056578875 0.06550 0.22491 0.26495 -0.81693 -0.06919 0.06813 0.56850
1468941008.148710012 0.04575 0.21850 0.28927 -0.80222 -0.08198 0.07001 0.58721
1468941008.240840912 0.04610 0.19959 0.18584 -0.81289 -0.08356 0.06418 0.57280
1468941008.332972050 0.06500 0.16181 -0.03224 -0.86043 -0.08139 0.04873 0.50066
1468941008.425101995 0.09246 0.07956 -0.25521 0.91602 0.08016 -0.03215 -0.39171
1468941008.563297987 0.12478 0.00680 -0.36330 0.95578 0.04820 -0.02689 -0.28887
1468941008.655428886 0.13569 0.07134 -0.27861 0.93934 0.03682 -0.04363 -0.33820
1468941008.747560024 0.15246 0.15825 -0.11919 0.89659 0.04129 -0.06140 -0.43664
1468941008.839690924 0.16938 0.20780 0.02376 0.86708 0.05365 -0.07671 -0.48929
1468941008.931820869 0.19447 0.22134 0.07519 -0.84894 -0.06479 0.06462 0.52050
1468941009.023952007 0.22725 0.20487 -0.00332 -0.85282 -0.06621 0.05438 0.51512
1468941009.162147999 0.29939 0.10625 -0.27567 0.91310 0.04478 -0.02617 -0.40443
1468941009.254278898 0.35408 0.03699 -0.35886 0.94862 -0.00645 -0.01705 -0.31589
1468941009.346410036 0.39975 0.07136 -0.29163 0.93981 -0.02318 -0.01378 -0.34062
1468941009.438539982 0.43392 0.15231 -0.14056 0.90596 -0.01135 -0.00738 -0.42314
1468941009.530670881 0.46141 0.20952 0.02217 -0.86538 0.00284 0.00687 0.50106
1468941009.622802019 0.48038 0.23726 0.12337 -0.85448 -0.01996 -0.00115 0.51910
1468941009.760998011 0.51085 0.22853 0.06539 -0.86127 -0.04921 -0.03009 0.50486
1468941009.853128910 0.54360 0.16660 -0.12249 0.88563 0.01695 0.02143 -0.46358
1468941009.945258856 0.58442 0.06744 -0.30179 0.92512 -0.04370 0.01326 -0.37691
1468941010.037389994 0.63711 -0.00626 -0.36939 0.94525 -0.11547 0.03428 -0.30331
1468941010.129520893 0.67846 -0.01150 -0.32306 0.93622 -0.15763 0.07794 -0.30425
1468941010.221652031 0.67886 0.03584 -0.22267 0.91361 -0.16169 0.10127 -0.35905
1468941010.359848022 0.53069 0.12955 -0.09361 0.90338 -0.11019 0.09418 -0.40359
1468941010.451977968 0.33645 0.17136 -0.04955 0.90846 -0.03281 0.03138 -0.41551
1468941010.544108868 0.14981 0.18477 0.00842 0.89880 0.02417 -0.05795 -0.43385
1468941010.636240005 0.03656 0.17544 0.12264 0.87508 0.07301 -0.07961 -0.47176
1468941010.728370905 -0.01015 0.15835 0.24191 -0.85421 -0.09130 0.07647 0.50610
1468941010.820500851 -0.02724 0.14225 0.29066 -0.82739 -0.08916 0.07584 0.54930
1468941010.958696842 -0.02346 0.13387 0.15403 -0.84851 -0.08497 0.04918 0.51999
1468941011.050827980 0.00255 0.10122 -0.04851 0.88393 0.08676 -0.03350 -0.45828
1468941011.142958879 0.03505 0.02140 -0.23328 0.92201 0.08513 -0.01552 -0.37737
1468941011.235090017 0.05681 -0.03197 -0.30969 0.94507 0.07211 -0.01004 -0.31866
1468941011.327219963 0.06023 0.00609 -0.25212 0.93564 0.05698 -0.01986 -0.34776
1468941011.419350863 0.06752 0.10302 -0.09854 0.90353 0.05579 -0.03451 -0.42347
1468941011.557546854 0.09333 0.19690 0.17948 -0.84326 -0.06511 0.05329 0.53088
1468941011.649677992 0.12628 0.22225 0.29257 -0.81633 -0.06912 0.04707 0.57150
1468941011.741808891 0.16743 0.24034 0.29349 -0.80378 -0.06115 0.05423 0.58928
1468941011.833938837 0.20984 0.24976 0.15798 -0.83254 -0.05545 0.04367 0.54945
1468941011.926069975 0.25842 0.21508 -0.08320 0.88201 0.05022 -0.01270 -0.46837
1468941012.018200874 0.32269 0.12776 -0.29461 0.93714 0.02310 0.00088 -0.34819
1468941012.156396866 0.40073 0.10801 -0.30965 0.94778 -0.03777 -0.00456 -0.31664
1468941012.248528004 0.43210 0.19728 -0.15362 0.90960 -0.03028 0.00474 -0.41436
1468941012.340657949 0.44802 0.26379 0.05400 0.86710 -0.00597 0.00364 -0.49809
1468941012.432788849 0.46501 0.29613 0.22069 -0.82856 -0.01494 -0.02064 0.55931
1468941012.524919987 0.48741 0.30106 0.29401 -0.80470 -0.01609 -0.02837 0.59279
1468941012.617050886 0.51678 0.29052 0.25273 -0.80880 -0.01377 -0.03286 0.58701
1468941012.755246878 0.56014 0.22500 -0.02983 0.87057 -0.00503 0.03677 -0.49065
1468941012.847377062 0.58669 0.12470 -0.26152 0.91838 -0.04729 0.02746 -0.39190
1468941012.939507961 0.61448 0.02139 -0.38278 0.94183 -0.09963 0.02280 -0.32017
1468941013.031638861 0.65018 -0.02504 -0.38449 0.93350 -0.16154 0.03329 -0.31840
1468941013.123769999 0.67435 -0.02497 -0.32419 0.91236 -0.19308 0.06671 -0.35479
1468941013.215899944 0.64667 0.00494 -0.26155 0.89914 -0.18378 0.09664 -0.38526
1468941013.354095936 0.47600 0.08107 -0.18672 0.89280 -0.10869 0.08076 -0.42962
1468941013.446226835 0.30812 0.12482 -0.11509 0.88148 -0.03856 0.02832 -0.46980
1468941013.538357973 0.18000 0.16027 -0.01315 -0.86451 -0.01427 0.02331 0.50188
1468941013.630488873 0.11077 0.17994 0.12522 -0.83070 -0.05376 0.03407 0.55307
1468941013.722619057 0.08008 0.17942 0.23565 -0.80710 -0.06900 0.03584 0.58527
1468941013.814749956 0.07733 0.17381 0.24922 -0.79167 -0.06431 0.03079 0.60677
1468941013.952945948 0.09099 0.15562 0.02264 -0.83971 -0.07018 0.02139 0.53806
1468941014.045076847 0.10118 0.08094 -0.21480 0.89874 0.08907 0.00505 -0.42932
1468941014.137207985 0.10934 0.00067 -0.33849 0.94014 0.06942 -0.00604 -0.33358
1468941014.229337931 0.09806 -0.00483 -0.32573 0.93717 0.07432 -0.02588 -0.33987
1468941014.321468830 0.10493 0.03215 -0.25976 0.91162 0.07903 -0.05691 -0.39933
1468941014.413599968 0.20988 0.07086 -0.21154 0.89448 0.05611 -0.06720 -0.43846
1468941014.551795959 0.47937 0.08977 -0.15358 0.88044 -0.05414 0.08495 -0.46333
1468941014.643926859 0.50971 0.08469 -0.15287 0.87101 -0.12619 0.10819 -0.46229
1468941014.736057043 0.33086 0.09997 -0.17522 0.87909 -0.00382 0.00991 -0.47654
1468941014.828187943 0.17439 0.09104 -0.16321 0.86935 0.08868 -0.09091 -0.47760
1468941014.920318842 0.20114 0.09684 -0.13374 0.85747 0.08791 -0.08977 -0.49896
1468941015.012449980 0.39005 0.10816 -0.11730 -0.86226 0.00794 0.01004 0.50631
1468941015.150645971 0.60039 0.06581 -0.10308 0.85967 -0.13594 0.17178 -0.46149
1468941015.242776871 0.47419 0.06722 -0.13623 0.87036 -0.09839 0.12776 -0.46526
1468941015.334907055 0.25000 0.06903 -0.19785 0.88982 0.03576 0.02161 -0.45440
1468941015.427037954 0.16295 0.06154 -0.18819 0.89453 0.04807 -0.06508 -0.43962
1468941015.519168854 0.28414 0.06781 -0.12518 0.86742 -0.01221 -0.01648 -0.49715
1468941015.611299038 0.47461 0.05009 -0.07621 -0.84596 0.08501 -0.12773 0.51069
1468941015.749495983 0.48092 0.02085 -0.10700 0.84813 -0.15521 0.14884 -0.48417
1468941015.841625929 0.26698 0.03422 -0.17668 0.88408 -0.00374 0.04049 -0.46556
1468941015.933756828 0.14381 0.03086 -0.13835 0.88969 0.03112 -0.04780 -0.45299
1468941016.025887966 0.13612 0.04710 0.02947 -0.84418 -0.06147 0.02789 0.53180
1468941016.118017912 0.14091 0.04357 0.16877 -0.76407 -0.04788 0.00592 0.64333
1468941016.210149050 0.13451 0.03768 0.08298 -0.78835 -0.04235 0.01211 0.61365
1468941016.348345041 0.15040 -0.04545 -0.26339 0.92316 0.03121 0.01305 -0.38292
1468941016.440475941 0.13459 -0.02032 -0.20322 0.91264 0.04470 0.00201 -0.40630
1468941016.532606840 0.12698 0.05693 0.04484 -0.81800 -0.05287 0.01226 0.57266
1468941016.624737978 0.13381 0.06718 0.17989 -0.74756 -0.04263 0.02205 0.66245
1468941016.716867924 0.14772 0.05631 0.02508 -0.81170 -0.02420 0.00872 0.58350
1468941016.808999062 0.16820 -0.02701 -0.25402 0.93144 0.01584 0.01863 -0.36307
1468941016.947195053 0.16121 0.02685 -0.13580 0.89932 0.04045 0.00657 -0.43538
1468941017.039325953 0.16484 0.09613 0.11523 -0.78443 -0.04168 0.00698 0.61877
1468941017.131456852 0.16755 0.10517 0.17600 -0.74476 -0.03079 0.02280 0.66623
